1_data_1000
method                    1e-1            1e-2            1e-3            1e-4            1e-5            1e-6
2_neal             6.90000e-01     6.90000e-01     6.90000e-01     6.90000e-01     6.90000e-01     6.90000e-01
3_PyTorch          3.74000e-01     4.50000e-01     9.00000e-01     1.44700e+00     1.89400e+00     2.12700e+00
4_PyTorch          4.74000e-01     5.66000e-01     1.09100e+00     1.75400e+00     2.20500e+00     2.46800e+00
5_JAX              1.54000e-01     2.08000e-01     2.03000e-01     3.00000e-01     4.32000e-01     5.25000e-01
6_SciPy            1.20000e-02     1.20000e-02     1.30000e-02     1.60000e-02     1.90000e-02     2.30000e-02

2_data_6000
method                    1e-1            1e-2            1e-3            1e-4            1e-5            1e-6
2_neal             6.74430e+01     6.74430e+01     6.74430e+01     6.74430e+01     6.74430e+01     6.74430e+01
3_PyTorch          1.03230e+01     1.25630e+01     2.78350e+01     7.44070e+01     1.27133e+02     1.41180e+02
4_PyTorch          1.06500e+00     1.28700e+00     2.89400e+00     7.78600e+00     1.18980e+01     1.44270e+01
5_JAX              5.90000e-01     7.70000e-01     1.21800e+00     3.05900e+00     7.13100e+00     1.02890e+01
6_SciPy            7.70000e-02     1.44000e-01     2.28000e-01     4.12000e-01     9.03000e-01     2.28700e+00

3_data_25000
method                    1e-1            1e-2            1e-3            1e-4            1e-5            1e-6
3_PyTorch          1.60881e+02     1.96391e+02     4.49468e+02     1.44925e+03     3.59704e+03     5.03904e+03
4_PyTorch          1.64220e+01     2.00120e+01     4.70810e+01     1.50427e+02     3.52235e+02     5.65431e+02
5_JAX              4.91500e+00     7.33200e+00     1.33070e+01     4.38780e+01     1.26285e+02     2.79724e+02
6_SciPy            6.69000e-01     1.59700e+00     2.94600e+00     7.01100e+00     1.12740e+01     2.90780e+01

4_data_45000
method                    1e-1            1e-2            1e-3            1e-4            1e-5            1e-6
4_PyTorch          5.29180e+01     6.45850e+01     1.51335e+02     4.74144e+02     1.53557e+03     2.57653e+03

