Step            Loss
--------------------
1         500.328918
2         103.313721
3        -292.874878
4        -689.348145
5       -1085.254150
6       -1481.260498
7       -1877.590454
8       -2273.667725
9       -2670.360596
10      -3066.749512
11      -3463.079346
12      -3859.373535
13      -4255.768555
14      -4652.235352
15      -5049.147461
16      -5446.090332
17      -5842.939453
18      -6240.690430
19      -6637.525391
20      -7034.722656
21      -7432.505859
22      -7830.464355
23      -8227.139648
24      -8625.063477
25      -9023.070312
26      -9422.398438
27      -9820.912109
28      -10219.903320
29      -10619.405273
30      -11018.591797
31      -11418.681641
32      -11818.981445
33      -12218.972656
34      -12620.575195
35      -13021.328125
36      -13423.353516
37      -13825.212891
38      -14227.885742
39      -14631.547852
40      -15034.529297
41      -15438.702148
42      -15842.992188
43      -16248.855469
44      -16654.103516
45      -17059.000000
46      -17466.021484
47      -17873.478516
48      -18281.128906
49      -18690.111328
50      -19098.617188
51      -19508.882812
52      -19918.064453
53      -20329.269531
54      -20740.789062
55      -21153.464844
56      -21565.171875
57      -21979.810547
58      -22394.296875
59      -22808.341797
60      -23225.277344
61      -23641.333984
62      -24058.871094
63      -24476.208984
64      -24895.398438
65      -25314.148438
66      -25734.058594
67      -26156.318359
68      -26578.558594
69      -27001.171875
70      -27423.974609
71      -27849.570312
72      -28274.615234
73      -28700.115234
74      -29127.484375
75      -29554.664062
76      -29983.601562
77      -30412.685547
78      -30842.341797
79      -31274.296875
80      -31706.404297
81      -32139.214844
82      -32572.972656
83      -33008.460938
84      -33442.632812
85      -33880.312500
86      -34317.000000
87      -34756.539062
88      -35195.523438
89      -35635.140625
90      -36076.335938
91      -36518.632812
92      -36960.179688
93      -37404.406250
94      -37848.468750
95      -38294.722656
96      -38741.480469
97      -39188.316406
98      -39636.972656
99      -40085.992188
100     -40535.117188
101     -40986.820312
102     -41438.906250
103     -41892.160156
104     -42345.703125
105     -42799.984375
106     -43255.289062
107     -43712.164062
108     -44169.339844
109     -44627.476562
110     -45086.960938
111     -45546.242188
112     -46006.398438
113     -46469.660156
114     -46931.289062
115     -47393.867188
116     -47858.777344
117     -48323.953125
118     -48789.199219
119     -49255.679688
120     -49722.656250
121     -50191.320312
122     -50660.734375
123     -51130.851562
124     -51602.308594
125     -52073.285156
126     -52546.105469
127     -53019.097656
128     -53492.585938
129     -53966.617188
130     -54442.312500
131     -54918.023438
132     -55395.292969
133     -55873.375000
134     -56352.054688
135     -56830.503906
136     -57309.507812
137     -57790.390625
138     -58271.671875
139     -58752.945312
140     -59235.765625
141     -59717.671875
142     -60201.843750
143     -60685.601562
144     -61171.750000
145     -61655.804688
146     -62142.390625
147     -62629.769531
148     -63117.027344
149     -63603.531250
150     -64092.417969
151     -64581.585938
152     -65071.781250
153     -65560.820312
154     -66051.281250
155     -66543.289062
156     -67034.609375
157     -67526.093750
158     -68018.609375
159     -68510.750000
160     -69005.304688
161     -69497.945312
162     -69991.968750
163     -70485.492188
164     -70981.140625
165     -71475.546875
166     -71971.710938
167     -72468.031250
168     -72962.578125
169     -73459.921875
170     -73956.718750
171     -74453.125000
172     -74951.390625
173     -75447.734375
174     -75945.835938
175     -76444.570312
176     -76942.281250
177     -77441.687500
178     -77938.414062
179     -78437.351562
180     -78936.343750
181     -79435.585938
182     -79934.351562
183     -80434.156250
184     -80934.203125
185     -81433.156250
186     -81933.359375
187     -82432.015625
188     -82929.859375
189     -83429.921875
190     -83929.578125
191     -84429.546875
192     -84929.000000
193     -85427.421875
194     -85925.406250
195     -86426.359375
196     -86924.921875
197     -87424.039062
198     -87924.140625
199     -88420.656250
200     -88918.859375
201     -89420.031250
202     -89916.906250
203     -90415.398438
204     -90913.203125
205     -91409.703125
206     -91909.265625
207     -92405.625000
208     -92903.187500
209     -93397.656250
210     -93895.031250
211     -94391.757812
212     -94888.390625
213     -95383.609375
214     -95878.359375
215     -96372.742188
216     -96867.656250
217     -97361.484375
218     -97854.648438
219     -98348.054688
220     -98840.812500
221     -99332.648438
222     -99825.343750
223     -100317.617188
224     -100809.218750
225     -101299.781250
226     -101789.109375
227     -102278.234375
228     -102767.507812
229     -103255.343750
230     -103742.789062
231     -104231.609375
232     -104718.070312
233     -105203.593750
234     -105689.750000
235     -106173.648438
236     -106659.265625
237     -107141.523438
238     -107624.351562
239     -108107.031250
240     -108588.078125
241     -109069.656250
242     -109548.281250
243     -110028.757812
244     -110507.343750
245     -110984.578125
246     -111462.625000
247     -111938.046875
248     -112414.585938
249     -112888.453125
250     -113361.593750
251     -113835.796875
252     -114306.601562
253     -114780.062500
254     -115250.140625
255     -115718.328125
256     -116187.562500
257     -116654.367188
258     -117122.515625
259     -117589.437500
260     -118053.742188
261     -118517.562500
262     -118980.609375
263     -119444.906250
264     -119906.453125
265     -120366.140625
266     -120823.398438
267     -121283.250000
268     -121740.414062
269     -122195.953125
270     -122650.960938
271     -123104.070312
272     -123558.406250
273     -124010.453125
274     -124461.867188
275     -124911.328125
276     -125360.375000
277     -125807.804688
278     -126253.320312
279     -126698.664062
280     -127143.796875
281     -127587.695312
282     -128029.187500
283     -128470.531250
284     -128909.382812
285     -129346.632812
286     -129784.312500
287     -130221.218750
288     -130656.546875
289     -131089.640625
290     -131522.500000
291     -131952.375000
292     -132384.656250
293     -132813.484375
294     -133239.968750
295     -133666.765625
296     -134092.406250
297     -134517.000000
298     -134940.125000
299     -135360.015625
300     -135781.750000
301     -136198.546875
302     -136618.203125
303     -137034.093750
304     -137448.656250
305     -137863.906250
306     -138275.750000
307     -138688.687500
308     -139097.781250
309     -139505.953125
310     -139913.812500
311     -140320.000000
312     -140725.656250
313     -141128.968750
314     -141530.968750
315     -141931.531250
316     -142329.218750
317     -142728.390625
318     -143124.343750
319     -143521.031250
320     -143914.718750
321     -144307.875000
322     -144698.312500
323     -145087.625000
324     -145477.781250
325     -145862.859375
326     -146250.046875
327     -146634.687500
328     -147018.437500
329     -147397.406250
330     -147779.046875
331     -148156.593750
332     -148535.578125
333     -148910.437500
334     -149284.875000
335     -149656.421875
336     -150027.828125
337     -150397.671875
338     -150765.203125
339     -151132.062500
340     -151496.875000
341     -151859.843750
342     -152221.125000
343     -152583.015625
344     -152940.218750
345     -153297.281250
346     -153653.750000
347     -154008.984375
348     -154360.359375
349     -154712.578125
350     -155064.187500
351     -155411.078125
352     -155760.453125
353     -156104.812500
354     -156449.984375
355     -156791.000000
356     -157132.312500
357     -157470.218750
358     -157809.390625
359     -158145.625000
360     -158481.843750
361     -158815.562500
362     -159147.671875
363     -159477.453125
364     -159805.937500
365     -160134.281250
366     -160459.312500
367     -160785.343750
368     -161108.218750
369     -161428.906250
370     -161748.281250
371     -162066.593750
372     -162383.500000
373     -162700.531250
374     -163014.250000
375     -163327.031250
376     -163637.328125
377     -163948.078125
378     -164256.000000
379     -164562.125000
380     -164867.578125
381     -165170.000000
382     -165472.625000
383     -165774.203125
384     -166073.687500
385     -166370.781250
386     -166667.843750
387     -166962.500000
388     -167253.750000
389     -167546.750000
390     -167837.078125
391     -168125.890625
392     -168412.156250
393     -168698.250000
394     -168980.796875
395     -169263.890625
396     -169543.515625
397     -169824.406250
398     -170102.562500
399     -170378.312500
400     -170652.875000
401     -170926.593750
402     -171198.906250
403     -171468.984375
404     -171738.250000
405     -172005.031250
406     -172271.312500
407     -172535.421875
408     -172798.359375
409     -173060.125000
410     -173318.906250
411     -173577.781250
412     -173834.156250
413     -174089.593750
414     -174344.843750
415     -174595.843750
416     -174846.593750
417     -175095.718750
418     -175343.093750
419     -175589.328125
420     -175835.453125
421     -176078.156250
422     -176319.656250
423     -176561.515625
424     -176800.781250
425     -177037.765625
426     -177274.218750
427     -177508.359375
428     -177740.109375
429     -177972.343750
430     -178203.031250
431     -178431.687500
432     -178657.906250
433     -178884.187500
434     -179108.609375
435     -179332.687500
436     -179554.531250
437     -179775.812500
438     -179994.640625
439     -180211.578125
440     -180427.796875
441     -180644.265625
442     -180858.312500
443     -181070.062500
444     -181281.406250
445     -181491.937500
446     -181700.156250
447     -181907.890625
448     -182114.750000
449     -182319.796875
450     -182521.437500
451     -182724.406250
452     -182925.109375
453     -183124.562500
454     -183321.406250
455     -183518.218750
456     -183713.000000
457     -183906.656250
458     -184098.984375
459     -184291.265625
460     -184480.687500
461     -184669.656250
462     -184857.093750
463     -185043.250000
464     -185228.250000
465     -185411.343750
466     -185593.781250
467     -185774.937500
468     -185953.609375
469     -186132.390625
470     -186309.968750
471     -186486.406250
472     -186660.468750
473     -186833.500000
474     -187006.656250
475     -187178.406250
476     -187346.968750
477     -187516.343750
478     -187683.125000
479     -187849.593750
480     -188014.796875
481     -188178.250000
482     -188339.703125
483     -188500.578125
484     -188659.281250
485     -188817.531250
486     -188975.953125
487     -189132.156250
488     -189287.328125
489     -189441.171875
490     -189593.656250
491     -189744.203125
492     -189895.781250
493     -190043.687500
494     -190192.093750
495     -190337.578125
496     -190483.453125
497     -190626.859375
498     -190770.750000
499     -190913.875000
500     -191053.937500
501     -191193.828125
502     -191332.125000
503     -191470.546875
504     -191607.937500
505     -191742.562500
506     -191876.250000
507     -192009.437500
508     -192142.562500
509     -192273.093750
510     -192403.578125
511     -192531.500000
512     -192659.937500
513     -192786.484375
514     -192912.234375
515     -193035.500000
516     -193159.203125
517     -193280.843750
518     -193402.968750
519     -193522.093750
520     -193640.953125
521     -193761.125000
522     -193877.125000
523     -193993.125000
524     -194106.593750
525     -194221.562500
526     -194334.281250
527     -194447.671875
528     -194557.593750
529     -194667.281250
530     -194777.171875
531     -194885.265625
532     -194992.984375
533     -195099.062500
534     -195203.609375
535     -195308.390625
536     -195411.843750
537     -195516.031250
538     -195617.562500
539     -195718.953125
540     -195819.531250
541     -195918.796875
542     -196017.140625
543     -196115.968750
544     -196213.437500
545     -196307.906250
546     -196403.359375
547     -196495.234375
548     -196588.531250
549     -196680.343750
550     -196770.250000
551     -196861.781250
552     -196951.015625
553     -197038.843750
554     -197126.093750
555     -197214.000000
556     -197299.796875
557     -197385.281250
558     -197469.781250
559     -197554.562500
560     -197638.062500
561     -197720.281250
562     -197802.656250
563     -197884.500000
564     -197964.781250
565     -198044.296875
566     -198123.750000
567     -198202.093750
568     -198279.968750
569     -198356.828125
570     -198433.343750
571     -198508.671875
572     -198583.968750
573     -198658.718750
574     -198732.750000
575     -198805.718750
576     -198878.453125
577     -198950.906250
578     -199022.031250
579     -199092.578125
580     -199162.453125
581     -199232.281250
582     -199300.812500
583     -199369.562500
584     -199436.859375
585     -199503.453125
586     -199570.546875
587     -199635.593750
588     -199700.750000
589     -199764.812500
590     -199827.687500
591     -199891.125000
592     -199952.437500
593     -200015.015625
594     -200075.343750
595     -200135.343750
596     -200195.750000
597     -200254.750000
598     -200314.468750
599     -200372.562500
600     -200431.031250
601     -200488.421875
602     -200544.718750
603     -200601.328125
604     -200656.875000
605     -200712.781250
606     -200767.640625
607     -200822.031250
608     -200875.875000
609     -200929.671875
610     -200982.750000
611     -201034.640625
612     -201087.281250
613     -201138.437500
614     -201190.296875
615     -201239.625000
616     -201291.265625
617     -201339.656250
618     -201389.625000
619     -201438.734375
620     -201487.656250
621     -201535.687500
622     -201583.843750
623     -201630.406250
624     -201677.781250
625     -201723.734375
626     -201770.031250
627     -201815.875000
628     -201861.187500
629     -201906.421875
630     -201950.703125
631     -201995.093750
632     -202039.312500
633     -202082.687500
634     -202126.359375
635     -202169.000000
636     -202211.250000
637     -202254.031250
638     -202295.312500
639     -202337.781250
640     -202378.093750
641     -202419.968750
642     -202459.546875
643     -202500.125000
644     -202539.546875
645     -202579.359375
646     -202618.062500
647     -202657.187500
648     -202695.515625
649     -202733.265625
650     -202771.468750
651     -202808.812500
652     -202845.953125
653     -202882.875000
654     -202918.953125
655     -202955.281250
656     -202991.125000
657     -203026.562500
658     -203061.906250
659     -203096.843750
660     -203131.859375
661     -203165.796875
662     -203200.187500
663     -203233.718750
664     -203267.843750
665     -203301.312500
666     -203334.453125
667     -203366.890625
668     -203399.562500
669     -203431.640625
670     -203463.203125
671     -203494.640625
672     -203525.093750
673     -203556.187500
674     -203587.312500
675     -203617.468750
676     -203648.125000
677     -203677.968750
678     -203707.796875
679     -203737.546875
680     -203766.703125
681     -203795.281250
682     -203823.765625
683     -203852.546875
684     -203880.875000
685     -203908.765625
686     -203936.484375
687     -203963.390625
688     -203991.156250
689     -204018.156250
690     -204044.812500
691     -204071.093750
692     -204097.109375
693     -204123.078125
694     -204149.531250
695     -204174.656250
696     -204199.828125
697     -204224.562500
698     -204249.968750
699     -204274.171875
700     -204298.968750
701     -204322.953125
702     -204347.109375
703     -204371.421875
704     -204394.937500
705     -204418.312500
706     -204442.000000
707     -204465.000000
708     -204488.250000
709     -204511.250000
710     -204533.375000
711     -204556.687500
712     -204578.921875
713     -204600.812500
714     -204622.625000
715     -204644.687500
716     -204666.562500
717     -204688.531250
718     -204709.218750
719     -204731.015625
720     -204751.828125
721     -204772.250000
722     -204793.140625
723     -204813.531250
724     -204833.843750
725     -204854.125000
726     -204874.234375
727     -204894.437500
728     -204914.078125
729     -204933.546875
730     -204953.187500
731     -204972.437500
732     -204992.046875
733     -205010.906250
734     -205029.953125
735     -205048.750000
736     -205067.281250
737     -205086.000000
738     -205104.515625
739     -205123.156250
740     -205141.531250
741     -205159.765625
742     -205177.750000
743     -205195.281250
744     -205213.937500
745     -205231.765625
746     -205249.734375
747     -205267.015625
748     -205284.906250
749     -205302.312500
750     -205319.578125
751     -205336.781250
752     -205353.828125
753     -205370.781250
754     -205388.093750
755     -205404.781250
756     -205421.421875
757     -205438.156250
758     -205455.218750
759     -205471.281250
760     -205487.484375
761     -205503.843750
762     -205520.125000
763     -205536.203125
764     -205552.281250
765     -205568.125000
766     -205583.656250
767     -205599.531250
768     -205614.609375
769     -205630.437500
770     -205645.656250
771     -205660.968750
772     -205676.109375
773     -205691.296875
774     -205706.109375
775     -205720.781250
776     -205735.906250
777     -205750.343750
778     -205764.937500
779     -205779.750000
780     -205793.734375
781     -205808.312500
782     -205822.656250
783     -205836.734375
784     -205850.906250
785     -205864.968750
786     -205879.125000
787     -205892.953125
788     -205906.750000
789     -205920.734375
790     -205934.328125
791     -205948.281250
792     -205961.812500
793     -205975.765625
794     -205989.312500
795     -206002.687500
796     -206016.281250
797     -206029.703125
798     -206043.062500
799     -206056.531250
800     -206069.687500
801     -206082.718750
802     -206095.906250
803     -206108.671875
