Step            Loss
--------------------
1         216.771973
2        -181.770386
3        -580.733521
4        -979.659912
5       -1378.536621
6       -1777.033447
7       -2177.071045
8       -2575.545410
9       -2974.694824
10      -3373.165039
11      -3772.774414
12      -4170.987305
13      -4570.458984
14      -4969.594727
15      -5368.629883
16      -5768.231445
17      -6167.926758
18      -6567.547363
19      -6967.225586
20      -7367.209473
21      -7768.258789
22      -8167.574707
23      -8568.910156
24      -8969.291016
25      -9370.490234
26      -9772.586914
27      -10173.470703
28      -10575.474609
29      -10977.369141
30      -11379.875000
31      -11782.359375
32      -12186.082031
33      -12589.977539
34      -12993.335938
35      -13398.128906
36      -13802.294922
37      -14208.170898
38      -14612.469727
39      -15019.568359
40      -15426.451172
41      -15833.117188
42      -16240.468750
43      -16648.445312
44      -17057.849609
45      -17466.484375
46      -17876.708984
47      -18286.402344
48      -18697.773438
49      -19109.261719
50      -19520.914062
51      -19934.761719
52      -20346.949219
53      -20761.802734
54      -21176.617188
55      -21590.503906
56      -22007.339844
57      -22423.345703
58      -22841.296875
59      -23259.800781
60      -23678.722656
61      -24098.761719
62      -24518.943359
63      -24939.691406
64      -25361.130859
65      -25784.636719
66      -26207.820312
67      -26631.941406
68      -27056.439453
69      -27481.871094
70      -27909.255859
71      -28336.078125
72      -28765.216797
73      -29193.775391
74      -29623.738281
75      -30053.341797
76      -30486.390625
77      -30918.570312
78      -31352.201172
79      -31786.308594
80      -32222.046875
81      -32656.183594
82      -33094.500000
83      -33530.992188
84      -33969.984375
85      -34408.996094
86      -34849.156250
87      -35291.242188
88      -35732.945312
89      -36175.593750
90      -36619.484375
91      -37064.777344
92      -37510.398438
93      -37956.484375
94      -38404.101562
95      -38852.859375
96      -39301.558594
97      -39751.664062
98      -40202.980469
99      -40654.351562
100     -41106.406250
101     -41560.609375
102     -42015.296875
103     -42470.644531
104     -42927.156250
105     -43384.039062
106     -43842.113281
107     -44300.347656
108     -44761.015625
109     -45221.234375
110     -45682.562500
111     -46145.476562
112     -46608.292969
113     -47072.015625
114     -47537.371094
115     -48002.000000
116     -48469.343750
117     -48937.472656
118     -49404.578125
119     -49874.726562
120     -50344.164062
121     -50813.738281
122     -51286.265625
123     -51757.996094
124     -52230.128906
125     -52704.226562
126     -53179.296875
127     -53654.183594
128     -54130.328125
129     -54607.242188
130     -55084.785156
131     -55561.953125
132     -56041.031250
133     -56521.000000
134     -57001.753906
135     -57481.753906
136     -57964.882812
137     -58446.125000
138     -58928.992188
139     -59412.285156
140     -59895.546875
141     -60381.554688
142     -60866.992188
143     -61353.132812
144     -61839.875000
145     -62325.976562
146     -62814.976562
147     -63302.984375
148     -63792.210938
149     -64280.265625
150     -64770.578125
151     -65262.496094
152     -65751.304688
153     -66243.187500
154     -66734.671875
155     -67227.218750
156     -67719.703125
157     -68211.843750
158     -68705.984375
159     -69201.218750
160     -69693.070312
161     -70188.437500
162     -70683.765625
163     -71179.250000
164     -71674.906250
165     -72170.132812
166     -72666.031250
167     -73163.132812
168     -73659.125000
169     -74156.617188
170     -74654.140625
171     -75151.281250
172     -75647.765625
173     -76146.359375
174     -76643.843750
175     -77142.000000
176     -77640.718750
177     -78139.140625
178     -78638.460938
179     -79136.125000
180     -79635.039062
181     -80133.609375
182     -80632.671875
183     -81132.218750
184     -81631.289062
185     -82129.921875
186     -82628.093750
187     -83126.976562
188     -83625.273438
189     -84124.781250
190     -84623.585938
191     -85120.406250
192     -85621.804688
193     -86120.453125
194     -86617.414062
195     -87116.703125
196     -87613.187500
197     -88111.687500
198     -88610.195312
199     -89106.375000
200     -89603.953125
201     -90101.085938
202     -90597.703125
203     -91094.140625
204     -91591.187500
205     -92086.382812
206     -92581.695312
207     -93077.296875
208     -93573.421875
209     -94067.710938
210     -94560.445312
211     -95054.640625
212     -95548.632812
213     -96042.406250
214     -96535.570312
215     -97026.312500
216     -97518.164062
217     -98009.281250
218     -98499.007812
219     -98990.984375
220     -99480.000000
221     -99969.640625
222     -100457.437500
223     -100945.265625
224     -101432.484375
225     -101920.156250
226     -102406.484375
227     -102891.437500
228     -103378.257812
229     -103861.218750
230     -104344.890625
231     -104829.000000
232     -105309.773438
233     -105793.109375
234     -106274.437500
235     -106755.656250
236     -107235.671875
237     -107715.023438
238     -108193.445312
239     -108670.796875
240     -109146.382812
241     -109623.171875
242     -110097.875000
243     -110573.375000
244     -111047.218750
245     -111519.234375
246     -111991.609375
247     -112462.671875
248     -112933.953125
249     -113402.781250
250     -113870.882812
251     -114338.546875
252     -114805.593750
253     -115272.031250
254     -115735.210938
255     -116199.953125
256     -116664.656250
257     -117126.718750
258     -117587.382812
259     -118047.070312
260     -118505.718750
261     -118964.609375
262     -119421.625000
263     -119878.007812
264     -120333.156250
265     -120786.796875
266     -121239.656250
267     -121693.304688
268     -122144.671875
269     -122594.390625
270     -123044.234375
271     -123490.375000
272     -123937.382812
273     -124384.468750
274     -124827.250000
275     -125272.789062
276     -125715.343750
277     -126154.562500
278     -126596.414062
279     -127035.000000
280     -127473.062500
281     -127908.984375
282     -128344.429688
283     -128778.117188
284     -129211.671875
285     -129643.953125
286     -130075.304688
287     -130504.875000
288     -130931.867188
289     -131359.515625
290     -131784.625000
291     -132209.625000
292     -132633.531250
293     -133057.390625
294     -133476.375000
295     -133895.687500
296     -134314.328125
297     -134732.031250
298     -135149.453125
299     -135562.343750
300     -135975.109375
301     -136388.812500
302     -136799.390625
303     -137208.046875
304     -137617.187500
305     -138023.359375
306     -138428.328125
307     -138832.750000
308     -139235.500000
309     -139637.187500
310     -140037.953125
311     -140436.421875
312     -140832.562500
313     -141228.750000
314     -141623.468750
315     -142017.250000
316     -142410.062500
317     -142799.968750
318     -143190.500000
319     -143576.593750
320     -143964.750000
321     -144349.687500
322     -144732.250000
323     -145115.640625
324     -145496.187500
325     -145876.281250
326     -146254.062500
327     -146631.250000
328     -147007.390625
329     -147382.031250
330     -147752.625000
331     -148125.875000
332     -148495.312500
333     -148864.078125
334     -149232.343750
335     -149598.531250
336     -149961.687500
337     -150325.531250
338     -150685.812500
339     -151046.750000
340     -151403.796875
341     -151761.875000
342     -152116.281250
343     -152470.078125
344     -152822.453125
345     -153174.281250
346     -153523.734375
347     -153873.281250
348     -154220.906250
349     -154564.968750
350     -154909.218750
351     -155252.156250
352     -155594.625000
353     -155932.468750
354     -156271.796875
355     -156608.718750
356     -156943.687500
357     -157276.656250
358     -157609.281250
359     -157938.296875
360     -158268.031250
361     -158595.000000
362     -158921.000000
363     -159244.562500
364     -159568.281250
365     -159889.265625
366     -160209.984375
367     -160528.750000
368     -160846.468750
369     -161162.015625
370     -161475.265625
371     -161788.437500
372     -162098.234375
373     -162408.265625
374     -162716.281250
375     -163023.171875
376     -163327.921875
377     -163632.531250
378     -163935.218750
379     -164236.500000
380     -164535.031250
381     -164832.718750
382     -165128.953125
383     -165421.437500
384     -165715.687500
385     -166007.921875
386     -166298.312500
387     -166586.640625
388     -166874.625000
389     -167158.406250
390     -167443.843750
391     -167725.718750
392     -168006.171875
393     -168285.031250
394     -168564.531250
395     -168840.343750
396     -169115.718750
397     -169388.656250
398     -169660.093750
399     -169932.468750
400     -170201.656250
401     -170467.468750
402     -170734.109375
403     -170999.421875
404     -171261.375000
405     -171524.312500
406     -171784.171875
407     -172044.250000
408     -172303.156250
409     -172559.656250
410     -172814.625000
411     -173066.937500
412     -173319.781250
413     -173570.437500
414     -173820.187500
415     -174067.750000
416     -174314.171875
417     -174559.890625
418     -174800.906250
419     -175043.500000
420     -175284.609375
421     -175523.531250
422     -175760.750000
423     -175996.281250
424     -176230.968750
425     -176465.156250
426     -176695.890625
427     -176925.937500
428     -177156.843750
429     -177386.156250
430     -177611.281250
431     -177836.828125
432     -178060.531250
433     -178282.937500
434     -178504.031250
435     -178723.921875
436     -178943.218750
437     -179158.203125
438     -179374.062500
439     -179588.937500
440     -179801.500000
441     -180012.843750
442     -180223.875000
443     -180431.468750
444     -180639.406250
445     -180846.593750
446     -181051.265625
447     -181255.671875
448     -181459.921875
449     -181661.546875
450     -181860.718750
451     -182059.843750
452     -182258.875000
453     -182455.531250
454     -182651.531250
455     -182844.843750
456     -183037.718750
457     -183229.406250
458     -183420.031250
459     -183610.093750
460     -183796.718750
461     -183983.656250
462     -184168.687500
463     -184352.968750
464     -184535.656250
465     -184716.875000
466     -184898.156250
467     -185076.375000
468     -185255.656250
469     -185430.656250
470     -185606.687500
471     -185782.015625
472     -185955.250000
473     -186125.000000
474     -186295.890625
475     -186465.968750
476     -186634.156250
477     -186800.937500
478     -186966.656250
479     -187130.468750
480     -187294.046875
481     -187456.187500
482     -187617.000000
483     -187777.640625
484     -187935.953125
485     -188094.109375
486     -188251.859375
487     -188407.171875
488     -188562.593750
489     -188715.609375
490     -188868.046875
491     -189019.234375
492     -189170.437500
493     -189319.265625
494     -189467.312500
495     -189615.062500
496     -189761.375000
497     -189905.968750
498     -190050.875000
499     -190193.421875
500     -190334.843750
501     -190476.437500
502     -190616.062500
503     -190755.328125
504     -190892.218750
505     -191030.281250
506     -191164.656250
507     -191298.875000
508     -191432.921875
509     -191567.468750
510     -191697.953125
511     -191828.000000
512     -191958.968750
513     -192087.703125
514     -192216.531250
515     -192342.984375
516     -192468.171875
517     -192595.734375
518     -192719.734375
519     -192842.062500
520     -192965.031250
521     -193086.000000
522     -193206.734375
523     -193326.750000
524     -193444.265625
525     -193561.609375
526     -193678.343750
527     -193793.562500
528     -193909.062500
529     -194021.437500
530     -194133.531250
531     -194245.218750
532     -194356.093750
533     -194465.171875
534     -194574.187500
535     -194683.406250
536     -194790.500000
537     -194896.171875
538     -195003.328125
539     -195106.281250
540     -195211.468750
541     -195314.500000
542     -195417.015625
543     -195517.390625
544     -195618.031250
545     -195716.718750
546     -195815.312500
547     -195912.703125
548     -196009.562500
549     -196105.843750
550     -196199.718750
551     -196293.937500
552     -196386.578125
553     -196479.140625
554     -196570.250000
555     -196660.125000
556     -196750.812500
557     -196838.562500
558     -196925.640625
559     -197013.343750
560     -197099.140625
561     -197184.593750
562     -197268.562500
563     -197351.781250
564     -197435.250000
565     -197517.468750
566     -197599.265625
567     -197680.062500
568     -197759.718750
569     -197839.781250
570     -197918.375000
571     -197996.515625
572     -198075.031250
573     -198150.843750
574     -198227.234375
575     -198302.593750
576     -198377.703125
577     -198450.906250
578     -198525.546875
579     -198597.687500
580     -198670.312500
581     -198741.500000
582     -198813.031250
583     -198883.156250
584     -198952.031250
585     -199020.828125
586     -199090.093750
587     -199157.156250
588     -199224.218750
589     -199290.000000
590     -199356.578125
591     -199421.609375
592     -199486.375000
593     -199550.531250
594     -199614.718750
595     -199678.406250
596     -199740.046875
597     -199802.500000
598     -199862.468750
599     -199923.171875
600     -199983.234375
601     -200043.062500
602     -200101.984375
603     -200159.718750
604     -200218.156250
605     -200275.500000
606     -200332.656250
607     -200388.828125
608     -200444.312500
609     -200500.437500
610     -200555.281250
611     -200609.656250
612     -200664.718750
613     -200717.312500
614     -200771.062500
615     -200822.875000
616     -200874.359375
617     -200926.031250
618     -200976.531250
619     -201027.593750
620     -201077.437500
621     -201127.078125
622     -201176.500000
623     -201225.031250
624     -201273.968750
625     -201322.250000
626     -201369.437500
627     -201416.500000
628     -201463.281250
629     -201509.375000
630     -201555.656250
631     -201601.375000
632     -201646.859375
633     -201691.140625
634     -201736.125000
635     -201780.343750
636     -201824.468750
637     -201868.468750
638     -201910.625000
639     -201953.656250
640     -201995.312500
641     -202037.859375
642     -202079.500000
643     -202120.437500
644     -202161.093750
645     -202201.234375
646     -202239.921875
647     -202279.437500
648     -202318.593750
649     -202356.750000
650     -202394.750000
651     -202433.218750
652     -202469.593750
653     -202507.906250
654     -202544.156250
655     -202581.468750
656     -202617.703125
657     -202653.859375
658     -202690.187500
659     -202725.500000
660     -202759.968750
661     -202795.718750
662     -202829.687500
663     -202864.140625
664     -202897.406250
665     -202931.453125
666     -202964.687500
667     -202997.765625
668     -203030.250000
669     -203063.375000
670     -203095.218750
671     -203127.031250
672     -203158.718750
673     -203190.125000
674     -203221.265625
675     -203252.171875
676     -203282.734375
677     -203313.671875
678     -203343.312500
679     -203373.062500
680     -203402.953125
681     -203432.000000
682     -203461.406250
683     -203490.312500
684     -203518.718750
685     -203547.531250
686     -203575.281250
687     -203603.296875
688     -203631.843750
689     -203658.765625
690     -203685.921875
691     -203713.046875
692     -203740.296875
693     -203766.140625
694     -203792.953125
695     -203819.171875
696     -203844.656250
697     -203870.546875
698     -203896.328125
699     -203921.593750
700     -203946.937500
701     -203971.937500
702     -203996.875000
703     -204021.562500
704     -204046.000000
705     -204070.375000
706     -204094.687500
707     -204118.875000
708     -204142.031250
709     -204166.343750
710     -204189.750000
711     -204212.750000
712     -204235.812500
713     -204258.796875
714     -204281.250000
715     -204303.906250
716     -204326.093750
717     -204348.218750
718     -204370.328125
719     -204392.281250
720     -204413.671875
721     -204435.468750
722     -204456.484375
723     -204478.062500
724     -204499.156250
725     -204520.031250
726     -204540.843750
727     -204561.281250
728     -204582.062500
729     -204602.156250
730     -204622.609375
731     -204642.625000
732     -204662.593750
733     -204682.281250
734     -204701.843750
735     -204721.812500
736     -204740.687500
737     -204760.062500
738     -204778.906250
739     -204797.906250
740     -204816.609375
741     -204835.406250
742     -204853.906250
743     -204872.656250
744     -204891.250000
745     -204909.187500
746     -204927.406250
747     -204945.640625
748     -204963.734375
749     -204981.281250
750     -204999.359375
751     -205016.625000
752     -205034.484375
753     -205051.406250
754     -205069.375000
755     -205086.156250
756     -205103.421875
757     -205120.109375
758     -205136.968750
759     -205154.250000
760     -205170.750000
761     -205187.062500
762     -205203.875000
763     -205220.015625
764     -205236.062500
765     -205251.953125
766     -205268.140625
767     -205283.843750
768     -205300.125000
769     -205315.218750
770     -205330.968750
771     -205346.109375
772     -205361.625000
773     -205377.031250
774     -205391.609375
775     -205407.187500
776     -205421.703125
777     -205436.406250
778     -205451.125000
779     -205466.156250
780     -205480.437500
781     -205494.968750
782     -205509.609375
783     -205523.593750
784     -205538.125000
785     -205552.281250
786     -205566.500000
787     -205580.218750
788     -205594.218750
789     -205608.250000
790     -205621.906250
791     -205635.875000
792     -205649.125000
793     -205662.906250
794     -205676.312500
795     -205689.625000
796     -205703.218750
797     -205716.218750
798     -205729.375000
799     -205742.750000
800     -205755.625000
801     -205768.750000
802     -205781.656250
803     -205794.218750
804     -205806.937500
805     -205819.812500
806     -205832.312500
