Step            Loss
--------------------
1         313.230713
2         -93.347809
3        -502.484467
4        -909.083252
5       -1316.651001
6       -1723.641357
7       -2131.217773
8       -2538.341309
9       -2944.375732
10      -3351.422852
11      -3759.004395
12      -4166.254395
13      -4572.961914
14      -4980.089355
15      -5388.046387
16      -5794.609375
17      -6201.239746
18      -6608.416992
19      -7015.569336
20      -7423.277832
21      -7830.260742
22      -8237.390625
23      -8645.308594
24      -9053.124023
25      -9461.388672
26      -9869.033203
27      -10277.565430
28      -10685.531250
29      -11094.685547
30      -11502.779297
31      -11912.393555
32      -12320.973633
33      -12732.082031
34      -13141.642578
35      -13551.748047
36      -13962.230469
37      -14374.208984
38      -14784.800781
39      -15196.117188
40      -15609.093750
41      -16022.043945
42      -16434.425781
43      -16848.285156
44      -17261.738281
45      -17676.246094
46      -18091.894531
47      -18507.183594
48      -18923.144531
49      -19339.546875
50      -19756.757812
51      -20174.423828
52      -20592.789062
53      -21011.769531
54      -21430.914062
55      -21851.099609
56      -22271.339844
57      -22693.972656
58      -23116.154297
59      -23538.355469
60      -23961.863281
61      -24386.123047
62      -24811.744141
63      -25236.914062
64      -25663.244141
65      -26090.417969
66      -26518.613281
67      -26946.826172
68      -27377.830078
69      -27807.058594
70      -28238.246094
71      -28670.019531
72      -29102.890625
73      -29537.039062
74      -29971.380859
75      -30405.689453
76      -30842.447266
77      -31279.019531
78      -31717.308594
79      -32156.558594
80      -32595.519531
81      -33036.648438
82      -33477.863281
83      -33919.515625
84      -34362.050781
85      -34806.546875
86      -35251.812500
87      -35696.875000
88      -36143.714844
89      -36592.078125
90      -37039.859375
91      -37489.339844
92      -37940.652344
93      -38390.414062
94      -38842.250000
95      -39296.597656
96      -39749.914062
97      -40205.246094
98      -40660.726562
99      -41117.289062
100     -41574.691406
101     -42033.449219
102     -42492.679688
103     -42952.882812
104     -43414.503906
105     -43876.773438
106     -44340.480469
107     -44804.363281
108     -45268.289062
109     -45734.593750
110     -46201.632812
111     -46668.898438
112     -47136.667969
113     -47606.859375
114     -48076.664062
115     -48547.343750
116     -49018.890625
117     -49491.445312
118     -49964.707031
119     -50440.023438
120     -50914.933594
121     -51390.664062
122     -51868.375000
123     -52345.425781
124     -52824.363281
125     -53302.750000
126     -53783.992188
127     -54262.859375
128     -54745.886719
129     -55228.023438
130     -55712.500000
131     -56195.199219
132     -56680.375000
133     -57165.375000
134     -57651.378906
135     -58139.093750
136     -58626.683594
137     -59115.125000
138     -59603.734375
139     -60092.691406
140     -60583.515625
141     -61074.156250
142     -61565.210938
143     -62058.371094
144     -62551.210938
145     -63046.160156
146     -63537.921875
147     -64033.621094
148     -64528.453125
149     -65024.152344
150     -65520.523438
151     -66017.640625
152     -66515.937500
153     -67012.773438
154     -67510.968750
155     -68010.734375
156     -68510.179688
157     -69009.640625
158     -69509.992188
159     -70010.765625
160     -70511.757812
161     -71013.656250
162     -71515.406250
163     -72016.953125
164     -72520.546875
165     -73023.226562
166     -73527.960938
167     -74030.632812
168     -74534.234375
169     -75038.507812
170     -75545.250000
171     -76048.531250
172     -76554.031250
173     -77058.890625
174     -77565.937500
175     -78070.976562
176     -78577.500000
177     -79083.101562
178     -79591.304688
179     -80096.546875
180     -80603.187500
181     -81109.843750
182     -81616.109375
183     -82124.093750
184     -82631.656250
185     -83137.390625
186     -83644.250000
187     -84151.640625
188     -84658.828125
189     -85166.664062
190     -85673.320312
191     -86180.789062
192     -86686.281250
193     -87194.812500
194     -87702.250000
195     -88208.250000
196     -88714.593750
197     -89222.390625
198     -89728.484375
199     -90235.734375
200     -90740.625000
201     -91246.843750
202     -91753.351562
203     -92258.812500
204     -92764.906250
205     -93270.531250
206     -93774.703125
207     -94279.750000
208     -94783.875000
209     -95287.406250
210     -95791.468750
211     -96294.562500
212     -96798.109375
213     -97300.054688
214     -97801.015625
215     -98304.203125
216     -98806.171875
217     -99306.921875
218     -99807.984375
219     -100309.531250
220     -100809.328125
221     -101308.515625
222     -101807.359375
223     -102305.296875
224     -102803.632812
225     -103300.687500
226     -103797.328125
227     -104294.570312
228     -104790.609375
229     -105285.250000
230     -105780.976562
231     -106274.500000
232     -106766.437500
233     -107260.296875
234     -107751.781250
235     -108243.218750
236     -108734.148438
237     -109225.171875
238     -109714.281250
239     -110203.671875
240     -110692.203125
241     -111179.156250
242     -111664.671875
243     -112151.023438
244     -112635.843750
245     -113119.679688
246     -113604.234375
247     -114086.546875
248     -114568.578125
249     -115049.375000
250     -115529.937500
251     -116008.523438
252     -116487.234375
253     -116964.359375
254     -117441.781250
255     -117917.718750
256     -118392.078125
257     -118866.617188
258     -119339.898438
259     -119811.062500
260     -120283.164062
261     -120753.289062
262     -121223.218750
263     -121691.617188
264     -122158.039062
265     -122623.945312
266     -123089.820312
267     -123554.843750
268     -124017.718750
269     -124481.953125
270     -124941.023438
271     -125400.320312
272     -125860.359375
273     -126319.140625
274     -126776.226562
275     -127231.812500
276     -127685.968750
277     -128140.093750
278     -128591.265625
279     -129043.914062
280     -129494.984375
281     -129942.835938
282     -130392.257812
283     -130838.671875
284     -131284.078125
285     -131729.109375
286     -132172.046875
287     -132615.250000
288     -133057.375000
289     -133495.375000
290     -133934.578125
291     -134371.187500
292     -134808.437500
293     -135244.437500
294     -135677.375000
295     -136110.453125
296     -136541.968750
297     -136972.343750
298     -137401.125000
299     -137828.531250
300     -138256.031250
301     -138679.953125
302     -139103.812500
303     -139527.187500
304     -139947.437500
305     -140366.812500
306     -140787.078125
307     -141202.578125
308     -141617.531250
309     -142033.187500
310     -142445.187500
311     -142857.906250
312     -143268.921875
313     -143676.843750
314     -144085.656250
315     -144493.281250
316     -144896.656250
317     -145300.093750
318     -145701.250000
319     -146103.031250
320     -146503.312500
321     -146899.906250
322     -147296.656250
323     -147691.656250
324     -148085.843750
325     -148476.984375
326     -148868.843750
327     -149256.031250
328     -149645.375000
329     -150032.031250
330     -150417.921875
331     -150802.328125
332     -151183.593750
333     -151564.656250
334     -151944.500000
335     -152322.500000
336     -152698.312500
337     -153075.515625
338     -153448.625000
339     -153821.187500
340     -154192.843750
341     -154562.562500
342     -154930.312500
343     -155295.812500
344     -155662.312500
345     -156026.437500
346     -156388.109375
347     -156748.156250
348     -157107.406250
349     -157465.000000
350     -157821.453125
351     -158174.750000
352     -158528.281250
353     -158880.968750
354     -159232.000000
355     -159580.046875
356     -159926.625000
357     -160271.546875
358     -160617.125000
359     -160958.875000
360     -161300.453125
361     -161640.515625
362     -161977.062500
363     -162314.625000
364     -162649.812500
365     -162984.343750
366     -163316.250000
367     -163647.203125
368     -163977.203125
369     -164302.875000
370     -164629.718750
371     -164955.046875
372     -165277.937500
373     -165598.593750
374     -165919.328125
375     -166237.968750
376     -166556.343750
377     -166870.343750
378     -167185.875000
379     -167497.468750
380     -167807.781250
381     -168117.750000
382     -168426.250000
383     -168734.609375
384     -169039.437500
385     -169343.734375
386     -169646.546875
387     -169947.000000
388     -170247.406250
389     -170544.984375
390     -170841.031250
391     -171135.921875
392     -171431.093750
393     -171723.093750
394     -172015.187500
395     -172303.750000
396     -172591.281250
397     -172878.468750
398     -173164.531250
399     -173448.375000
400     -173730.031250
401     -174010.812500
402     -174290.406250
403     -174567.187500
404     -174842.687500
405     -175117.968750
406     -175389.296875
407     -175660.406250
408     -175930.312500
409     -176198.593750
410     -176464.968750
411     -176732.031250
412     -176995.062500
413     -177256.578125
414     -177518.250000
415     -177778.000000
416     -178035.093750
417     -178292.312500
418     -178547.812500
419     -178801.000000
420     -179051.875000
421     -179303.796875
422     -179550.406250
423     -179799.968750
424     -180045.921875
425     -180290.687500
426     -180534.062500
427     -180773.953125
428     -181014.218750
429     -181253.812500
430     -181490.937500
431     -181728.843750
432     -181962.531250
433     -182195.218750
434     -182426.390625
435     -182656.000000
436     -182884.343750
437     -183112.593750
438     -183339.468750
439     -183562.343750
440     -183786.890625
441     -184007.812500
442     -184230.468750
443     -184448.812500
444     -184665.937500
445     -184882.781250
446     -185099.218750
447     -185312.093750
448     -185524.296875
449     -185735.750000
450     -185946.203125
451     -186154.171875
452     -186362.812500
453     -186568.468750
454     -186772.234375
455     -186974.921875
456     -187176.078125
457     -187375.218750
458     -187574.343750
459     -187771.531250
460     -187967.437500
461     -188160.921875
462     -188355.218750
463     -188547.500000
464     -188737.562500
465     -188926.109375
466     -189113.187500
467     -189299.343750
468     -189485.062500
469     -189668.234375
470     -189850.593750
471     -190030.500000
472     -190210.562500
473     -190388.500000
474     -190565.250000
475     -190741.718750
476     -190917.531250
477     -191091.125000
478     -191262.953125
479     -191433.687500
480     -191604.546875
481     -191771.843750
482     -191938.656250
483     -192105.343750
484     -192270.343750
485     -192434.437500
486     -192597.484375
487     -192758.328125
488     -192917.312500
489     -193077.656250
490     -193234.421875
491     -193391.343750
492     -193546.671875
493     -193701.250000
494     -193854.531250
495     -194006.046875
496     -194157.031250
497     -194306.171875
498     -194454.500000
499     -194601.718750
500     -194747.500000
501     -194892.375000
502     -195036.890625
503     -195179.406250
504     -195320.031250
505     -195459.015625
506     -195598.984375
507     -195736.109375
508     -195872.046875
509     -196008.031250
510     -196142.656250
511     -196276.390625
512     -196407.875000
513     -196539.281250
514     -196668.953125
515     -196797.562500
516     -196926.234375
517     -197052.906250
518     -197178.578125
519     -197305.906250
520     -197429.765625
521     -197552.656250
522     -197675.781250
523     -197796.843750
524     -197918.828125
525     -198038.203125
526     -198156.765625
527     -198273.984375
528     -198391.750000
529     -198507.390625
530     -198621.937500
531     -198736.312500
532     -198848.406250
533     -198961.375000
534     -199074.015625
535     -199184.468750
536     -199294.937500
537     -199403.531250
538     -199511.687500
539     -199618.937500
540     -199725.937500
541     -199830.812500
542     -199935.250000
543     -200038.937500
544     -200141.750000
545     -200243.312500
546     -200343.968750
547     -200443.437500
548     -200542.296875
549     -200639.781250
550     -200736.765625
551     -200833.781250
552     -200929.312500
553     -201024.218750
554     -201117.625000
555     -201210.468750
556     -201302.281250
557     -201394.750000
558     -201485.250000
559     -201574.437500
560     -201663.562500
561     -201751.484375
562     -201838.859375
563     -201926.468750
564     -202012.984375
565     -202096.578125
566     -202181.296875
567     -202265.234375
568     -202349.093750
569     -202431.359375
570     -202513.125000
571     -202594.250000
572     -202673.500000
573     -202754.796875
574     -202832.906250
575     -202911.343750
576     -202989.687500
577     -203065.453125
578     -203141.562500
579     -203218.046875
580     -203292.343750
581     -203367.078125
582     -203440.703125
583     -203512.328125
584     -203584.593750
585     -203656.328125
586     -203726.203125
587     -203796.062500
588     -203865.062500
589     -203933.765625
590     -204001.062500
591     -204068.328125
592     -204134.187500
593     -204199.406250
594     -204265.531250
595     -204329.828125
596     -204393.750000
597     -204457.781250
598     -204519.140625
599     -204581.500000
600     -204642.687500
601     -204702.843750
602     -204762.546875
603     -204822.421875
604     -204881.156250
605     -204939.125000
606     -204998.062500
607     -205054.187500
608     -205110.062500
609     -205166.468750
610     -205221.703125
611     -205276.875000
612     -205330.875000
613     -205384.531250
614     -205438.437500
615     -205491.718750
616     -205544.156250
617     -205596.546875
618     -205648.203125
619     -205699.906250
620     -205750.250000
621     -205800.000000
622     -205850.375000
623     -205898.781250
624     -205947.906250
625     -205995.812500
626     -206044.843750
627     -206092.265625
628     -206139.656250
629     -206186.500000
630     -206232.500000
631     -206279.250000
632     -206324.343750
633     -206369.062500
634     -206413.578125
635     -206457.359375
636     -206500.734375
637     -206544.000000
638     -206586.468750
639     -206628.515625
640     -206670.703125
641     -206711.515625
642     -206752.734375
643     -206793.406250
644     -206833.031250
645     -206872.640625
646     -206911.406250
647     -206950.218750
648     -206989.218750
649     -207026.750000
650     -207064.531250
651     -207101.968750
652     -207139.000000
653     -207175.140625
654     -207211.718750
655     -207248.250000
656     -207283.437500
657     -207318.593750
658     -207353.343750
659     -207387.875000
660     -207422.187500
661     -207456.125000
662     -207489.859375
663     -207523.718750
664     -207556.437500
665     -207589.843750
666     -207622.281250
667     -207654.828125
668     -207687.046875
669     -207718.968750
670     -207750.109375
671     -207781.968750
672     -207813.218750
673     -207844.031250
674     -207874.796875
675     -207904.984375
676     -207935.343750
677     -207964.781250
678     -207994.062500
679     -208023.312500
680     -208052.078125
681     -208080.859375
682     -208108.875000
683     -208137.109375
684     -208165.046875
685     -208192.593750
686     -208220.000000
687     -208247.218750
688     -208274.125000
689     -208300.906250
690     -208326.812500
691     -208353.296875
692     -208378.875000
693     -208404.953125
694     -208429.687500
695     -208455.453125
696     -208480.453125
697     -208505.562500
698     -208530.000000
699     -208554.609375
700     -208579.187500
701     -208603.781250
702     -208627.312500
703     -208651.812500
704     -208675.328125
705     -208698.484375
706     -208721.531250
707     -208744.906250
708     -208767.656250
709     -208790.718750
710     -208812.609375
711     -208835.000000
712     -208856.968750
713     -208878.562500
714     -208900.468750
715     -208921.781250
716     -208943.218750
717     -208964.468750
718     -208985.265625
719     -209006.375000
720     -209026.781250
721     -209047.234375
722     -209067.187500
723     -209087.812500
724     -209107.687500
725     -209127.765625
726     -209147.406250
727     -209166.859375
728     -209186.437500
729     -209205.515625
730     -209224.328125
731     -209243.296875
732     -209262.125000
733     -209280.781250
734     -209299.218750
735     -209317.500000
736     -209335.375000
737     -209353.906250
738     -209371.578125
739     -209389.375000
740     -209407.109375
741     -209424.921875
742     -209442.000000
743     -209459.765625
744     -209477.062500
745     -209493.781250
746     -209510.812500
747     -209527.750000
748     -209544.203125
749     -209560.593750
750     -209577.203125
751     -209593.625000
752     -209609.812500
753     -209625.859375
754     -209641.953125
755     -209657.875000
756     -209673.968750
757     -209689.406250
758     -209705.218750
759     -209720.625000
760     -209736.359375
761     -209751.453125
762     -209766.562500
763     -209782.218750
764     -209797.187500
765     -209812.156250
766     -209827.000000
767     -209841.656250
768     -209855.796875
769     -209870.796875
770     -209884.953125
771     -209899.468750
772     -209913.640625
773     -209927.890625
774     -209942.093750
775     -209956.187500
776     -209969.968750
777     -209984.156250
778     -209997.921875
779     -210011.593750
780     -210025.375000
781     -210039.078125
782     -210052.500000
783     -210066.281250
784     -210079.562500
785     -210092.718750
786     -210106.281250
787     -210119.437500
788     -210132.609375
789     -210145.406250
790     -210158.484375
791     -210171.375000
792     -210184.171875
793     -210196.656250
794     -210209.750000
795     -210222.171875
796     -210234.656250
797     -210247.109375
798     -210259.718750
799     -210272.250000
800     -210284.703125
801     -210297.015625
802     -210309.296875
803     -210321.359375
804     -210333.718750
805     -210345.750000
806     -210357.531250
807     -210369.562500
808     -210381.375000
809     -210392.968750
810     -210404.968750
811     -210416.468750
812     -210427.562500
813     -210439.390625
814     -210450.625000
815     -210462.046875
816     -210473.187500
817     -210484.593750
818     -210495.546875
819     -210506.718750
820     -210517.359375
821     -210528.531250
822     -210539.468750
823     -210550.281250
824     -210561.171875
825     -210571.750000
826     -210582.656250
827     -210593.046875
828     -210603.656250
829     -210614.312500
830     -210624.625000
831     -210635.031250
832     -210645.531250
833     -210656.031250
834     -210666.234375
835     -210676.437500
836     -210686.609375
837     -210696.968750
838     -210707.312500
839     -210717.078125
840     -210726.906250
841     -210737.093750
842     -210746.843750
843     -210757.078125
844     -210766.750000
845     -210776.593750
846     -210786.484375
847     -210796.000000
848     -210805.906250
849     -210815.421875
850     -210825.000000
851     -210834.687500
852     -210844.703125
853     -210853.843750
854     -210863.156250
855     -210872.625000
856     -210881.859375
857     -210891.296875
858     -210900.328125
859     -210909.546875
860     -210918.656250
861     -210927.937500
862     -210936.781250
863     -210945.812500
864     -210954.875000
865     -210964.093750
866     -210973.062500
867     -210982.062500
868     -210991.093750
869     -210999.828125
870     -211008.906250
871     -211017.515625
872     -211026.437500
873     -211035.250000
874     -211044.000000
875     -211052.859375
876     -211061.578125
877     -211070.250000
878     -211078.515625
879     -211087.156250
880     -211095.906250
881     -211104.437500
882     -211112.937500
883     -211121.546875
884     -211129.890625
885     -211138.343750
886     -211146.515625
887     -211154.781250
888     -211163.156250
889     -211171.531250
890     -211179.781250
891     -211188.078125
892     -211196.031250
893     -211204.593750
894     -211212.687500
895     -211220.750000
896     -211228.796875
897     -211236.890625
898     -211245.093750
899     -211253.093750
900     -211261.250000
901     -211268.859375
902     -211276.968750
903     -211284.843750
904     -211292.750000
905     -211300.515625
906     -211308.328125
907     -211316.234375
908     -211324.156250
909     -211331.828125
910     -211339.281250
911     -211346.968750
912     -211354.562500
913     -211362.125000
914     -211369.687500
915     -211377.406250
916     -211384.687500
917     -211392.093750
918     -211399.453125
919     -211406.937500
920     -211413.984375
921     -211421.687500
922     -211428.687500
923     -211436.187500
924     -211443.421875
925     -211450.765625
926     -211457.765625
927     -211465.093750
928     -211472.343750
929     -211479.593750
930     -211486.937500
931     -211493.593750
932     -211500.718750
933     -211507.812500
934     -211514.531250
935     -211521.687500
936     -211528.437500
937     -211535.656250
938     -211542.437500
939     -211549.531250
940     -211556.078125
941     -211563.250000
942     -211570.093750
943     -211576.828125
944     -211583.625000
945     -211590.453125
946     -211597.078125
947     -211603.875000
948     -211610.812500
949     -211617.406250
950     -211624.187500
951     -211630.656250
952     -211637.437500
953     -211644.031250
954     -211650.781250
955     -211657.046875
956     -211663.640625
957     -211670.093750
958     -211676.750000
959     -211683.109375
960     -211689.500000
961     -211695.906250
962     -211702.500000
963     -211708.953125
964     -211715.187500
965     -211721.812500
966     -211727.906250
967     -211734.281250
968     -211740.312500
969     -211746.796875
970     -211752.968750
971     -211759.062500
972     -211765.187500
973     -211771.468750
974     -211777.687500
975     -211783.765625
976     -211790.093750
977     -211795.906250
978     -211802.015625
979     -211808.031250
980     -211814.109375
981     -211820.296875
982     -211826.093750
983     -211832.062500
984     -211837.906250
985     -211843.843750
986     -211849.718750
987     -211855.656250
988     -211861.656250
989     -211867.406250
990     -211873.218750
991     -211879.218750
992     -211884.859375
993     -211890.718750
994     -211896.468750
995     -211902.140625
996     -211907.765625
997     -211913.796875
998     -211919.218750
999     -211924.718750
1000    -211930.406250
1001    -211936.031250
1002    -211941.750000
1003    -211947.328125
1004    -211952.750000
1005    -211958.406250
1006    -211963.937500
1007    -211969.453125
1008    -211974.875000
1009    -211980.437500
1010    -211985.937500
1011    -211991.281250
1012    -211996.812500
1013    -212002.109375
1014    -212007.421875
1015    -212012.796875
1016    -212018.062500
1017    -212023.453125
1018    -212028.578125
1019    -212034.000000
1020    -212039.250000
1021    -212044.593750
1022    -212049.718750
1023    -212054.968750
1024    -212060.109375
1025    -212065.421875
1026    -212070.656250
1027    -212075.656250
1028    -212080.875000
1029    -212085.906250
1030    -212091.234375
1031    -212096.187500
1032    -212101.328125
1033    -212106.531250
1034    -212111.375000
1035    -212116.406250
1036    -212121.718750
1037    -212126.718750
1038    -212131.843750
1039    -212136.750000
1040    -212141.796875
1041    -212146.781250
1042    -212151.796875
1043    -212156.515625
1044    -212161.828125
1045    -212166.828125
1046    -212171.593750
1047    -212176.812500
1048    -212181.281250
1049    -212186.437500
1050    -212191.593750
1051    -212196.218750
1052    -212201.140625
1053    -212205.890625
1054    -212210.703125
1055    -212215.687500
1056    -212220.468750
1057    -212225.375000
1058    -212230.281250
1059    -212234.859375
1060    -212239.562500
1061    -212244.218750
1062    -212248.906250
1063    -212253.843750
1064    -212258.593750
1065    -212263.140625
1066    -212267.968750
1067    -212272.625000
1068    -212277.171875
1069    -212281.843750
1070    -212286.453125
1071    -212291.125000
1072    -212295.953125
1073    -212300.562500
1074    -212305.093750
1075    -212309.750000
1076    -212314.390625
1077    -212319.062500
1078    -212323.671875
1079    -212328.250000
1080    -212332.906250
1081    -212337.406250
1082    -212341.875000
1083    -212346.468750
1084    -212351.062500
1085    -212355.656250
1086    -212360.312500
1087    -212364.781250
1088    -212369.156250
1089    -212373.671875
1090    -212378.125000
1091    -212382.656250
1092    -212387.203125
1093    -212391.468750
1094    -212396.031250
1095    -212400.515625
1096    -212404.968750
1097    -212409.093750
1098    -212413.687500
1099    -212418.062500
1100    -212422.531250
1101    -212426.687500
1102    -212431.031250
1103    -212435.593750
1104    -212439.656250
1105    -212444.218750
1106    -212448.437500
1107    -212452.437500
1108    -212457.062500
1109    -212461.359375
1110    -212465.500000
1111    -212469.859375
1112    -212473.906250
1113    -212478.250000
1114    -212482.375000
1115    -212486.625000
1116    -212490.890625
1117    -212495.250000
1118    -212499.468750
1119    -212503.531250
1120    -212507.640625
1121    -212511.781250
1122    -212515.859375
1123    -212520.125000
1124    -212524.406250
1125    -212528.500000
1126    -212532.562500
1127    -212536.640625
1128    -212540.718750
1129    -212544.937500
1130    -212549.250000
1131    -212553.250000
1132    -212557.109375
1133    -212561.140625
1134    -212565.109375
1135    -212569.562500
1136    -212573.406250
1137    -212577.359375
1138    -212581.375000
1139    -212585.406250
1140    -212589.375000
1141    -212593.656250
1142    -212597.671875
1143    -212601.750000
1144    -212605.468750
1145    -212609.546875
1146    -212613.625000
1147    -212617.703125
1148    -212621.671875
1149    -212625.500000
1150    -212629.500000
1151    -212633.500000
1152    -212637.718750
1153    -212641.531250
1154    -212645.515625
1155    -212649.468750
1156    -212653.406250
1157    -212657.343750
1158    -212661.218750
1159    -212665.156250
1160    -212669.000000
1161    -212672.937500
1162    -212676.734375
1163    -212680.781250
1164    -212684.609375
1165    -212688.281250
1166    -212692.250000
1167    -212696.234375
1168    -212700.062500
1169    -212703.875000
1170    -212707.750000
1171    -212711.687500
1172    -212715.343750
1173    -212719.437500
1174    -212723.203125
1175    -212727.062500
1176    -212730.875000
1177    -212734.734375
1178    -212738.406250
1179    -212742.218750
1180    -212746.015625
1181    -212749.984375
1182    -212753.687500
1183    -212757.421875
1184    -212761.046875
1185    -212764.812500
1186    -212768.750000
1187    -212772.531250
1188    -212776.093750
1189    -212779.937500
1190    -212783.656250
1191    -212787.484375
1192    -212791.281250
1193    -212794.953125
1194    -212798.468750
1195    -212802.406250
1196    -212806.062500
1197    -212809.765625
1198    -212813.468750
1199    -212817.375000
1200    -212821.078125
1201    -212824.687500
1202    -212828.281250
1203    -212831.953125
1204    -212835.781250
1205    -212839.437500
1206    -212843.250000
1207    -212846.578125
1208    -212850.281250
1209    -212854.250000
1210    -212857.718750
1211    -212861.593750
1212    -212864.937500
1213    -212868.750000
1214    -212872.343750
1215    -212876.093750
1216    -212879.437500
1217    -212883.031250
1218    -212886.812500
1219    -212890.406250
1220    -212893.843750
1221    -212897.406250
1222    -212901.046875
1223    -212904.812500
1224    -212908.187500
1225    -212911.875000
1226    -212915.218750
1227    -212918.937500
1228    -212922.437500
1229    -212926.031250
1230    -212929.406250
1231    -212933.109375
1232    -212936.734375
1233    -212939.984375
1234    -212943.468750
1235    -212947.125000
1236    -212950.625000
1237    -212954.031250
1238    -212957.406250
1239    -212960.796875
1240    -212964.390625
1241    -212967.828125
1242    -212971.140625
1243    -212974.562500
1244    -212977.875000
1245    -212981.531250
1246    -212984.625000
1247    -212988.046875
1248    -212991.375000
1249    -212994.843750
1250    -212998.046875
1251    -213001.484375
1252    -213004.781250
1253    -213007.937500
1254    -213011.500000
1255    -213014.718750
1256    -213017.984375
1257    -213021.500000
1258    -213024.843750
1259    -213027.875000
1260    -213031.218750
1261    -213034.671875
1262    -213037.906250
1263    -213041.218750
1264    -213044.500000
1265    -213047.750000
1266    -213051.031250
1267    -213054.390625
1268    -213057.500000
1269    -213060.593750
1270    -213063.875000
1271    -213067.031250
1272    -213070.343750
1273    -213073.593750
1274    -213076.843750
1275    -213079.875000
1276    -213083.187500
1277    -213086.218750
1278    -213089.468750
1279    -213092.750000
1280    -213095.781250
1281    -213098.750000
1282    -213101.875000
1283    -213105.078125
1284    -213107.906250
1285    -213111.031250
1286    -213114.343750
1287    -213117.078125
1288    -213120.140625
1289    -213123.046875
1290    -213126.187500
1291    -213129.031250
1292    -213132.109375
1293    -213134.937500
1294    -213138.031250
1295    -213140.906250
1296    -213143.937500
1297    -213146.875000
1298    -213149.765625
1299    -213152.625000
1300    -213155.625000
1301    -213158.531250
1302    -213161.234375
1303    -213164.203125
1304    -213167.125000
1305    -213169.937500
1306    -213172.687500
1307    -213175.515625
1308    -213178.281250
1309    -213181.062500
1310    -213184.125000
1311    -213186.937500
1312    -213189.625000
1313    -213192.343750
1314    -213195.125000
1315    -213198.015625
1316    -213200.718750
1317    -213203.593750
1318    -213206.328125
1319    -213209.062500
1320    -213211.875000
1321    -213214.484375
1322    -213217.312500
1323    -213219.968750
1324    -213222.546875
1325    -213225.484375
1326    -213228.093750
1327    -213230.968750
1328    -213233.562500
1329    -213236.218750
1330    -213238.875000
1331    -213241.531250
1332    -213244.125000
1333    -213246.843750
1334    -213249.437500
1335    -213252.203125
1336    -213254.781250
1337    -213257.406250
1338    -213260.062500
1339    -213262.734375
1340    -213265.390625
1341    -213267.906250
1342    -213270.484375
1343    -213273.015625
1344    -213275.718750
1345    -213278.250000
1346    -213280.796875
1347    -213283.406250
1348    -213285.968750
1349    -213288.625000
1350    -213291.031250
1351    -213293.796875
1352    -213296.187500
1353    -213298.703125
1354    -213301.375000
1355    -213303.671875
1356    -213306.109375
1357    -213308.781250
1358    -213311.312500
1359    -213313.625000
1360    -213316.296875
1361    -213318.781250
1362    -213321.218750
1363    -213323.718750
1364    -213326.046875
1365    -213328.546875
1366    -213331.109375
1367    -213333.515625
1368    -213335.781250
1369    -213338.375000
1370    -213340.718750
1371    -213343.265625
1372    -213345.609375
1373    -213348.218750
1374    -213350.578125
1375    -213352.937500
1376    -213355.281250
1377    -213357.609375
1378    -213360.093750
1379    -213362.500000
1380    -213364.859375
1381    -213367.109375
1382    -213369.421875
1383    -213371.750000
1384    -213374.031250
1385    -213376.312500
1386    -213378.781250
1387    -213381.187500
1388    -213383.406250
1389    -213385.765625
1390    -213388.031250
1391    -213390.156250
1392    -213392.515625
1393    -213394.828125
1394    -213396.937500
1395    -213399.312500
1396    -213401.609375
1397    -213403.843750
1398    -213406.093750
1399    -213408.218750
1400    -213410.609375
1401    -213412.625000
1402    -213414.843750
1403    -213417.218750
1404    -213419.218750
1405    -213421.437500
1406    -213423.500000
1407    -213425.718750
1408    -213428.109375
1409    -213430.093750
1410    -213432.343750
1411    -213434.421875
1412    -213436.593750
1413    -213438.687500
1414    -213440.843750
1415    -213443.015625
1416    -213445.171875
1417    -213447.125000
1418    -213449.468750
1419    -213451.531250
1420    -213453.546875
1421    -213455.718750
1422    -213457.750000
1423    -213459.937500
1424    -213462.000000
1425    -213463.953125
1426    -213466.140625
1427    -213468.359375
1428    -213470.281250
1429    -213472.375000
1430    -213474.421875
1431    -213476.406250
1432    -213478.437500
1433    -213480.609375
1434    -213482.593750
1435    -213484.515625
1436    -213486.656250
1437    -213488.531250
1438    -213490.562500
1439    -213492.656250
1440    -213494.562500
1441    -213496.578125
1442    -213498.625000
1443    -213500.609375
1444    -213502.578125
1445    -213504.687500
1446    -213506.593750
1447    -213508.531250
1448    -213510.578125
1449    -213512.593750
1450    -213514.578125
1451    -213516.515625
1452    -213518.453125
1453    -213520.500000
1454    -213522.406250
1455    -213524.343750
1456    -213526.468750
1457    -213528.218750
1458    -213530.250000
1459    -213532.281250
1460    -213534.015625
1461    -213536.046875
1462    -213537.859375
1463    -213539.875000
1464    -213541.953125
1465    -213543.750000
1466    -213545.687500
1467    -213547.687500
1468    -213549.390625
1469    -213551.281250
1470    -213553.187500
1471    -213555.156250
1472    -213557.125000
1473    -213558.875000
1474    -213560.781250
1475    -213562.718750
1476    -213564.593750
1477    -213566.500000
1478    -213568.406250
1479    -213570.343750
1480    -213572.312500
1481    -213574.078125
1482    -213576.031250
1483    -213577.843750
1484    -213579.875000
1485    -213581.671875
1486    -213583.500000
1487    -213585.421875
1488    -213587.281250
1489    -213589.187500
1490    -213591.031250
1491    -213592.937500
1492    -213594.625000
1493    -213596.531250
1494    -213598.406250
1495    -213600.218750
1496    -213602.062500
1497    -213604.000000
1498    -213605.906250
1499    -213607.687500
1500    -213609.609375
1501    -213611.468750
1502    -213613.125000
1503    -213614.984375
1504    -213616.812500
1505    -213618.593750
1506    -213620.531250
1507    -213622.218750
1508    -213624.093750
1509    -213625.984375
1510    -213627.687500
1511    -213629.468750
1512    -213631.218750
1513    -213633.125000
1514    -213634.906250
1515    -213636.906250
1516    -213638.687500
1517    -213640.375000
1518    -213642.281250
1519    -213644.156250
1520    -213645.906250
1521    -213647.625000
1522    -213649.437500
1523    -213651.375000
1524    -213653.093750
1525    -213654.937500
1526    -213656.750000
1527    -213658.640625
1528    -213660.281250
1529    -213662.062500
1530    -213663.781250
1531    -213665.656250
1532    -213667.546875
1533    -213669.281250
1534    -213671.125000
1535    -213672.875000
1536    -213674.609375
1537    -213676.312500
1538    -213678.218750
1539    -213679.812500
1540    -213681.531250
1541    -213683.359375
1542    -213685.343750
1543    -213686.828125
1544    -213688.609375
1545    -213690.312500
1546    -213692.046875
1547    -213693.796875
1548    -213695.406250
1549    -213697.250000
1550    -213698.812500
1551    -213700.656250
1552    -213702.281250
1553    -213704.015625
1554    -213705.828125
1555    -213707.515625
1556    -213709.187500
1557    -213710.859375
1558    -213712.640625
1559    -213714.218750
1560    -213715.828125
1561    -213717.531250
1562    -213719.218750
1563    -213720.906250
1564    -213722.687500
1565    -213724.390625
1566    -213725.937500
1567    -213727.656250
1568    -213729.250000
1569    -213730.953125
1570    -213732.593750
1571    -213734.281250
1572    -213735.937500
1573    -213737.625000
1574    -213739.406250
1575    -213740.890625
1576    -213742.531250
1577    -213744.234375
1578    -213745.937500
1579    -213747.468750
1580    -213749.046875
1581    -213750.671875
1582    -213752.375000
1583    -213754.015625
1584    -213755.593750
1585    -213757.375000
1586    -213758.859375
1587    -213760.531250
1588    -213762.125000
1589    -213763.750000
1590    -213765.296875
1591    -213767.015625
1592    -213768.593750
1593    -213770.234375
1594    -213771.812500
1595    -213773.296875
1596    -213774.875000
1597    -213776.500000
1598    -213778.093750
1599    -213779.625000
1600    -213781.312500
1601    -213782.796875
1602    -213784.468750
1603    -213785.890625
1604    -213787.500000
1605    -213789.062500
1606    -213790.656250
1607    -213792.218750
1608    -213793.640625
1609    -213795.250000
1610    -213796.843750
1611    -213798.375000
1612    -213800.031250
1613    -213801.406250
1614    -213803.125000
1615    -213804.593750
1616    -213806.046875
1617    -213807.437500
1618    -213809.093750
1619    -213810.656250
1620    -213812.234375
1621    -213813.671875
1622    -213815.218750
1623    -213816.718750
1624    -213818.031250
1625    -213819.828125
1626    -213821.140625
1627    -213822.687500
1628    -213824.281250
1629    -213825.578125
1630    -213827.062500
1631    -213828.500000
1632    -213829.937500
1633    -213831.468750
1634    -213833.078125
1635    -213834.468750
1636    -213835.921875
1637    -213837.593750
1638    -213838.859375
1639    -213840.375000
1640    -213841.796875
1641    -213843.359375
1642    -213844.656250
1643    -213846.156250
1644    -213847.703125
1645    -213849.031250
1646    -213850.546875
1647    -213851.968750
1648    -213853.375000
1649    -213854.812500
1650    -213856.265625
1651    -213857.750000
1652    -213859.218750
1653    -213860.468750
1654    -213861.968750
1655    -213863.546875
1656    -213864.906250
1657    -213866.281250
1658    -213867.625000
1659    -213869.062500
1660    -213870.421875
1661    -213871.906250
1662    -213873.250000
1663    -213874.781250
1664    -213876.062500
1665    -213877.484375
1666    -213878.921875
1667    -213880.312500
1668    -213881.593750
1669    -213883.000000
1670    -213884.343750
1671    -213885.734375
1672    -213887.093750
1673    -213888.546875
1674    -213889.921875
1675    -213891.187500
1676    -213892.765625
1677    -213894.125000
1678    -213895.484375
1679    -213896.718750
1680    -213898.156250
1681    -213899.656250
1682    -213901.031250
1683    -213902.484375
1684    -213903.687500
1685    -213905.062500
1686    -213906.390625
1687    -213907.843750
1688    -213909.187500
1689    -213910.531250
1690    -213911.859375
1691    -213913.375000
1692    -213914.750000
1693    -213916.078125
1694    -213917.328125
1695    -213918.687500
1696    -213920.093750
1697    -213921.421875
1698    -213922.781250
1699    -213924.203125
1700    -213925.515625
1701    -213926.890625
1702    -213928.343750
1703    -213929.562500
1704    -213930.953125
1705    -213932.046875
1706    -213933.453125
1707    -213934.906250
1708    -213936.281250
1709    -213937.578125
1710    -213938.859375
1711    -213940.125000
1712    -213941.531250
1713    -213942.703125
1714    -213944.031250
1715    -213945.343750
1716    -213946.687500
1717    -213947.953125
1718    -213949.437500
1719    -213950.625000
1720    -213951.890625
1721    -213953.171875
1722    -213954.515625
1723    -213955.656250
1724    -213957.093750
1725    -213958.375000
1726    -213959.656250
1727    -213960.875000
1728    -213962.265625
1729    -213963.531250
1730    -213964.906250
1731    -213966.218750
1732    -213967.390625
1733    -213968.656250
1734    -213969.906250
1735    -213971.203125
1736    -213972.593750
1737    -213973.843750
1738    -213975.156250
1739    -213976.281250
1740    -213977.656250
1741    -213978.843750
1742    -213980.156250
1743    -213981.562500
1744    -213982.656250
1745    -213983.875000
1746    -213985.203125
1747    -213986.500000
1748    -213987.750000
1749    -213988.968750
1750    -213990.375000
1751    -213991.484375
1752    -213992.812500
1753    -213994.000000
1754    -213995.187500
1755    -213996.437500
1756    -213997.609375
1757    -213999.046875
1758    -214000.203125
1759    -214001.531250
1760    -214002.625000
1761    -214003.859375
1762    -214005.125000
1763    -214006.375000
1764    -214007.421875
1765    -214008.734375
1766    -214009.906250
1767    -214011.031250
1768    -214012.250000
1769    -214013.468750
1770    -214014.718750
1771    -214015.828125
1772    -214017.156250
1773    -214018.203125
1774    -214019.515625
1775    -214020.718750
1776    -214021.937500
1777    -214023.078125
1778    -214024.187500
1779    -214025.343750
1780    -214026.468750
1781    -214027.671875
1782    -214028.781250
1783    -214029.984375
1784    -214031.281250
1785    -214032.437500
1786    -214033.562500
1787    -214034.531250
1788    -214035.843750
1789    -214037.062500
1790    -214038.296875
1791    -214039.265625
1792    -214040.500000
1793    -214041.703125
1794    -214042.812500
1795    -214043.984375
1796    -214045.046875
1797    -214046.343750
1798    -214047.312500
1799    -214048.562500
1800    -214049.750000
1801    -214050.906250
1802    -214052.031250
1803    -214053.125000
1804    -214054.312500
1805    -214055.328125
1806    -214056.453125
1807    -214057.718750
1808    -214058.718750
1809    -214059.937500
1810    -214061.062500
1811    -214062.125000
1812    -214063.250000
1813    -214064.390625
1814    -214065.500000
1815    -214066.562500
1816    -214067.703125
1817    -214068.968750
1818    -214069.953125
1819    -214071.156250
1820    -214072.218750
1821    -214073.343750
1822    -214074.406250
1823    -214075.437500
1824    -214076.656250
1825    -214077.734375
1826    -214078.781250
1827    -214079.828125
1828    -214081.031250
1829    -214082.078125
1830    -214083.203125
1831    -214084.234375
1832    -214085.328125
1833    -214086.531250
1834    -214087.500000
1835    -214088.640625
1836    -214089.718750
1837    -214090.890625
1838    -214092.031250
1839    -214092.906250
1840    -214094.312500
1841    -214095.234375
1842    -214096.265625
1843    -214097.531250
1844    -214098.468750
1845    -214099.625000
1846    -214100.703125
1847    -214101.875000
1848    -214102.875000
1849    -214103.937500
1850    -214105.140625
1851    -214106.125000
1852    -214107.375000
1853    -214108.359375
1854    -214109.500000
1855    -214110.625000
1856    -214111.625000
1857    -214112.625000
1858    -214113.906250
1859    -214114.890625
1860    -214116.015625
1861    -214117.109375
1862    -214118.218750
1863    -214119.250000
1864    -214120.359375
1865    -214121.437500
1866    -214122.500000
1867    -214123.656250
1868    -214124.781250
1869    -214125.750000
1870    -214126.812500
1871    -214127.875000
1872    -214128.859375
1873    -214130.187500
1874    -214131.187500
1875    -214132.187500
1876    -214133.328125
1877    -214134.187500
1878    -214135.328125
1879    -214136.437500
1880    -214137.468750
1881    -214138.578125
1882    -214139.656250
1883    -214140.640625
1884    -214141.718750
1885    -214142.937500
1886    -214143.906250
1887    -214144.953125
1888    -214146.031250
1889    -214147.093750
1890    -214148.171875
1891    -214149.171875
1892    -214150.390625
1893    -214151.453125
1894    -214152.468750
1895    -214153.531250
1896    -214154.593750
1897    -214155.671875
1898    -214156.656250
1899    -214157.703125
1900    -214158.781250
1901    -214159.859375
1902    -214160.718750
1903    -214161.781250
1904    -214162.968750
1905    -214163.968750
1906    -214165.000000
1907    -214166.156250
1908    -214167.078125
1909    -214168.250000
1910    -214169.234375
1911    -214170.187500
1912    -214171.359375
1913    -214172.421875
1914    -214173.359375
1915    -214174.468750
1916    -214175.562500
1917    -214176.625000
1918    -214177.750000
1919    -214178.687500
1920    -214179.781250
1921    -214180.875000
1922    -214182.015625
1923    -214183.031250
1924    -214184.062500
1925    -214185.062500
1926    -214186.281250
1927    -214187.312500
1928    -214188.265625
1929    -214189.437500
1930    -214190.390625
1931    -214191.437500
1932    -214192.656250
1933    -214193.656250
1934    -214194.531250
1935    -214195.687500
1936    -214196.765625
1937    -214197.875000
1938    -214199.000000
1939    -214200.031250
1940    -214201.046875
1941    -214202.125000
1942    -214203.218750
1943    -214204.203125
1944    -214205.375000
1945    -214206.265625
1946    -214207.500000
1947    -214208.437500
1948    -214209.406250
1949    -214210.578125
1950    -214211.687500
1951    -214212.546875
1952    -214213.781250
1953    -214214.750000
1954    -214215.968750
1955    -214216.937500
1956    -214218.000000
1957    -214219.109375
1958    -214220.250000
1959    -214221.250000
1960    -214222.171875
1961    -214223.281250
1962    -214224.421875
1963    -214225.468750
1964    -214226.375000
1965    -214227.593750
1966    -214228.640625
1967    -214229.750000
1968    -214230.750000
1969    -214231.750000
1970    -214232.875000
1971    -214233.875000
1972    -214234.875000
1973    -214236.031250
1974    -214237.000000
1975    -214238.125000
1976    -214239.218750
1977    -214240.203125
1978    -214241.296875
1979    -214242.343750
1980    -214243.484375
1981    -214244.453125
1982    -214245.531250
1983    -214246.593750
1984    -214247.562500
1985    -214248.656250
1986    -214249.781250
1987    -214250.812500
1988    -214251.812500
1989    -214252.937500
1990    -214253.984375
1991    -214254.937500
1992    -214256.140625
1993    -214257.109375
1994    -214258.203125
1995    -214259.453125
1996    -214260.312500
1997    -214261.500000
1998    -214262.562500
1999    -214263.609375
2000    -214264.625000
2001    -214265.531250
2002    -214266.593750
2003    -214267.578125
2004    -214268.656250
2005    -214269.718750
2006    -214270.781250
2007    -214271.765625
2008    -214272.968750
2009    -214273.875000
2010    -214274.968750
2011    -214275.906250
2012    -214277.078125
2013    -214278.031250
2014    -214279.109375
2015    -214280.093750
2016    -214281.062500
2017    -214282.125000
2018    -214283.187500
2019    -214284.281250
2020    -214285.203125
2021    -214286.156250
2022    -214287.250000
2023    -214288.234375
2024    -214289.281250
2025    -214290.218750
2026    -214291.406250
2027    -214292.359375
2028    -214293.546875
2029    -214294.437500
2030    -214295.375000
2031    -214296.500000
2032    -214297.578125
2033    -214298.531250
2034    -214299.562500
2035    -214300.562500
2036    -214301.703125
2037    -214302.609375
2038    -214303.687500
2039    -214304.750000
2040    -214305.750000
2041    -214306.921875
2042    -214307.875000
2043    -214309.031250
2044    -214309.937500
2045    -214310.937500
2046    -214311.937500
2047    -214312.968750
2048    -214314.125000
2049    -214315.109375
2050    -214316.156250
2051    -214317.125000
2052    -214318.156250
2053    -214319.187500
2054    -214320.125000
2055    -214321.203125
2056    -214322.281250
2057    -214323.234375
2058    -214324.312500
2059    -214325.500000
2060    -214326.468750
2061    -214327.515625
2062    -214328.500000
2063    -214329.500000
2064    -214330.531250
2065    -214331.578125
2066    -214332.546875
2067    -214333.500000
2068    -214334.562500
2069    -214335.593750
2070    -214336.562500
2071    -214337.671875
2072    -214338.609375
2073    -214339.718750
2074    -214340.703125
2075    -214341.781250
2076    -214342.812500
2077    -214343.734375
2078    -214344.828125
2079    -214345.843750
2080    -214346.875000
2081    -214347.953125
2082    -214349.093750
2083    -214350.062500
2084    -214351.031250
2085    -214352.093750
2086    -214353.140625
2087    -214354.171875
2088    -214355.250000
2089    -214356.250000
2090    -214357.312500
2091    -214358.203125
2092    -214359.250000
2093    -214360.421875
2094    -214361.500000
2095    -214362.531250
2096    -214363.562500
2097    -214364.484375
2098    -214365.531250
2099    -214366.687500
2100    -214367.562500
2101    -214368.593750
2102    -214369.687500
2103    -214370.687500
2104    -214371.687500
2105    -214372.656250
2106    -214373.828125
2107    -214374.812500
2108    -214375.734375
2109    -214376.734375
2110    -214377.765625
2111    -214378.937500
2112    -214379.937500
2113    -214380.968750
2114    -214381.859375
2115    -214382.937500
2116    -214383.906250
2117    -214385.000000
2118    -214386.046875
2119    -214387.062500
2120    -214388.156250
2121    -214389.234375
2122    -214390.328125
2123    -214391.156250
2124    -214392.328125
2125    -214393.375000
2126    -214394.328125
2127    -214395.406250
2128    -214396.453125
2129    -214397.500000
2130    -214398.437500
2131    -214399.484375
2132    -214400.671875
2133    -214401.734375
2134    -214402.859375
2135    -214403.718750
2136    -214404.812500
2137    -214405.765625
2138    -214407.031250
2139    -214407.968750
2140    -214409.093750
2141    -214410.000000
2142    -214411.125000
2143    -214412.125000
2144    -214413.265625
2145    -214414.296875
2146    -214415.375000
2147    -214416.375000
2148    -214417.500000
2149    -214418.437500
2150    -214419.703125
2151    -214420.640625
2152    -214421.687500
2153    -214422.718750
2154    -214423.812500
2155    -214424.906250
2156    -214426.000000
2157    -214427.062500
2158    -214428.093750
2159    -214429.156250
2160    -214430.281250
2161    -214431.312500
2162    -214432.500000
2163    -214433.468750
2164    -214434.562500
2165    -214435.656250
2166    -214436.765625
2167    -214437.859375
2168    -214438.781250
2169    -214439.968750
2170    -214441.156250
2171    -214442.125000
2172    -214443.187500
2173    -214444.218750
2174    -214445.437500
2175    -214446.500000
2176    -214447.578125
2177    -214448.625000
2178    -214449.640625
2179    -214450.906250
2180    -214451.937500
2181    -214452.968750
2182    -214454.062500
2183    -214455.156250
2184    -214456.359375
2185    -214457.343750
2186    -214458.421875
2187    -214459.531250
2188    -214460.718750
2189    -214461.671875
2190    -214462.812500
2191    -214463.890625
2192    -214465.109375
2193    -214466.187500
2194    -214467.187500
2195    -214468.375000
2196    -214469.484375
2197    -214470.546875
2198    -214471.593750
2199    -214472.718750
2200    -214473.859375
2201    -214474.906250
2202    -214476.062500
2203    -214477.171875
2204    -214478.375000
2205    -214479.437500
2206    -214480.500000
2207    -214481.593750
2208    -214482.687500
2209    -214483.781250
2210    -214484.843750
2211    -214485.968750
2212    -214487.031250
2213    -214488.062500
2214    -214489.031250
2215    -214490.265625
2216    -214491.312500
2217    -214492.328125
2218    -214493.578125
2219    -214494.625000
2220    -214495.500000
2221    -214496.781250
2222    -214497.843750
2223    -214498.968750
2224    -214499.968750
2225    -214501.031250
2226    -214502.125000
2227    -214503.109375
2228    -214504.093750
2229    -214505.328125
2230    -214506.343750
2231    -214507.375000
2232    -214508.531250
2233    -214509.562500
2234    -214510.750000
2235    -214511.812500
2236    -214512.718750
2237    -214513.953125
2238    -214514.875000
2239    -214515.875000
2240    -214517.015625
2241    -214518.171875
2242    -214519.218750
2243    -214520.281250
2244    -214521.218750
2245    -214522.343750
2246    -214523.390625
2247    -214524.437500
2248    -214525.546875
2249    -214526.562500
2250    -214527.609375
2251    -214528.640625
2252    -214529.578125
2253    -214530.609375
2254    -214531.750000
2255    -214532.718750
2256    -214533.812500
2257    -214534.750000
2258    -214535.812500
2259    -214536.812500
2260    -214538.000000
2261    -214538.875000
2262    -214540.000000
2263    -214540.921875
2264    -214542.015625
2265    -214543.000000
2266    -214544.000000
2267    -214544.968750
2268    -214546.156250
2269    -214547.093750
2270    -214548.250000
2271    -214549.187500
2272    -214550.156250
2273    -214551.250000
2274    -214552.281250
2275    -214553.296875
2276    -214554.218750
2277    -214555.203125
2278    -214556.343750
2279    -214557.296875
2280    -214558.375000
2281    -214559.312500
2282    -214560.328125
2283    -214561.375000
2284    -214562.453125
2285    -214563.515625
2286    -214564.437500
2287    -214565.437500
2288    -214566.390625
2289    -214567.453125
2290    -214568.484375
2291    -214569.390625
2292    -214570.328125
2293    -214571.468750
2294    -214572.437500
2295    -214573.406250
2296    -214574.406250
2297    -214575.234375
2298    -214576.328125
2299    -214577.312500
2300    -214578.359375
2301    -214579.250000
2302    -214580.218750
2303    -214581.187500
2304    -214582.218750
2305    -214583.093750
2306    -214584.093750
2307    -214585.062500
2308    -214586.156250
2309    -214587.062500
2310    -214588.031250
2311    -214588.906250
2312    -214590.000000
2313    -214590.953125
2314    -214591.875000
2315    -214592.812500
2316    -214593.828125
2317    -214594.750000
2318    -214595.687500
2319    -214596.625000
2320    -214597.593750
2321    -214598.562500
2322    -214599.484375
2323    -214600.468750
2324    -214601.375000
2325    -214602.375000
2326    -214603.312500
2327    -214604.281250
2328    -214605.250000
2329    -214606.078125
2330    -214607.093750
2331    -214607.953125
2332    -214608.875000
2333    -214609.953125
2334    -214610.843750
2335    -214611.781250
2336    -214612.703125
2337    -214613.593750
2338    -214614.578125
2339    -214615.515625
2340    -214616.343750
2341    -214617.312500
2342    -214618.234375
2343    -214619.093750
2344    -214620.000000
2345    -214620.906250
2346    -214621.765625
2347    -214622.703125
2348    -214623.687500
2349    -214624.468750
2350    -214625.562500
2351    -214626.453125
2352    -214627.187500
2353    -214628.093750
2354    -214628.984375
2355    -214629.906250
2356    -214630.812500
2357    -214631.687500
2358    -214632.562500
2359    -214633.515625
2360    -214634.437500
2361    -214635.281250
2362    -214636.187500
2363    -214637.156250
2364    -214638.031250
2365    -214638.937500
2366    -214639.828125
2367    -214640.671875
2368    -214641.656250
2369    -214642.546875
2370    -214643.281250
2371    -214644.218750
2372    -214645.125000
2373    -214645.906250
2374    -214646.796875
2375    -214647.687500
2376    -214648.609375
2377    -214649.437500
2378    -214650.281250
2379    -214651.156250
2380    -214652.015625
2381    -214652.953125
2382    -214653.718750
2383    -214654.578125
2384    -214655.453125
2385    -214656.265625
2386    -214657.234375
2387    -214658.109375
2388    -214658.890625
2389    -214659.765625
2390    -214660.562500
2391    -214661.468750
2392    -214662.265625
2393    -214663.125000
2394    -214664.078125
2395    -214664.718750
2396    -214665.562500
2397    -214666.437500
2398    -214667.328125
2399    -214668.125000
2400    -214668.937500
2401    -214669.718750
2402    -214670.578125
2403    -214671.375000
2404    -214672.296875
2405    -214673.125000
2406    -214673.859375
2407    -214674.718750
2408    -214675.468750
2409    -214676.281250
2410    -214677.125000
2411    -214677.937500
2412    -214678.750000
2413    -214679.531250
2414    -214680.375000
2415    -214681.156250
2416    -214681.984375
2417    -214682.828125
2418    -214683.656250
2419    -214684.406250
2420    -214685.250000
2421    -214685.968750
2422    -214686.828125
2423    -214687.625000
2424    -214688.421875
2425    -214689.234375
2426    -214690.015625
2427    -214690.859375
2428    -214691.625000
2429    -214692.390625
2430    -214693.328125
2431    -214694.093750
2432    -214694.859375
2433    -214695.625000
2434    -214696.437500
2435    -214697.296875
2436    -214697.968750
2437    -214698.906250
2438    -214699.703125
2439    -214700.406250
2440    -214701.218750
2441    -214702.093750
2442    -214702.906250
2443    -214703.671875
2444    -214704.468750
2445    -214705.218750
2446    -214706.062500
2447    -214706.906250
2448    -214707.593750
2449    -214708.500000
2450    -214709.281250
2451    -214710.078125
2452    -214711.000000
2453    -214711.640625
2454    -214712.468750
2455    -214713.312500
2456    -214714.062500
2457    -214714.843750
2458    -214715.765625
2459    -214716.500000
2460    -214717.296875
2461    -214718.062500
2462    -214718.750000
2463    -214719.515625
2464    -214720.375000
2465    -214721.203125
2466    -214721.984375
2467    -214722.781250
2468    -214723.593750
2469    -214724.343750
2470    -214725.109375
2471    -214725.828125
2472    -214726.671875
2473    -214727.468750
2474    -214728.234375
2475    -214728.984375
2476    -214729.843750
2477    -214730.546875
2478    -214731.406250
2479    -214732.078125
2480    -214732.906250
2481    -214733.656250
2482    -214734.375000
2483    -214735.187500
2484    -214736.000000
2485    -214736.718750
2486    -214737.515625
2487    -214738.281250
2488    -214739.046875
2489    -214739.718750
2490    -214740.468750
2491    -214741.250000
2492    -214742.109375
2493    -214742.812500
2494    -214743.546875
2495    -214744.359375
2496    -214745.187500
2497    -214745.937500
2498    -214746.687500
2499    -214747.375000
2500    -214748.203125
2501    -214749.000000
2502    -214749.593750
2503    -214750.406250
2504    -214751.187500
2505    -214752.000000
2506    -214752.671875
2507    -214753.421875
2508    -214754.281250
2509    -214755.015625
2510    -214755.703125
2511    -214756.546875
2512    -214757.359375
2513    -214758.062500
2514    -214758.843750
2515    -214759.640625
2516    -214760.375000
2517    -214761.125000
2518    -214761.843750
2519    -214762.625000
2520    -214763.375000
2521    -214764.281250
2522    -214765.062500
2523    -214765.750000
2524    -214766.531250
2525    -214767.312500
2526    -214768.062500
2527    -214768.937500
2528    -214769.578125
2529    -214770.437500
2530    -214771.171875
2531    -214771.968750
2532    -214772.750000
2533    -214773.546875
2534    -214774.312500
2535    -214775.000000
2536    -214775.875000
2537    -214776.734375
2538    -214777.468750
2539    -214778.265625
2540    -214778.906250
2541    -214779.750000
2542    -214780.625000
2543    -214781.281250
2544    -214782.031250
2545    -214782.843750
2546    -214783.625000
2547    -214784.343750
2548    -214785.109375
2549    -214785.875000
2550    -214786.656250
2551    -214787.531250
2552    -214788.250000
2553    -214788.968750
2554    -214789.765625
2555    -214790.500000
2556    -214791.406250
2557    -214792.187500
2558    -214792.921875
2559    -214793.625000
2560    -214794.531250
2561    -214795.218750
2562    -214796.125000
2563    -214796.875000
2564    -214797.625000
2565    -214798.375000
2566    -214799.125000
2567    -214799.906250
2568    -214800.687500
2569    -214801.421875
2570    -214802.296875
2571    -214803.062500
2572    -214803.718750
2573    -214804.593750
2574    -214805.375000
2575    -214806.156250
2576    -214806.812500
2577    -214807.593750
2578    -214808.406250
2579    -214809.187500
2580    -214809.937500
2581    -214810.734375
2582    -214811.531250
2583    -214812.312500
2584    -214813.156250
2585    -214813.875000
2586    -214814.703125
2587    -214815.515625
2588    -214816.265625
2589    -214817.062500
2590    -214817.968750
2591    -214818.734375
2592    -214819.484375
2593    -214820.312500
2594    -214821.156250
2595    -214821.875000
2596    -214822.734375
2597    -214823.515625
2598    -214824.250000
2599    -214825.062500
2600    -214825.890625
2601    -214826.703125
2602    -214827.468750
2603    -214828.281250
2604    -214829.125000
2605    -214829.906250
2606    -214830.718750
2607    -214831.531250
2608    -214832.281250
2609    -214832.984375
2610    -214833.937500
2611    -214834.703125
2612    -214835.531250
2613    -214836.375000
2614    -214837.093750
2615    -214838.000000
2616    -214838.750000
2617    -214839.546875
2618    -214840.437500
2619    -214841.125000
2620    -214842.031250
2621    -214842.796875
2622    -214843.578125
2623    -214844.484375
2624    -214845.203125
2625    -214846.046875
2626    -214846.859375
2627    -214847.593750
2628    -214848.421875
2629    -214849.265625
2630    -214850.031250
2631    -214850.875000
2632    -214851.734375
2633    -214852.484375
2634    -214853.281250
2635    -214853.968750
2636    -214854.906250
2637    -214855.718750
2638    -214856.500000
2639    -214857.359375
2640    -214858.171875
2641    -214859.000000
2642    -214859.765625
2643    -214860.609375
2644    -214861.468750
2645    -214862.218750
2646    -214863.031250
2647    -214863.875000
2648    -214864.656250
2649    -214865.468750
2650    -214866.281250
2651    -214867.125000
2652    -214867.968750
2653    -214868.781250
2654    -214869.578125
2655    -214870.296875
2656    -214871.140625
2657    -214871.984375
2658    -214872.750000
2659    -214873.687500
2660    -214874.421875
2661    -214875.203125
2662    -214875.921875
2663    -214876.750000
2664    -214877.656250
2665    -214878.437500
2666    -214879.234375
2667    -214880.062500
2668    -214880.906250
2669    -214881.718750
2670    -214882.421875
2671    -214883.375000
2672    -214884.093750
2673    -214884.921875
2674    -214885.781250
2675    -214886.437500
2676    -214887.234375
2677    -214888.031250
2678    -214888.843750
2679    -214889.656250
2680    -214890.484375
2681    -214891.281250
2682    -214892.031250
2683    -214892.906250
2684    -214893.796875
2685    -214894.546875
2686    -214895.437500
2687    -214896.031250
2688    -214896.812500
2689    -214897.750000
2690    -214898.562500
2691    -214899.406250
2692    -214900.093750
2693    -214901.000000
2694    -214901.812500
2695    -214902.625000
2696    -214903.468750
2697    -214904.312500
2698    -214905.062500
2699    -214905.781250
2700    -214906.625000
2701    -214907.390625
2702    -214908.203125
2703    -214909.109375
2704    -214909.890625
2705    -214910.625000
2706    -214911.484375
2707    -214912.218750
2708    -214913.125000
2709    -214913.812500
2710    -214914.687500
2711    -214915.484375
2712    -214916.203125
2713    -214917.062500
2714    -214917.906250
2715    -214918.734375
2716    -214919.468750
2717    -214920.375000
2718    -214921.125000
2719    -214921.984375
2720    -214922.687500
2721    -214923.406250
2722    -214924.218750
2723    -214925.093750
2724    -214925.875000
2725    -214926.750000
2726    -214927.531250
2727    -214928.343750
2728    -214929.046875
2729    -214929.906250
2730    -214930.671875
2731    -214931.453125
2732    -214932.281250
2733    -214933.140625
2734    -214933.906250
2735    -214934.750000
2736    -214935.500000
2737    -214936.390625
2738    -214937.078125
2739    -214937.906250
2740    -214938.687500
2741    -214939.500000
2742    -214940.296875
2743    -214941.093750
2744    -214941.890625
2745    -214942.656250
2746    -214943.500000
2747    -214944.343750
2748    -214945.093750
2749    -214945.875000
2750    -214946.687500
2751    -214947.468750
2752    -214948.312500
2753    -214949.109375
2754    -214949.890625
2755    -214950.578125
2756    -214951.406250
2757    -214952.203125
2758    -214953.093750
2759    -214953.843750
2760    -214954.671875
2761    -214955.484375
2762    -214956.312500
2763    -214957.078125
2764    -214957.812500
2765    -214958.593750
2766    -214959.406250
2767    -214960.281250
2768    -214961.031250
2769    -214961.843750
2770    -214962.562500
2771    -214963.437500
2772    -214964.125000
2773    -214964.843750
2774    -214965.687500
2775    -214966.531250
2776    -214967.234375
2777    -214968.031250
2778    -214968.890625
2779    -214969.656250
2780    -214970.359375
2781    -214971.093750
2782    -214971.843750
2783    -214972.750000
2784    -214973.437500
2785    -214974.203125
2786    -214974.953125
2787    -214975.796875
2788    -214976.453125
2789    -214977.250000
2790    -214978.000000
2791    -214978.796875
2792    -214979.562500
2793    -214980.312500
2794    -214981.093750
2795    -214981.843750
2796    -214982.468750
2797    -214983.281250
2798    -214983.968750
2799    -214984.843750
2800    -214985.531250
2801    -214986.312500
2802    -214987.000000
2803    -214987.765625
2804    -214988.531250
2805    -214989.156250
2806    -214989.937500
2807    -214990.625000
2808    -214991.375000
2809    -214992.187500
2810    -214992.984375
2811    -214993.656250
2812    -214994.375000
2813    -214995.218750
2814    -214995.906250
2815    -214996.562500
2816    -214997.296875
2817    -214998.015625
2818    -214998.687500
2819    -214999.437500
2820    -215000.218750
2821    -215000.890625
2822    -215001.671875
2823    -215002.359375
2824    -215003.156250
2825    -215003.812500
2826    -215004.515625
2827    -215005.171875
2828    -215005.984375
2829    -215006.718750
2830    -215007.343750
2831    -215008.093750
2832    -215008.812500
2833    -215009.500000
2834    -215010.109375
2835    -215010.875000
2836    -215011.625000
2837    -215012.343750
2838    -215013.031250
2839    -215013.625000
2840    -215014.343750
2841    -215015.125000
2842    -215015.812500
2843    -215016.562500
2844    -215017.156250
2845    -215017.937500
2846    -215018.625000
2847    -215019.328125
2848    -215020.046875
2849    -215020.687500
2850    -215021.359375
2851    -215022.078125
2852    -215022.718750
2853    -215023.500000
2854    -215024.125000
2855    -215024.843750
2856    -215025.531250
2857    -215026.234375
2858    -215026.875000
2859    -215027.625000
2860    -215028.281250
2861    -215028.906250
2862    -215029.671875
2863    -215030.281250
2864    -215031.000000
2865    -215031.625000
2866    -215032.328125
2867    -215033.093750
2868    -215033.671875
2869    -215034.343750
2870    -215035.031250
2871    -215035.812500
2872    -215036.375000
2873    -215037.156250
2874    -215037.750000
2875    -215038.421875
2876    -215039.031250
2877    -215039.734375
2878    -215040.406250
2879    -215041.125000
2880    -215041.718750
2881    -215042.421875
2882    -215043.109375
2883    -215043.718750
2884    -215044.343750
2885    -215045.140625
2886    -215045.671875
2887    -215046.359375
2888    -215046.984375
2889    -215047.625000
2890    -215048.296875
2891    -215049.000000
2892    -215049.593750
2893    -215050.265625
2894    -215050.859375
2895    -215051.531250
2896    -215052.062500
2897    -215052.812500
2898    -215053.406250
2899    -215053.984375
2900    -215054.656250
2901    -215055.281250
2902    -215055.968750
2903    -215056.593750
2904    -215057.125000
2905    -215057.781250
2906    -215058.343750
2907    -215059.062500
2908    -215059.609375
2909    -215060.296875
2910    -215060.875000
2911    -215061.531250
2912    -215062.125000
2913    -215062.625000
2914    -215063.296875
2915    -215063.937500
2916    -215064.468750
2917    -215065.062500
2918    -215065.687500
2919    -215066.421875
2920    -215067.000000
2921    -215067.531250
2922    -215068.171875
2923    -215068.687500
2924    -215069.328125
2925    -215069.906250
2926    -215070.578125
2927    -215071.250000
2928    -215071.687500
2929    -215072.375000
2930    -215072.875000
2931    -215073.531250
2932    -215074.078125
2933    -215074.687500
2934    -215075.265625
2935    -215075.937500
2936    -215076.437500
2937    -215077.031250
2938    -215077.640625
2939    -215078.281250
2940    -215078.890625
2941    -215079.437500
2942    -215079.937500
2943    -215080.593750
2944    -215081.156250
2945    -215081.734375
2946    -215082.437500
2947    -215083.000000
2948    -215083.468750
2949    -215084.062500
2950    -215084.687500
2951    -215085.109375
2952    -215085.750000
2953    -215086.343750
2954    -215086.968750
2955    -215087.375000
2956    -215088.031250
2957    -215088.640625
2958    -215089.156250
2959    -215089.703125
2960    -215090.328125
2961    -215090.921875
2962    -215091.437500
2963    -215092.093750
2964    -215092.562500
2965    -215093.218750
2966    -215093.781250
2967    -215094.281250
2968    -215094.875000
2969    -215095.406250
2970    -215095.875000
2971    -215096.531250
2972    -215097.015625
2973    -215097.593750
2974    -215098.093750
2975    -215098.687500
2976    -215099.296875
2977    -215099.875000
2978    -215100.437500
2979    -215100.968750
2980    -215101.468750
2981    -215102.156250
2982    -215102.656250
2983    -215103.234375
2984    -215103.828125
2985    -215104.312500
2986    -215104.812500
2987    -215105.437500
2988    -215105.968750
2989    -215106.593750
2990    -215107.062500
2991    -215107.609375
2992    -215108.218750
2993    -215108.750000
2994    -215109.265625
2995    -215109.859375
2996    -215110.437500
2997    -215111.000000
2998    -215111.562500
2999    -215112.140625
3000    -215112.625000
3001    -215113.156250
3002    -215113.593750
3003    -215114.296875
3004    -215114.812500
3005    -215115.359375
3006    -215115.843750
3007    -215116.531250
3008    -215117.031250
3009    -215117.531250
3010    -215118.187500
3011    -215118.734375
3012    -215119.218750
3013    -215119.687500
3014    -215120.265625
3015    -215120.875000
3016    -215121.375000
3017    -215121.937500
3018    -215122.531250
3019    -215123.015625
3020    -215123.562500
3021    -215124.062500
3022    -215124.703125
3023    -215125.156250
3024    -215125.734375
3025    -215126.250000
3026    -215126.765625
3027    -215127.312500
3028    -215127.875000
3029    -215128.437500
3030    -215129.031250
3031    -215129.546875
3032    -215130.078125
3033    -215130.656250
3034    -215131.281250
3035    -215131.750000
3036    -215132.281250
3037    -215132.859375
3038    -215133.406250
3039    -215133.937500
3040    -215134.468750
3041    -215135.000000
3042    -215135.546875
3043    -215136.093750
3044    -215136.703125
3045    -215137.281250
3046    -215137.734375
3047    -215138.343750
3048    -215138.875000
3049    -215139.265625
3050    -215139.937500
3051    -215140.515625
3052    -215141.000000
3053    -215141.625000
3054    -215142.125000
3055    -215142.640625
3056    -215143.218750
3057    -215143.843750
3058    -215144.250000
3059    -215144.828125
3060    -215145.343750
3061    -215145.968750
3062    -215146.437500
3063    -215147.000000
3064    -215147.531250
3065    -215148.187500
3066    -215148.656250
3067    -215149.203125
3068    -215149.781250
3069    -215150.468750
3070    -215150.843750
3071    -215151.437500
3072    -215151.953125
3073    -215152.546875
3074    -215153.062500
3075    -215153.625000
3076    -215154.187500
3077    -215154.781250
3078    -215155.406250
3079    -215155.890625
3080    -215156.421875
3081    -215156.953125
3082    -215157.437500
3083    -215158.031250
3084    -215158.625000
3085    -215159.125000
3086    -215159.656250
3087    -215160.234375
3088    -215160.765625
3089    -215161.359375
3090    -215161.843750
3091    -215162.421875
3092    -215163.015625
3093    -215163.406250
3094    -215164.031250
3095    -215164.562500
3096    -215165.156250
3097    -215165.734375
3098    -215166.203125
3099    -215166.750000
3100    -215167.281250
3101    -215167.875000
3102    -215168.375000
3103    -215168.937500
3104    -215169.531250
3105    -215169.953125
3106    -215170.562500
3107    -215171.156250
3108    -215171.640625
3109    -215172.234375
3110    -215172.796875
3111    -215173.343750
3112    -215173.875000
3113    -215174.406250
3114    -215175.093750
3115    -215175.546875
3116    -215176.031250
3117    -215176.687500
3118    -215177.109375
3119    -215177.687500
3120    -215178.187500
3121    -215178.781250
3122    -215179.343750
3123    -215179.906250
3124    -215180.453125
3125    -215180.968750
3126    -215181.593750
3127    -215182.140625
3128    -215182.750000
3129    -215183.296875
3130    -215183.781250
3131    -215184.375000
3132    -215184.875000
3133    -215185.406250
3134    -215185.875000
3135    -215186.531250
3136    -215187.093750
3137    -215187.640625
3138    -215188.187500
3139    -215188.718750
3140    -215189.265625
3141    -215189.812500
3142    -215190.250000
3143    -215190.843750
3144    -215191.437500
3145    -215191.937500
3146    -215192.531250
3147    -215193.062500
3148    -215193.500000
3149    -215194.187500
3150    -215194.625000
3151    -215195.187500
3152    -215195.718750
3153    -215196.234375
3154    -215196.671875
3155    -215197.281250
3156    -215197.812500
3157    -215198.343750
3158    -215198.890625
3159    -215199.406250
3160    -215199.875000
3161    -215200.453125
3162    -215200.875000
3163    -215201.500000
3164    -215202.000000
3165    -215202.500000
3166    -215203.125000
3167    -215203.531250
3168    -215204.187500
3169    -215204.687500
3170    -215205.125000
3171    -215205.703125
3172    -215206.187500
3173    -215206.671875
3174    -215207.187500
3175    -215207.750000
3176    -215208.296875
3177    -215208.796875
3178    -215209.234375
3179    -215209.828125
3180    -215210.312500
3181    -215210.906250
3182    -215211.406250
3183    -215211.812500
3184    -215212.406250
3185    -215212.968750
3186    -215213.468750
3187    -215214.031250
3188    -215214.531250
3189    -215214.968750
3190    -215215.468750
3191    -215216.015625
3192    -215216.531250
3193    -215217.031250
3194    -215217.531250
3195    -215218.031250
3196    -215218.531250
3197    -215219.156250
3198    -215219.562500
3199    -215220.093750
3200    -215220.609375
3201    -215221.109375
3202    -215221.656250
3203    -215222.156250
3204    -215222.687500
3205    -215223.171875
3206    -215223.656250
3207    -215224.187500
3208    -215224.656250
3209    -215225.156250
3210    -215225.687500
3211    -215226.093750
3212    -215226.578125
3213    -215227.218750
3214    -215227.687500
3215    -215228.218750
3216    -215228.687500
3217    -215229.218750
3218    -215229.640625
3219    -215230.109375
3220    -215230.671875
3221    -215231.093750
3222    -215231.609375
3223    -215232.062500
3224    -215232.531250
3225    -215233.031250
3226    -215233.484375
3227    -215234.031250
3228    -215234.500000
3229    -215235.000000
3230    -215235.437500
3231    -215235.937500
3232    -215236.406250
3233    -215236.875000
3234    -215237.343750
3235    -215237.875000
3236    -215238.312500
3237    -215238.765625
3238    -215239.281250
3239    -215239.765625
3240    -215240.140625
3241    -215240.625000
3242    -215241.093750
3243    -215241.656250
3244    -215242.078125
3245    -215242.562500
3246    -215243.000000
3247    -215243.375000
3248    -215243.859375
3249    -215244.343750
3250    -215244.796875
3251    -215245.281250
3252    -215245.656250
3253    -215246.125000
3254    -215246.625000
3255    -215247.093750
3256    -215247.500000
3257    -215247.937500
3258    -215248.390625
3259    -215248.781250
3260    -215249.250000
3261    -215249.687500
3262    -215250.062500
3263    -215250.593750
3264    -215251.062500
3265    -215251.453125
3266    -215251.843750
3267    -215252.375000
3268    -215252.750000
3269    -215253.218750
3270    -215253.625000
3271    -215254.125000
3272    -215254.437500
3273    -215254.968750
3274    -215255.343750
3275    -215255.781250
3276    -215256.234375
3277    -215256.640625
3278    -215257.125000
3279    -215257.546875
3280    -215257.937500
3281    -215258.343750
3282    -215258.781250
3283    -215259.203125
3284    -215259.656250
3285    -215260.046875
3286    -215260.531250
3287    -215260.890625
3288    -215261.343750
3289    -215261.718750
3290    -215262.093750
3291    -215262.515625
3292    -215262.937500
3293    -215263.437500
3294    -215263.750000
3295    -215264.140625
3296    -215264.578125
3297    -215264.906250
3298    -215265.421875
3299    -215265.812500
3300    -215266.265625
3301    -215266.593750
3302    -215267.062500
3303    -215267.390625
3304    -215267.843750
3305    -215268.171875
3306    -215268.671875
3307    -215269.046875
3308    -215269.421875
3309    -215269.812500
3310    -215270.203125
3311    -215270.546875
3312    -215271.000000
3313    -215271.406250
3314    -215271.781250
3315    -215272.156250
3316    -215272.562500
3317    -215272.937500
3318    -215273.203125
3319    -215273.687500
3320    -215274.062500
3321    -215274.484375
3322    -215274.875000
3323    -215275.171875
3324    -215275.515625
3325    -215276.000000
3326    -215276.312500
3327    -215276.703125
3328    -215277.000000
3329    -215277.390625
3330    -215277.796875
3331    -215278.187500
3332    -215278.609375
3333    -215278.968750
3334    -215279.328125
3335    -215279.640625
3336    -215280.015625
3337    -215280.437500
3338    -215280.718750
3339    -215281.109375
3340    -215281.468750
3341    -215281.812500
3342    -215282.218750
3343    -215282.625000
3344    -215282.968750
3345    -215283.343750
3346    -215283.656250
3347    -215284.062500
3348    -215284.343750
3349    -215284.703125
3350    -215285.062500
3351    -215285.375000
3352    -215285.750000
3353    -215286.187500
3354    -215286.468750
3355    -215286.859375
3356    -215287.171875
3357    -215287.500000
3358    -215287.812500
3359    -215288.187500
3360    -215288.562500
3361    -215288.890625
3362    -215289.250000
3363    -215289.593750
3364    -215289.906250
3365    -215290.265625
3366    -215290.656250
3367    -215291.000000
3368    -215291.281250
3369    -215291.656250
3370    -215291.984375
3371    -215292.312500
3372    -215292.578125
3373    -215292.953125
3374    -215293.296875
3375    -215293.640625
3376    -215293.953125
3377    -215294.281250
3378    -215294.562500
3379    -215294.906250
3380    -215295.281250
3381    -215295.562500
3382    -215295.890625
3383    -215296.218750
3384    -215296.562500
3385    -215296.843750
3386    -215297.187500
3387    -215297.500000
3388    -215297.859375
3389    -215298.125000
3390    -215298.500000
3391    -215298.750000
3392    -215299.015625
3393    -215299.375000
3394    -215299.781250
3395    -215300.062500
3396    -215300.406250
3397    -215300.671875
3398    -215300.984375
3399    -215301.359375
3400    -215301.625000
3401    -215301.937500
3402    -215302.265625
3403    -215302.546875
3404    -215302.875000
3405    -215303.156250
3406    -215303.531250
3407    -215303.843750
3408    -215304.187500
3409    -215304.421875
3410    -215304.781250
3411    -215305.062500
3412    -215305.359375
3413    -215305.640625
3414    -215306.000000
3415    -215306.375000
3416    -215306.609375
3417    -215306.875000
3418    -215307.187500
3419    -215307.500000
3420    -215307.828125
3421    -215308.187500
3422    -215308.453125
3423    -215308.687500
3424    -215309.031250
3425    -215309.312500
3426    -215309.640625
3427    -215309.875000
3428    -215310.218750
3429    -215310.500000
3430    -215310.781250
3431    -215311.187500
3432    -215311.390625
3433    -215311.687500
3434    -215311.937500
3435    -215312.312500
3436    -215312.578125
3437    -215312.890625
3438    -215313.125000
3439    -215313.437500
3440    -215313.718750
3441    -215314.015625
3442    -215314.281250
3443    -215314.656250
3444    -215314.906250
3445    -215315.234375
3446    -215315.437500
3447    -215315.781250
3448    -215316.015625
3449    -215316.312500
3450    -215316.703125
3451    -215316.953125
3452    -215317.171875
3453    -215317.437500
3454    -215317.781250
3455    -215318.062500
3456    -215318.312500
3457    -215318.625000
3458    -215318.906250
3459    -215319.187500
3460    -215319.500000
3461    -215319.765625
3462    -215320.000000
3463    -215320.359375
3464    -215320.593750
3465    -215320.843750
3466    -215321.109375
3467    -215321.390625
3468    -215321.687500
3469    -215322.031250
3470    -215322.281250
3471    -215322.453125
3472    -215322.750000
3473    -215323.015625
3474    -215323.296875
3475    -215323.562500
3476    -215323.843750
3477    -215324.203125
3478    -215324.437500
3479    -215324.671875
3480    -215324.906250
3481    -215325.187500
3482    -215325.453125
3483    -215325.687500
3484    -215326.031250
3485    -215326.265625
3486    -215326.468750
3487    -215326.718750
3488    -215326.968750
3489    -215327.218750
3490    -215327.531250
3491    -215327.781250
3492    -215328.000000
3493    -215328.250000
3494    -215328.500000
3495    -215328.703125
3496    -215329.015625
3497    -215329.250000
3498    -215329.500000
3499    -215329.781250
3500    -215329.968750
3501    -215330.265625
3502    -215330.468750
3503    -215330.687500
3504    -215330.890625
3505    -215331.156250
3506    -215331.453125
3507    -215331.656250
3508    -215331.843750
3509    -215332.062500
3510    -215332.312500
3511    -215332.578125
3512    -215332.812500
3513    -215333.015625
3514    -215333.218750
3515    -215333.531250
3516    -215333.734375
3517    -215333.937500
3518    -215334.156250
3519    -215334.421875
3520    -215334.687500
3521    -215334.875000
3522    -215335.093750
3523    -215335.343750
3524    -215335.578125
3525    -215335.781250
3526    -215335.968750
3527    -215336.265625
3528    -215336.500000
3529    -215336.687500
3530    -215337.000000
3531    -215337.156250
3532    -215337.390625
3533    -215337.625000
3534    -215337.906250
3535    -215338.062500
3536    -215338.312500
3537    -215338.515625
3538    -215338.718750
3539    -215338.937500
3540    -215339.203125
3541    -215339.406250
3542    -215339.593750
3543    -215339.859375
3544    -215340.093750
3545    -215340.328125
3546    -215340.531250
3547    -215340.781250
3548    -215340.968750
3549    -215341.171875
3550    -215341.468750
3551    -215341.640625
3552    -215341.859375
3553    -215342.125000
3554    -215342.328125
3555    -215342.531250
3556    -215342.781250
3557    -215342.937500
3558    -215343.250000
3559    -215343.421875
3560    -215343.625000
3561    -215343.875000
3562    -215344.093750
3563    -215344.281250
3564    -215344.546875
3565    -215344.750000
3566    -215344.906250
3567    -215345.171875
3568    -215345.375000
3569    -215345.640625
3570    -215345.812500
3571    -215345.968750
3572    -215346.234375
3573    -215346.406250
3574    -215346.609375
3575    -215346.843750
3576    -215347.078125
3577    -215347.296875
3578    -215347.500000
3579    -215347.671875
3580    -215347.937500
3581    -215348.140625
3582    -215348.343750
3583    -215348.531250
3584    -215348.718750
3585    -215349.000000
3586    -215349.156250
3587    -215349.421875
3588    -215349.625000
3589    -215349.781250
3590    -215350.062500
3591    -215350.234375
3592    -215350.500000
3593    -215350.671875
3594    -215350.843750
3595    -215351.062500
3596    -215351.281250
3597    -215351.500000
3598    -215351.687500
3599    -215351.937500
3600    -215352.140625
3601    -215352.312500
3602    -215352.562500
3603    -215352.750000
3604    -215353.000000
3605    -215353.171875
3606    -215353.375000
3607    -215353.625000
3608    -215353.781250
3609    -215354.046875
3610    -215354.187500
3611    -215354.453125
3612    -215354.625000
3613    -215354.906250
3614    -215355.078125
3615    -215355.265625
3616    -215355.500000
3617    -215355.687500
3618    -215355.953125
3619    -215356.109375
3620    -215356.359375
3621    -215356.531250
3622    -215356.718750
3623    -215357.000000
3624    -215357.156250
3625    -215357.421875
3626    -215357.593750
3627    -215357.812500
3628    -215358.046875
3629    -215358.296875
3630    -215358.468750
3631    -215358.656250
3632    -215358.906250
3633    -215359.078125
3634    -215359.312500
3635    -215359.484375
3636    -215359.750000
3637    -215359.937500
3638    -215360.156250
3639    -215360.359375
3640    -215360.546875
3641    -215360.781250
3642    -215360.984375
3643    -215361.218750
3644    -215361.437500
3645    -215361.625000
3646    -215361.875000
3647    -215362.062500
3648    -215362.250000
3649    -215362.468750
3650    -215362.656250
3651    -215362.843750
3652    -215363.078125
3653    -215363.296875
3654    -215363.546875
3655    -215363.718750
3656    -215363.953125
3657    -215364.140625
3658    -215364.359375
3659    -215364.531250
