Step            Loss
--------------------
1        1116.429565
2         705.460571
3         293.377563
4        -116.973785
5        -528.368408
6        -939.080200
7       -1350.152344
8       -1761.692505
9       -2171.900879
10      -2582.733887
11      -2992.218994
12      -3404.165771
13      -3813.947998
14      -4225.125488
15      -4635.267578
16      -5046.326172
17      -5457.136230
18      -5867.661621
19      -6278.135742
20      -6689.132324
21      -7099.890137
22      -7511.252441
23      -7921.643555
24      -8334.614258
25      -8745.755859
26      -9157.115234
27      -9567.933594
28      -9980.175781
29      -10392.556641
30      -10805.125000
31      -11217.658203
32      -11630.921875
33      -12044.640625
34      -12457.775391
35      -12872.212891
36      -13286.541016
37      -13700.448242
38      -14115.883789
39      -14530.750000
40      -14946.958984
41      -15363.025391
42      -15778.996094
43      -16196.542969
44      -16613.171875
45      -17032.705078
46      -17450.970703
47      -17870.062500
48      -18289.687500
49      -18709.566406
50      -19130.234375
51      -19550.900391
52      -19973.269531
53      -20396.910156
54      -20818.710938
55      -21242.390625
56      -21666.380859
57      -22091.828125
58      -22517.613281
59      -22943.628906
60      -23369.871094
61      -23798.527344
62      -24226.525391
63      -24654.953125
64      -25085.550781
65      -25515.367188
66      -25947.449219
67      -26379.513672
68      -26811.261719
69      -27245.167969
70      -27679.195312
71      -28115.011719
72      -28550.314453
73      -28986.054688
74      -29425.132812
75      -29862.443359
76      -30302.304688
77      -30742.035156
78      -31182.910156
79      -31624.994141
80      -32067.695312
81      -32510.673828
82      -32954.218750
83      -33400.007812
84      -33846.082031
85      -34293.093750
86      -34740.781250
87      -35189.976562
88      -35638.484375
89      -36089.355469
90      -36540.753906
91      -36992.789062
92      -37445.773438
93      -37899.945312
94      -38353.453125
95      -38810.042969
96      -39266.394531
97      -39724.664062
98      -40182.980469
99      -40641.332031
100     -41102.453125
101     -41563.414062
102     -42024.937500
103     -42487.304688
104     -42951.476562
105     -43416.375000
106     -43881.480469
107     -44347.710938
108     -44815.804688
109     -45283.593750
110     -45752.359375
111     -46222.843750
112     -46693.449219
113     -47164.039062
114     -47636.914062
115     -48110.976562
116     -48584.757812
117     -49059.902344
118     -49536.054688
119     -50012.851562
120     -50489.523438
121     -50968.578125
122     -51448.382812
123     -51927.359375
124     -52407.585938
125     -52888.976562
126     -53371.535156
127     -53854.527344
128     -54338.675781
129     -54823.429688
130     -55308.007812
131     -55794.292969
132     -56280.460938
133     -56768.945312
134     -57257.445312
135     -57746.347656
136     -58235.890625
137     -58725.250000
138     -59217.464844
139     -59708.707031
140     -60201.304688
141     -60693.699219
142     -61188.289062
143     -61682.468750
144     -62176.023438
145     -62671.644531
146     -63168.855469
147     -63665.515625
148     -64162.351562
149     -64660.140625
150     -65158.582031
151     -65658.203125
152     -66156.750000
153     -66656.570312
154     -67157.390625
155     -67657.750000
156     -68158.976562
157     -68661.953125
158     -69163.906250
159     -69667.390625
160     -70169.062500
161     -70673.218750
162     -71177.859375
163     -71680.812500
164     -72186.140625
165     -72692.187500
166     -73196.359375
167     -73702.312500
168     -74208.390625
169     -74715.265625
170     -75222.882812
171     -75728.890625
172     -76235.359375
173     -76742.132812
174     -77250.093750
175     -77759.015625
176     -78266.523438
177     -78775.039062
178     -79283.570312
179     -79791.632812
180     -80299.554688
181     -80809.078125
182     -81319.015625
183     -81826.398438
184     -82336.765625
185     -82845.687500
186     -83354.914062
187     -83864.109375
188     -84373.609375
189     -84881.664062
190     -85390.906250
191     -85900.148438
192     -86409.750000
193     -86918.726562
194     -87427.671875
195     -87936.484375
196     -88445.554688
197     -88955.007812
198     -89463.328125
199     -89971.273438
200     -90480.390625
201     -90987.140625
202     -91496.375000
203     -92003.382812
204     -92509.984375
205     -93017.390625
206     -93524.898438
207     -94030.656250
208     -94537.234375
209     -95043.812500
210     -95547.765625
211     -96054.812500
212     -96558.039062
213     -97064.187500
214     -97569.601562
215     -98071.406250
216     -98574.796875
217     -99078.281250
218     -99581.015625
219     -100082.648438
220     -100586.187500
221     -101084.968750
222     -101585.578125
223     -102086.921875
224     -102586.429688
225     -103085.359375
226     -103584.007812
227     -104082.046875
228     -104579.421875
229     -105077.117188
230     -105572.335938
231     -106068.656250
232     -106563.093750
233     -107057.640625
234     -107552.687500
235     -108045.390625
236     -108538.062500
237     -109030.781250
238     -109519.812500
239     -110010.945312
240     -110500.968750
241     -110990.218750
242     -111478.531250
243     -111965.703125
244     -112452.328125
245     -112937.218750
246     -113423.351562
247     -113908.921875
248     -114391.531250
249     -114874.468750
250     -115355.726562
251     -115836.765625
252     -116316.093750
253     -116796.281250
254     -117273.187500
255     -117751.656250
256     -118228.109375
257     -118702.593750
258     -119176.703125
259     -119650.093750
260     -120122.562500
261     -120594.765625
262     -121065.570312
263     -121535.351562
264     -122003.960938
265     -122469.718750
266     -122937.210938
267     -123403.140625
268     -123867.625000
269     -124329.640625
270     -124790.578125
271     -125252.578125
272     -125711.718750
273     -126170.734375
274     -126628.328125
275     -127086.179688
276     -127541.109375
277     -127994.875000
278     -128447.984375
279     -128900.703125
280     -129351.429688
281     -129801.312500
282     -130250.757812
283     -130697.421875
284     -131145.156250
285     -131590.578125
286     -132033.593750
287     -132476.390625
288     -132919.421875
289     -133359.953125
290     -133798.937500
291     -134236.437500
292     -134674.781250
293     -135111.125000
294     -135545.390625
295     -135978.062500
296     -136410.593750
297     -136842.359375
298     -137270.703125
299     -137700.062500
300     -138125.843750
301     -138552.312500
302     -138976.093750
303     -139399.703125
304     -139822.531250
305     -140242.531250
306     -140660.312500
307     -141077.687500
308     -141495.125000
309     -141909.578125
310     -142323.187500
311     -142735.875000
312     -143145.468750
313     -143556.296875
314     -143963.984375
315     -144371.359375
316     -144776.031250
317     -145180.515625
318     -145583.156250
319     -145984.000000
320     -146384.843750
321     -146784.031250
322     -147181.625000
323     -147577.828125
324     -147973.093750
325     -148366.296875
326     -148757.468750
327     -149146.203125
328     -149534.343750
329     -149923.000000
330     -150310.125000
331     -150693.875000
332     -151076.328125
333     -151457.578125
334     -151839.234375
335     -152217.250000
336     -152592.015625
337     -152967.875000
338     -153341.828125
339     -153714.500000
340     -154086.625000
341     -154456.406250
342     -154825.078125
343     -155190.906250
344     -155557.125000
345     -155919.000000
346     -156281.281250
347     -156640.968750
348     -157000.609375
349     -157357.843750
350     -157713.156250
351     -158068.593750
352     -158421.125000
353     -158771.718750
354     -159122.546875
355     -159471.515625
356     -159819.671875
357     -160163.406250
358     -160509.437500
359     -160850.312500
360     -161191.156250
361     -161531.156250
362     -161870.546875
363     -162207.437500
364     -162540.031250
365     -162875.468750
366     -163207.515625
367     -163538.593750
368     -163868.593750
369     -164194.484375
370     -164521.031250
371     -164844.953125
372     -165166.593750
373     -165489.968750
374     -165809.609375
375     -166127.812500
376     -166444.875000
377     -166759.593750
378     -167072.718750
379     -167385.359375
380     -167697.906250
381     -168004.593750
382     -168312.843750
383     -168620.328125
384     -168924.796875
385     -169229.328125
386     -169529.625000
387     -169831.515625
388     -170128.656250
389     -170426.250000
390     -170721.218750
391     -171016.453125
392     -171307.046875
393     -171600.093750
394     -171888.031250
395     -172178.312500
396     -172464.593750
397     -172750.781250
398     -173035.218750
399     -173317.781250
400     -173600.125000
401     -173880.500000
402     -174159.703125
403     -174437.812500
404     -174713.281250
405     -174987.468750
406     -175260.625000
407     -175532.062500
408     -175801.968750
409     -176070.578125
410     -176337.343750
411     -176601.531250
412     -176866.906250
413     -177129.156250
414     -177390.234375
415     -177649.281250
416     -177909.359375
417     -178165.171875
418     -178420.375000
419     -178675.343750
420     -178926.625000
421     -179177.000000
422     -179426.281250
423     -179673.718750
424     -179920.625000
425     -180167.171875
426     -180409.562500
427     -180652.390625
428     -180893.625000
429     -181132.859375
430     -181370.562500
431     -181606.093750
432     -181842.531250
433     -182075.062500
434     -182308.812500
435     -182539.171875
436     -182767.843750
437     -182995.718750
438     -183222.937500
439     -183446.234375
440     -183671.156250
441     -183892.937500
442     -184112.687500
443     -184333.640625
444     -184549.718750
445     -184765.968750
446     -184982.125000
447     -185194.343750
448     -185407.187500
449     -185618.484375
450     -185826.093750
451     -186034.187500
452     -186239.453125
453     -186444.812500
454     -186649.265625
455     -186851.031250
456     -187052.828125
457     -187252.718750
458     -187450.531250
459     -187647.375000
460     -187844.031250
461     -188037.156250
462     -188230.875000
463     -188422.796875
464     -188614.218750
465     -188802.625000
466     -188988.375000
467     -189176.203125
468     -189361.718750
469     -189545.625000
470     -189728.593750
471     -189909.093750
472     -190088.328125
473     -190264.546875
474     -190441.312500
475     -190617.921875
476     -190791.843750
477     -190965.578125
478     -191136.906250
479     -191307.031250
480     -191476.812500
481     -191644.250000
482     -191809.593750
483     -191974.562500
484     -192137.156250
485     -192301.390625
486     -192461.687500
487     -192620.500000
488     -192779.781250
489     -192937.078125
490     -193093.671875
491     -193250.250000
492     -193403.156250
493     -193554.968750
494     -193706.390625
495     -193857.703125
496     -194008.281250
497     -194155.656250
498     -194302.140625
499     -194448.718750
500     -194593.750000
501     -194737.656250
502     -194881.218750
503     -195023.750000
504     -195164.859375
505     -195302.312500
506     -195443.312500
507     -195580.984375
508     -195718.031250
509     -195852.875000
510     -195987.031250
511     -196121.015625
512     -196253.656250
513     -196384.921875
514     -196514.968750
515     -196645.218750
516     -196773.687500
517     -196897.984375
518     -197024.234375
519     -197149.468750
520     -197272.343750
521     -197396.828125
522     -197519.406250
523     -197639.687500
524     -197758.750000
525     -197878.734375
526     -197996.843750
527     -198113.281250
528     -198228.718750
529     -198343.953125
530     -198457.562500
531     -198570.031250
532     -198682.968750
533     -198792.656250
534     -198904.625000
535     -199014.031250
536     -199121.703125
537     -199231.609375
538     -199338.140625
539     -199443.968750
540     -199549.312500
541     -199654.093750
542     -199758.593750
543     -199861.718750
544     -199963.281250
545     -200063.984375
546     -200166.718750
547     -200265.281250
548     -200363.656250
549     -200463.781250
550     -200560.515625
551     -200657.062500
552     -200753.968750
553     -200847.609375
554     -200942.015625
555     -201036.375000
556     -201127.984375
557     -201220.296875
558     -201310.406250
559     -201401.312500
560     -201489.750000
561     -201576.656250
562     -201664.218750
563     -201750.593750
564     -201836.328125
565     -201922.593750
566     -202007.312500
567     -202090.843750
568     -202174.015625
569     -202255.031250
570     -202337.937500
571     -202418.906250
572     -202499.515625
573     -202578.796875
574     -202658.062500
575     -202736.500000
576     -202813.812500
577     -202891.843750
578     -202967.343750
579     -203042.218750
580     -203116.875000
581     -203191.203125
582     -203264.031250
583     -203335.718750
584     -203408.093750
585     -203479.187500
586     -203549.546875
587     -203620.218750
588     -203688.000000
589     -203757.390625
590     -203826.437500
591     -203892.859375
592     -203960.093750
593     -204026.593750
594     -204091.578125
595     -204157.406250
596     -204221.250000
597     -204284.656250
598     -204348.562500
599     -204410.734375
600     -204472.031250
601     -204534.140625
602     -204594.812500
603     -204655.031250
604     -204714.640625
605     -204773.312500
606     -204831.312500
607     -204888.953125
608     -204945.765625
609     -205002.437500
610     -205057.468750
611     -205113.609375
612     -205167.687500
613     -205222.625000
614     -205276.593750
615     -205329.406250
616     -205383.093750
617     -205434.765625
618     -205486.812500
619     -205537.937500
620     -205589.156250
621     -205639.125000
622     -205689.359375
623     -205739.343750
624     -205789.046875
625     -205837.625000
626     -205886.687500
627     -205935.640625
628     -205982.953125
629     -206030.890625
630     -206078.078125
631     -206125.156250
632     -206172.062500
633     -206217.531250
634     -206263.750000
635     -206309.812500
636     -206354.828125
637     -206399.234375
638     -206443.562500
639     -206486.875000
640     -206530.656250
641     -206574.125000
642     -206616.390625
643     -206658.609375
644     -206700.656250
645     -206742.203125
646     -206783.250000
647     -206824.093750
648     -206864.968750
649     -206904.750000
650     -206945.031250
651     -206984.625000
652     -207023.468750
653     -207062.437500
654     -207101.125000
655     -207139.375000
656     -207177.218750
657     -207215.406250
658     -207251.671875
659     -207289.296875
660     -207325.656250
661     -207362.015625
662     -207398.062500
663     -207433.968750
664     -207469.187500
665     -207504.984375
666     -207540.093750
667     -207574.625000
668     -207609.296875
669     -207643.125000
670     -207676.890625
671     -207711.187500
672     -207744.593750
673     -207777.515625
674     -207810.031250
675     -207842.468750
676     -207874.750000
677     -207906.343750
678     -207937.796875
679     -207969.531250
680     -208000.359375
681     -208031.031250
682     -208061.515625
683     -208091.765625
684     -208121.984375
685     -208151.687500
686     -208180.718750
687     -208210.625000
688     -208239.000000
689     -208267.343750
690     -208296.156250
691     -208323.625000
692     -208352.125000
693     -208379.234375
694     -208407.125000
695     -208434.578125
696     -208461.734375
697     -208488.781250
698     -208515.546875
699     -208541.781250
700     -208567.906250
701     -208593.781250
702     -208619.890625
703     -208645.578125
704     -208670.671875
705     -208695.812500
706     -208720.718750
707     -208746.015625
708     -208770.593750
709     -208795.187500
710     -208819.265625
711     -208843.671875
712     -208867.671875
713     -208891.468750
714     -208914.796875
715     -208938.171875
716     -208961.390625
717     -208984.562500
718     -209006.875000
719     -209029.531250
720     -209052.093750
721     -209074.406250
722     -209096.140625
723     -209118.328125
724     -209139.796875
725     -209161.421875
726     -209183.031250
727     -209204.125000
728     -209225.671875
729     -209246.625000
730     -209267.375000
731     -209288.328125
732     -209308.906250
733     -209329.250000
734     -209349.875000
735     -209370.343750
736     -209390.500000
737     -209410.375000
738     -209430.578125
739     -209450.187500
740     -209469.843750
741     -209489.687500
742     -209508.515625
743     -209528.234375
744     -209547.031250
745     -209566.375000
746     -209585.000000
747     -209604.171875
748     -209622.593750
749     -209641.328125
750     -209659.812500
751     -209678.203125
752     -209696.906250
753     -209714.859375
754     -209733.234375
755     -209751.109375
756     -209768.921875
757     -209786.625000
758     -209804.437500
759     -209821.812500
760     -209839.265625
761     -209856.531250
762     -209874.343750
763     -209891.203125
764     -209908.625000
765     -209925.437500
766     -209942.593750
767     -209959.562500
768     -209976.500000
769     -209993.281250
770     -210009.921875
771     -210026.187500
772     -210042.953125
773     -210059.562500
774     -210075.484375
775     -210091.750000
776     -210107.968750
777     -210123.843750
778     -210140.140625
779     -210155.640625
780     -210171.625000
781     -210187.328125
782     -210202.640625
783     -210218.359375
784     -210233.765625
785     -210248.906250
786     -210264.468750
787     -210279.640625
788     -210294.500000
789     -210309.546875
790     -210324.265625
791     -210338.718750
792     -210353.968750
793     -210368.406250
794     -210382.781250
795     -210397.062500
796     -210411.218750
797     -210425.218750
798     -210439.343750
799     -210453.531250
800     -210467.078125
801     -210481.343750
802     -210494.968750
803     -210508.718750
804     -210522.453125
805     -210535.906250
806     -210549.593750
807     -210563.093750
808     -210576.609375
809     -210590.031250
810     -210602.984375
811     -210616.031250
812     -210629.031250
813     -210642.281250
814     -210654.796875
815     -210667.718750
816     -210680.250000
817     -210693.093750
818     -210705.531250
819     -210718.234375
820     -210730.625000
821     -210743.109375
822     -210755.703125
823     -210768.031250
824     -210780.296875
825     -210792.687500
826     -210804.593750
827     -210816.750000
828     -210828.718750
829     -210840.921875
830     -210852.625000
831     -210864.640625
832     -210876.203125
833     -210887.796875
834     -210899.625000
835     -210911.234375
836     -210922.656250
837     -210934.250000
838     -210945.406250
839     -210957.000000
840     -210968.312500
841     -210979.843750
842     -210990.906250
843     -211001.984375
844     -211013.125000
845     -211024.015625
846     -211035.218750
847     -211046.062500
848     -211057.156250
849     -211067.906250
850     -211078.765625
851     -211089.734375
852     -211100.093750
853     -211111.281250
854     -211121.718750
855     -211132.250000
856     -211142.718750
857     -211152.984375
858     -211163.531250
859     -211173.812500
860     -211184.093750
861     -211194.718750
862     -211204.687500
863     -211215.140625
864     -211225.156250
865     -211235.093750
866     -211245.265625
867     -211254.968750
868     -211264.781250
869     -211274.687500
870     -211284.406250
871     -211294.234375
872     -211303.750000
873     -211313.437500
874     -211322.937500
875     -211332.265625
876     -211341.875000
877     -211351.093750
878     -211360.437500
879     -211369.875000
880     -211379.000000
881     -211388.343750
882     -211397.500000
883     -211406.234375
884     -211415.562500
885     -211424.437500
886     -211433.687500
887     -211442.562500
888     -211451.453125
889     -211460.421875
890     -211469.375000
891     -211478.093750
892     -211486.906250
893     -211495.781250
894     -211504.218750
895     -211512.750000
896     -211521.531250
897     -211530.000000
898     -211538.546875
899     -211547.156250
900     -211555.593750
901     -211563.687500
902     -211571.859375
903     -211580.218750
904     -211588.531250
905     -211596.750000
906     -211604.781250
907     -211612.593750
908     -211621.015625
909     -211628.734375
910     -211636.843750
911     -211644.968750
912     -211652.812500
913     -211660.718750
914     -211668.656250
915     -211676.625000
916     -211684.281250
917     -211692.187500
918     -211699.906250
919     -211707.734375
920     -211715.343750
921     -211723.187500
922     -211730.640625
923     -211738.500000
924     -211745.968750
925     -211753.500000
926     -211761.562500
927     -211768.687500
928     -211776.312500
929     -211783.640625
930     -211791.406250
931     -211798.937500
932     -211806.156250
933     -211813.890625
934     -211821.281250
935     -211828.500000
936     -211835.906250
937     -211843.125000
938     -211850.281250
939     -211857.515625
940     -211864.796875
941     -211871.968750
942     -211879.265625
943     -211886.218750
944     -211893.328125
945     -211900.312500
946     -211907.421875
947     -211914.500000
948     -211921.468750
949     -211928.765625
950     -211935.500000
951     -211942.437500
952     -211949.343750
953     -211956.125000
954     -211963.031250
955     -211969.687500
956     -211976.421875
957     -211983.312500
958     -211990.156250
959     -211997.015625
960     -212003.625000
961     -212010.421875
962     -212017.109375
963     -212023.406250
964     -212030.187500
965     -212036.968750
966     -212043.531250
967     -212050.031250
968     -212056.625000
969     -212063.140625
970     -212069.656250
971     -212076.109375
972     -212082.531250
973     -212088.906250
974     -212095.593750
975     -212101.828125
976     -212108.093750
977     -212114.125000
978     -212120.593750
979     -212126.890625
980     -212132.937500
981     -212139.187500
982     -212145.359375
983     -212151.312500
984     -212157.437500
985     -212163.687500
986     -212169.718750
987     -212175.531250
988     -212181.843750
989     -212187.906250
990     -212193.437500
991     -212199.687500
992     -212205.687500
993     -212211.593750
994     -212217.625000
995     -212223.515625
996     -212229.562500
997     -212235.328125
998     -212241.093750
999     -212247.062500
1000    -212252.734375
1001    -212258.718750
1002    -212264.562500
1003    -212270.312500
1004    -212275.937500
1005    -212281.937500
1006    -212287.546875
1007    -212293.390625
1008    -212299.125000
1009    -212304.687500
1010    -212310.250000
1011    -212315.937500
1012    -212321.531250
1013    -212326.937500
1014    -212332.656250
1015    -212338.109375
1016    -212343.828125
1017    -212349.031250
1018    -212354.687500
1019    -212360.171875
1020    -212365.593750
1021    -212370.890625
1022    -212376.500000
1023    -212382.046875
1024    -212387.296875
1025    -212392.687500
1026    -212398.203125
1027    -212403.375000
1028    -212408.687500
1029    -212414.078125
1030    -212419.156250
1031    -212424.421875
1032    -212429.828125
1033    -212434.953125
1034    -212440.265625
1035    -212445.312500
1036    -212450.500000
1037    -212455.562500
1038    -212460.812500
1039    -212465.812500
1040    -212471.218750
1041    -212476.218750
1042    -212481.250000
1043    -212486.390625
1044    -212491.468750
1045    -212496.281250
1046    -212501.343750
1047    -212506.265625
1048    -212511.531250
1049    -212516.406250
1050    -212521.500000
1051    -212526.406250
1052    -212531.218750
1053    -212536.218750
1054    -212541.015625
1055    -212545.906250
1056    -212550.656250
1057    -212555.500000
1058    -212560.187500
1059    -212565.203125
1060    -212570.031250
1061    -212574.703125
1062    -212579.562500
1063    -212584.250000
1064    -212588.812500
1065    -212593.750000
1066    -212598.328125
1067    -212602.890625
1068    -212607.515625
1069    -212612.328125
1070    -212617.000000
1071    -212621.890625
1072    -212626.156250
1073    -212630.859375
1074    -212635.281250
1075    -212640.093750
1076    -212644.656250
1077    -212649.125000
1078    -212653.593750
1079    -212658.109375
1080    -212662.703125
1081    -212667.156250
1082    -212671.828125
1083    -212676.187500
1084    -212680.515625
1085    -212685.046875
1086    -212689.687500
1087    -212694.031250
1088    -212698.421875
1089    -212702.750000
1090    -212707.125000
1091    -212711.593750
1092    -212715.937500
1093    -212720.437500
1094    -212724.671875
1095    -212728.953125
1096    -212733.312500
1097    -212737.781250
1098    -212741.968750
1099    -212746.312500
1100    -212750.625000
1101    -212754.718750
1102    -212759.046875
1103    -212763.265625
1104    -212767.578125
1105    -212771.718750
1106    -212775.984375
1107    -212780.343750
1108    -212784.296875
1109    -212788.562500
1110    -212792.812500
1111    -212797.062500
1112    -212800.968750
1113    -212805.250000
1114    -212809.406250
1115    -212813.500000
1116    -212817.531250
1117    -212821.812500
1118    -212825.828125
1119    -212829.906250
1120    -212834.250000
1121    -212838.156250
1122    -212842.437500
1123    -212846.500000
1124    -212850.484375
1125    -212854.546875
1126    -212858.578125
1127    -212862.750000
1128    -212866.843750
1129    -212870.937500
1130    -212875.046875
1131    -212878.843750
1132    -212883.109375
1133    -212886.906250
1134    -212890.968750
1135    -212894.890625
1136    -212898.843750
1137    -212902.859375
1138    -212906.906250
1139    -212910.828125
1140    -212914.796875
1141    -212918.562500
1142    -212922.406250
1143    -212926.218750
1144    -212930.187500
1145    -212934.031250
1146    -212937.828125
1147    -212941.703125
1148    -212945.656250
1149    -212949.531250
1150    -212953.171875
1151    -212957.187500
1152    -212961.093750
1153    -212964.906250
1154    -212968.718750
1155    -212972.500000
1156    -212976.281250
1157    -212980.171875
1158    -212984.031250
1159    -212987.906250
1160    -212991.406250
1161    -212995.265625
1162    -212999.312500
1163    -213002.921875
1164    -213006.656250
1165    -213010.531250
1166    -213014.250000
1167    -213018.093750
1168    -213021.687500
1169    -213025.562500
1170    -213029.156250
1171    -213033.187500
1172    -213036.906250
1173    -213040.406250
1174    -213044.296875
1175    -213048.062500
1176    -213051.921875
1177    -213055.593750
1178    -213059.343750
1179    -213063.062500
1180    -213066.656250
1181    -213070.312500
1182    -213074.343750
1183    -213077.890625
1184    -213081.781250
1185    -213085.468750
1186    -213089.406250
1187    -213092.937500
1188    -213096.781250
1189    -213100.421875
1190    -213104.281250
1191    -213107.906250
1192    -213111.671875
1193    -213115.312500
1194    -213119.281250
1195    -213122.937500
1196    -213126.609375
1197    -213130.281250
1198    -213134.125000
1199    -213137.796875
1200    -213141.500000
1201    -213145.265625
1202    -213148.937500
1203    -213152.546875
1204    -213156.312500
1205    -213159.968750
1206    -213163.593750
1207    -213167.328125
1208    -213170.906250
1209    -213174.750000
1210    -213178.156250
1211    -213181.984375
1212    -213185.562500
1213    -213189.062500
1214    -213192.656250
1215    -213196.359375
1216    -213199.750000
1217    -213203.343750
1218    -213207.046875
1219    -213210.875000
1220    -213214.281250
1221    -213217.968750
1222    -213221.562500
1223    -213225.312500
1224    -213228.781250
1225    -213232.312500
1226    -213236.046875
1227    -213239.562500
1228    -213243.062500
1229    -213246.640625
1230    -213250.218750
1231    -213253.781250
1232    -213257.437500
1233    -213261.031250
1234    -213264.625000
1235    -213268.062500
1236    -213271.656250
1237    -213275.312500
1238    -213278.906250
1239    -213282.250000
1240    -213285.734375
1241    -213289.500000
1242    -213293.062500
1243    -213296.468750
1244    -213299.921875
1245    -213303.656250
1246    -213306.984375
1247    -213310.500000
1248    -213313.890625
1249    -213317.625000
1250    -213321.171875
1251    -213324.625000
1252    -213328.359375
1253    -213331.593750
1254    -213335.031250
1255    -213338.593750
1256    -213342.031250
1257    -213345.406250
1258    -213348.937500
1259    -213352.328125
1260    -213355.687500
1261    -213359.062500
1262    -213362.687500
1263    -213366.000000
1264    -213369.312500
1265    -213372.781250
1266    -213376.187500
1267    -213379.609375
1268    -213382.812500
1269    -213386.187500
1270    -213389.593750
1271    -213392.859375
1272    -213396.296875
1273    -213399.718750
1274    -213403.140625
1275    -213406.328125
1276    -213409.640625
1277    -213413.062500
1278    -213416.281250
1279    -213419.671875
1280    -213423.093750
1281    -213426.312500
1282    -213429.593750
1283    -213432.937500
1284    -213436.156250
1285    -213439.593750
1286    -213442.843750
1287    -213446.093750
1288    -213449.312500
1289    -213452.531250
1290    -213455.781250
1291    -213459.015625
1292    -213462.218750
1293    -213465.531250
1294    -213468.609375
1295    -213471.906250
1296    -213475.000000
1297    -213478.125000
1298    -213481.468750
1299    -213484.484375
1300    -213487.640625
1301    -213490.890625
1302    -213494.140625
1303    -213496.968750
1304    -213500.375000
1305    -213503.562500
1306    -213506.656250
1307    -213509.859375
1308    -213512.906250
1309    -213515.937500
1310    -213518.937500
1311    -213522.171875
1312    -213525.312500
1313    -213528.187500
1314    -213531.500000
1315    -213534.515625
1316    -213537.468750
1317    -213540.328125
1318    -213543.625000
1319    -213546.671875
1320    -213549.531250
1321    -213552.625000
1322    -213555.593750
1323    -213558.593750
1324    -213561.593750
1325    -213564.531250
1326    -213567.515625
1327    -213570.562500
1328    -213573.421875
1329    -213576.312500
1330    -213579.359375
1331    -213582.390625
1332    -213585.312500
1333    -213588.156250
1334    -213590.968750
1335    -213594.000000
1336    -213596.937500
1337    -213599.843750
1338    -213602.734375
1339    -213605.687500
1340    -213608.468750
1341    -213611.406250
1342    -213614.140625
1343    -213617.062500
1344    -213619.984375
1345    -213622.906250
1346    -213625.812500
1347    -213628.375000
1348    -213631.265625
1349    -213633.937500
1350    -213636.890625
1351    -213639.750000
1352    -213642.671875
1353    -213645.203125
1354    -213647.953125
1355    -213651.000000
1356    -213653.609375
1357    -213656.531250
1358    -213659.203125
1359    -213661.984375
1360    -213664.625000
1361    -213667.609375
1362    -213670.343750
1363    -213673.031250
1364    -213675.781250
1365    -213678.312500
1366    -213681.046875
1367    -213683.828125
1368    -213686.437500
1369    -213689.125000
1370    -213691.890625
1371    -213694.468750
1372    -213697.218750
1373    -213699.812500
1374    -213702.515625
1375    -213705.265625
1376    -213707.843750
1377    -213710.515625
1378    -213713.125000
1379    -213715.703125
1380    -213718.328125
1381    -213721.156250
1382    -213723.687500
1383    -213726.296875
1384    -213728.968750
1385    -213731.375000
1386    -213733.968750
1387    -213736.437500
1388    -213739.156250
1389    -213741.750000
1390    -213744.250000
1391    -213746.703125
1392    -213749.375000
1393    -213751.812500
1394    -213754.390625
1395    -213756.906250
1396    -213759.406250
1397    -213761.859375
1398    -213764.453125
1399    -213766.953125
1400    -213769.375000
1401    -213771.875000
1402    -213774.437500
1403    -213776.875000
1404    -213779.296875
1405    -213781.812500
1406    -213784.187500
1407    -213786.640625
1408    -213789.156250
1409    -213791.515625
1410    -213793.953125
1411    -213796.187500
1412    -213798.484375
1413    -213801.031250
1414    -213803.531250
1415    -213805.859375
1416    -213808.250000
1417    -213810.609375
1418    -213812.953125
1419    -213815.281250
1420    -213817.765625
1421    -213820.000000
1422    -213822.453125
1423    -213824.812500
1424    -213827.093750
1425    -213829.468750
1426    -213831.750000
1427    -213833.968750
1428    -213836.359375
1429    -213838.562500
1430    -213841.062500
1431    -213843.250000
1432    -213845.437500
1433    -213847.609375
1434    -213850.000000
1435    -213852.312500
1436    -213854.531250
1437    -213856.843750
1438    -213859.109375
1439    -213861.421875
1440    -213863.687500
1441    -213865.984375
1442    -213867.890625
1443    -213870.359375
1444    -213872.437500
1445    -213874.921875
1446    -213876.968750
1447    -213879.125000
1448    -213881.593750
1449    -213883.812500
1450    -213885.687500
1451    -213887.953125
1452    -213890.187500
1453    -213892.312500
1454    -213894.562500
1455    -213896.640625
1456    -213898.843750
1457    -213900.984375
1458    -213903.125000
1459    -213905.234375
1460    -213907.343750
1461    -213909.640625
1462    -213911.781250
1463    -213913.796875
1464    -213916.015625
1465    -213918.218750
1466    -213920.250000
1467    -213922.265625
1468    -213924.500000
1469    -213926.562500
1470    -213928.656250
1471    -213930.750000
1472    -213932.906250
1473    -213935.031250
1474    -213937.062500
1475    -213939.171875
1476    -213941.187500
1477    -213943.328125
1478    -213945.484375
1479    -213947.468750
1480    -213949.453125
1481    -213951.750000
1482    -213953.750000
1483    -213955.953125
1484    -213958.015625
1485    -213959.984375
1486    -213961.968750
1487    -213964.203125
1488    -213966.031250
1489    -213968.187500
1490    -213970.250000
1491    -213972.187500
1492    -213974.500000
1493    -213976.500000
1494    -213978.406250
1495    -213980.609375
1496    -213982.500000
1497    -213984.578125
1498    -213986.656250
1499    -213988.625000
1500    -213990.718750
1501    -213992.593750
1502    -213994.703125
1503    -213996.781250
1504    -213998.687500
1505    -214000.843750
1506    -214002.734375
1507    -214004.625000
1508    -214006.781250
1509    -214008.531250
1510    -214010.687500
1511    -214012.609375
1512    -214014.609375
1513    -214016.687500
1514    -214018.656250
1515    -214020.609375
1516    -214022.562500
1517    -214024.562500
1518    -214026.562500
1519    -214028.578125
1520    -214030.531250
1521    -214032.375000
1522    -214034.593750
1523    -214036.312500
1524    -214038.437500
1525    -214040.218750
1526    -214042.171875
1527    -214044.312500
1528    -214046.187500
1529    -214048.000000
1530    -214049.953125
1531    -214051.921875
1532    -214053.687500
1533    -214055.750000
1534    -214057.656250
1535    -214059.578125
1536    -214061.359375
1537    -214063.265625
1538    -214065.125000
1539    -214067.078125
1540    -214068.875000
1541    -214070.718750
1542    -214072.609375
1543    -214074.312500
1544    -214076.171875
1545    -214078.093750
1546    -214079.718750
1547    -214081.750000
1548    -214083.437500
1549    -214085.234375
1550    -214087.015625
1551    -214088.828125
1552    -214090.531250
1553    -214092.375000
1554    -214094.218750
1555    -214096.031250
1556    -214097.578125
1557    -214099.500000
1558    -214101.359375
1559    -214103.000000
1560    -214104.781250
1561    -214106.531250
1562    -214108.312500
1563    -214109.937500
1564    -214111.609375
1565    -214113.406250
1566    -214115.187500
1567    -214116.750000
1568    -214118.562500
1569    -214120.203125
1570    -214121.875000
1571    -214123.562500
1572    -214125.328125
1573    -214126.906250
1574    -214128.531250
1575    -214130.203125
1576    -214131.843750
1577    -214133.609375
1578    -214135.187500
1579    -214136.843750
1580    -214138.656250
1581    -214140.109375
1582    -214141.921875
1583    -214143.406250
1584    -214145.031250
1585    -214146.625000
1586    -214148.312500
1587    -214149.781250
1588    -214151.390625
1589    -214153.109375
1590    -214154.562500
1591    -214156.250000
1592    -214157.812500
1593    -214159.312500
1594    -214160.875000
1595    -214162.437500
1596    -214164.031250
1597    -214165.562500
1598    -214167.125000
1599    -214168.656250
1600    -214170.125000
1601    -214171.562500
1602    -214173.281250
1603    -214174.687500
1604    -214176.234375
1605    -214177.828125
1606    -214179.234375
1607    -214180.765625
1608    -214182.218750
1609    -214183.640625
1610    -214185.062500
1611    -214186.593750
1612    -214188.109375
1613    -214189.562500
1614    -214191.078125
1615    -214192.359375
1616    -214193.875000
1617    -214195.234375
1618    -214196.734375
1619    -214198.140625
1620    -214199.453125
1621    -214201.031250
1622    -214202.406250
1623    -214203.890625
1624    -214205.312500
1625    -214206.734375
1626    -214208.140625
1627    -214209.406250
1628    -214210.906250
1629    -214212.218750
1630    -214213.687500
1631    -214215.031250
1632    -214216.390625
1633    -214217.781250
1634    -214219.250000
1635    -214220.500000
1636    -214222.109375
1637    -214223.328125
1638    -214224.765625
1639    -214226.187500
1640    -214227.531250
1641    -214228.843750
1642    -214230.218750
1643    -214231.578125
1644    -214233.000000
1645    -214234.250000
1646    -214235.640625
1647    -214236.859375
1648    -214238.250000
1649    -214239.625000
1650    -214240.921875
1651    -214242.218750
1652    -214243.656250
1653    -214245.000000
1654    -214246.250000
1655    -214247.468750
1656    -214248.812500
1657    -214250.203125
1658    -214251.468750
1659    -214252.750000
1660    -214254.093750
1661    -214255.406250
1662    -214256.687500
1663    -214257.843750
1664    -214259.312500
1665    -214260.437500
1666    -214261.781250
1667    -214263.000000
1668    -214264.250000
1669    -214265.500000
1670    -214266.828125
1671    -214268.140625
1672    -214269.375000
1673    -214270.718750
1674    -214271.875000
1675    -214273.093750
1676    -214274.453125
1677    -214275.687500
1678    -214276.953125
1679    -214278.156250
1680    -214279.484375
1681    -214280.750000
1682    -214281.968750
1683    -214283.187500
1684    -214284.531250
1685    -214285.687500
1686    -214286.906250
1687    -214288.343750
1688    -214289.390625
1689    -214290.828125
1690    -214291.875000
1691    -214293.265625
1692    -214294.437500
1693    -214295.781250
1694    -214296.968750
1695    -214298.265625
1696    -214299.437500
1697    -214300.781250
1698    -214301.968750
1699    -214303.250000
1700    -214304.375000
1701    -214305.750000
1702    -214306.906250
1703    -214308.156250
1704    -214309.484375
1705    -214310.562500
1706    -214311.859375
1707    -214313.187500
1708    -214314.437500
1709    -214315.671875
1710    -214316.843750
1711    -214318.156250
1712    -214319.281250
1713    -214320.671875
1714    -214321.921875
1715    -214323.187500
1716    -214324.359375
1717    -214325.609375
1718    -214326.812500
1719    -214328.015625
1720    -214329.312500
1721    -214330.500000
1722    -214331.671875
1723    -214333.000000
1724    -214334.234375
1725    -214335.484375
1726    -214336.781250
1727    -214338.031250
1728    -214339.140625
1729    -214340.515625
1730    -214341.656250
1731    -214343.031250
1732    -214344.156250
1733    -214345.468750
1734    -214346.640625
1735    -214347.906250
1736    -214349.203125
1737    -214350.437500
1738    -214351.687500
1739    -214352.906250
1740    -214354.250000
1741    -214355.453125
1742    -214356.750000
1743    -214357.875000
1744    -214359.140625
1745    -214360.453125
1746    -214361.609375
1747    -214363.046875
1748    -214364.296875
1749    -214365.531250
1750    -214366.843750
1751    -214368.046875
1752    -214369.312500
1753    -214370.500000
1754    -214371.968750
1755    -214373.218750
1756    -214374.375000
1757    -214375.625000
1758    -214377.000000
1759    -214378.250000
1760    -214379.562500
1761    -214380.781250
1762    -214382.093750
1763    -214383.328125
1764    -214384.625000
1765    -214385.937500
1766    -214387.203125
1767    -214388.531250
1768    -214389.765625
1769    -214391.156250
1770    -214392.359375
1771    -214393.640625
1772    -214395.000000
1773    -214396.171875
1774    -214397.578125
1775    -214398.781250
1776    -214400.031250
1777    -214401.328125
1778    -214402.656250
1779    -214403.968750
1780    -214405.218750
1781    -214406.500000
1782    -214407.875000
1783    -214409.156250
1784    -214410.375000
1785    -214411.734375
1786    -214412.843750
1787    -214414.281250
1788    -214415.609375
1789    -214416.890625
1790    -214418.171875
1791    -214419.515625
1792    -214420.812500
1793    -214422.125000
1794    -214423.406250
1795    -214424.687500
1796    -214425.937500
1797    -214427.312500
1798    -214428.640625
1799    -214429.953125
1800    -214431.265625
1801    -214432.437500
1802    -214433.859375
1803    -214435.031250
1804    -214436.484375
1805    -214437.687500
1806    -214439.171875
1807    -214440.468750
1808    -214441.656250
1809    -214442.968750
1810    -214444.343750
1811    -214445.531250
1812    -214446.796875
1813    -214448.093750
1814    -214449.281250
1815    -214450.625000
1816    -214452.000000
1817    -214453.437500
1818    -214454.578125
1819    -214455.843750
1820    -214457.156250
1821    -214458.375000
1822    -214459.687500
1823    -214461.140625
1824    -214462.218750
1825    -214463.468750
1826    -214464.765625
1827    -214466.015625
1828    -214467.312500
1829    -214468.640625
1830    -214469.906250
1831    -214471.281250
1832    -214472.500000
1833    -214473.765625
1834    -214475.093750
1835    -214476.343750
1836    -214477.765625
1837    -214478.906250
1838    -214480.218750
1839    -214481.546875
1840    -214482.890625
1841    -214484.156250
1842    -214485.484375
1843    -214486.609375
1844    -214487.968750
1845    -214489.250000
1846    -214490.562500
1847    -214491.875000
1848    -214493.187500
1849    -214494.375000
1850    -214495.718750
1851    -214497.015625
1852    -214498.359375
1853    -214499.468750
1854    -214500.812500
1855    -214502.171875
1856    -214503.421875
1857    -214504.718750
1858    -214506.000000
1859    -214507.218750
1860    -214508.468750
1861    -214509.828125
1862    -214511.046875
1863    -214512.375000
1864    -214513.750000
1865    -214514.906250
1866    -214516.140625
1867    -214517.531250
1868    -214518.812500
1869    -214520.000000
1870    -214521.375000
1871    -214522.593750
1872    -214523.812500
1873    -214525.203125
1874    -214526.468750
1875    -214527.671875
1876    -214529.015625
1877    -214530.265625
1878    -214531.562500
1879    -214532.750000
1880    -214534.000000
1881    -214535.218750
1882    -214536.500000
1883    -214537.796875
1884    -214539.062500
1885    -214540.312500
1886    -214541.593750
1887    -214542.750000
1888    -214544.265625
1889    -214545.406250
1890    -214546.609375
1891    -214547.875000
1892    -214549.171875
1893    -214550.421875
1894    -214551.625000
1895    -214552.937500
1896    -214554.156250
1897    -214555.546875
1898    -214556.796875
1899    -214557.953125
1900    -214559.187500
1901    -214560.437500
1902    -214561.703125
1903    -214562.968750
1904    -214564.328125
1905    -214565.468750
1906    -214566.656250
1907    -214567.875000
1908    -214569.156250
1909    -214570.531250
1910    -214571.656250
1911    -214572.937500
1912    -214574.218750
1913    -214575.437500
1914    -214576.515625
1915    -214577.906250
1916    -214579.046875
1917    -214580.359375
1918    -214581.593750
1919    -214582.843750
1920    -214583.984375
1921    -214585.281250
1922    -214586.546875
1923    -214587.609375
1924    -214588.812500
1925    -214590.062500
1926    -214591.328125
1927    -214592.375000
1928    -214593.781250
1929    -214594.953125
1930    -214596.125000
1931    -214597.218750
1932    -214598.437500
1933    -214599.656250
1934    -214600.843750
1935    -214602.156250
1936    -214603.343750
1937    -214604.453125
1938    -214605.640625
1939    -214607.046875
1940    -214608.062500
1941    -214609.312500
1942    -214610.562500
1943    -214611.609375
1944    -214612.843750
1945    -214613.937500
1946    -214615.156250
1947    -214616.343750
1948    -214617.625000
1949    -214618.750000
1950    -214619.921875
1951    -214621.062500
1952    -214622.281250
1953    -214623.421875
1954    -214624.546875
1955    -214625.750000
1956    -214626.828125
1957    -214628.015625
1958    -214629.156250
1959    -214630.218750
1960    -214631.343750
1961    -214632.656250
1962    -214633.656250
1963    -214634.781250
1964    -214635.906250
1965    -214637.156250
1966    -214638.187500
1967    -214639.468750
1968    -214640.515625
1969    -214641.625000
1970    -214642.750000
1971    -214643.906250
1972    -214644.937500
1973    -214646.171875
1974    -214647.390625
1975    -214648.375000
1976    -214649.437500
1977    -214650.562500
1978    -214651.796875
1979    -214652.906250
1980    -214654.015625
1981    -214655.156250
1982    -214656.218750
1983    -214657.406250
1984    -214658.437500
1985    -214659.593750
1986    -214660.578125
1987    -214661.687500
1988    -214662.875000
1989    -214663.921875
1990    -214665.062500
1991    -214666.140625
1992    -214667.187500
1993    -214668.140625
1994    -214669.406250
1995    -214670.531250
1996    -214671.531250
1997    -214672.656250
1998    -214673.656250
1999    -214674.859375
2000    -214675.812500
2001    -214676.906250
2002    -214678.109375
2003    -214679.140625
2004    -214680.093750
2005    -214681.125000
2006    -214682.250000
2007    -214683.343750
2008    -214684.250000
2009    -214685.281250
2010    -214686.500000
2011    -214687.468750
2012    -214688.562500
2013    -214689.437500
2014    -214690.531250
2015    -214691.531250
2016    -214692.687500
2017    -214693.656250
2018    -214694.781250
2019    -214695.718750
2020    -214696.875000
2021    -214697.781250
2022    -214698.828125
2023    -214699.812500
2024    -214700.921875
2025    -214701.875000
2026    -214702.906250
2027    -214703.937500
2028    -214704.906250
2029    -214705.921875
2030    -214706.968750
2031    -214708.062500
2032    -214708.906250
2033    -214709.968750
2034    -214711.093750
2035    -214712.062500
2036    -214713.000000
2037    -214714.062500
2038    -214715.000000
2039    -214715.968750
2040    -214717.093750
2041    -214718.046875
2042    -214719.015625
2043    -214720.000000
2044    -214721.046875
2045    -214722.000000
2046    -214722.937500
2047    -214723.953125
2048    -214724.906250
2049    -214725.984375
2050    -214726.859375
2051    -214727.921875
2052    -214728.843750
2053    -214729.859375
2054    -214730.750000
2055    -214731.843750
2056    -214732.812500
2057    -214733.734375
2058    -214734.734375
2059    -214735.687500
2060    -214736.703125
2061    -214737.625000
2062    -214738.656250
2063    -214739.578125
2064    -214740.515625
2065    -214741.406250
2066    -214742.406250
2067    -214743.406250
2068    -214744.328125
2069    -214745.312500
2070    -214746.281250
2071    -214747.281250
2072    -214748.062500
2073    -214749.109375
2074    -214750.015625
2075    -214751.046875
2076    -214751.968750
2077    -214752.843750
2078    -214753.890625
2079    -214754.828125
2080    -214755.625000
2081    -214756.640625
2082    -214757.546875
2083    -214758.500000
2084    -214759.343750
2085    -214760.328125
2086    -214761.359375
2087    -214762.156250
2088    -214763.125000
2089    -214764.093750
2090    -214765.000000
2091    -214765.890625
2092    -214766.812500
2093    -214767.843750
2094    -214768.609375
2095    -214769.500000
2096    -214770.531250
2097    -214771.421875
2098    -214772.343750
2099    -214773.171875
2100    -214774.093750
2101    -214775.031250
2102    -214775.937500
2103    -214776.828125
2104    -214777.703125
2105    -214778.765625
2106    -214779.562500
2107    -214780.546875
2108    -214781.468750
2109    -214782.312500
2110    -214783.281250
2111    -214784.171875
2112    -214784.937500
2113    -214785.906250
2114    -214786.843750
2115    -214787.781250
2116    -214788.593750
2117    -214789.625000
2118    -214790.468750
2119    -214791.265625
2120    -214792.125000
2121    -214793.125000
2122    -214793.968750
2123    -214794.875000
2124    -214795.859375
2125    -214796.625000
2126    -214797.640625
2127    -214798.531250
2128    -214799.375000
2129    -214800.187500
2130    -214801.156250
2131    -214802.093750
2132    -214802.859375
2133    -214803.796875
2134    -214804.750000
2135    -214805.562500
2136    -214806.484375
2137    -214807.281250
2138    -214808.281250
2139    -214809.062500
2140    -214809.937500
2141    -214810.890625
2142    -214811.718750
2143    -214812.562500
2144    -214813.437500
2145    -214814.312500
2146    -214815.125000
2147    -214815.968750
2148    -214816.921875
2149    -214817.718750
2150    -214818.593750
2151    -214819.468750
2152    -214820.312500
2153    -214821.156250
2154    -214822.000000
2155    -214822.843750
2156    -214823.750000
2157    -214824.687500
2158    -214825.500000
2159    -214826.359375
2160    -214827.187500
2161    -214828.078125
2162    -214828.968750
2163    -214829.718750
2164    -214830.625000
2165    -214831.453125
2166    -214832.343750
2167    -214833.187500
2168    -214834.031250
2169    -214834.828125
2170    -214835.687500
2171    -214836.687500
2172    -214837.343750
2173    -214838.250000
2174    -214839.125000
2175    -214839.984375
2176    -214840.828125
2177    -214841.812500
2178    -214842.578125
2179    -214843.468750
2180    -214844.343750
2181    -214845.140625
2182    -214846.031250
2183    -214846.875000
2184    -214847.750000
2185    -214848.531250
2186    -214849.390625
2187    -214850.218750
2188    -214850.937500
2189    -214851.875000
2190    -214852.812500
2191    -214853.593750
2192    -214854.375000
2193    -214855.281250
2194    -214856.156250
2195    -214857.046875
2196    -214857.875000
2197    -214858.578125
2198    -214859.484375
2199    -214860.343750
2200    -214861.250000
2201    -214862.125000
2202    -214862.812500
2203    -214863.812500
2204    -214864.609375
2205    -214865.375000
2206    -214866.281250
2207    -214867.093750
2208    -214868.000000
2209    -214868.875000
2210    -214869.687500
2211    -214870.625000
2212    -214871.359375
2213    -214872.203125
2214    -214873.000000
2215    -214873.968750
2216    -214874.765625
2217    -214875.562500
2218    -214876.562500
2219    -214877.203125
2220    -214878.046875
2221    -214879.015625
2222    -214879.765625
2223    -214880.593750
2224    -214881.468750
2225    -214882.343750
2226    -214883.125000
2227    -214884.062500
2228    -214884.812500
2229    -214885.656250
2230    -214886.437500
2231    -214887.281250
2232    -214888.109375
2233    -214888.890625
2234    -214889.812500
2235    -214890.625000
2236    -214891.468750
2237    -214892.421875
2238    -214893.187500
2239    -214894.000000
2240    -214894.859375
2241    -214895.718750
2242    -214896.562500
2243    -214897.375000
2244    -214898.140625
2245    -214898.968750
2246    -214899.921875
2247    -214900.656250
2248    -214901.546875
2249    -214902.375000
2250    -214903.312500
2251    -214904.062500
2252    -214905.000000
2253    -214905.734375
2254    -214906.531250
2255    -214907.390625
2256    -214908.234375
2257    -214909.093750
2258    -214910.062500
2259    -214910.875000
2260    -214911.593750
2261    -214912.531250
2262    -214913.375000
2263    -214914.140625
2264    -214915.062500
2265    -214915.890625
2266    -214916.671875
2267    -214917.515625
2268    -214918.468750
2269    -214919.218750
2270    -214920.031250
2271    -214920.906250
2272    -214921.765625
2273    -214922.531250
2274    -214923.515625
2275    -214924.281250
2276    -214925.062500
2277    -214925.984375
2278    -214926.781250
2279    -214927.687500
2280    -214928.406250
2281    -214929.281250
2282    -214930.093750
2283    -214930.968750
2284    -214931.781250
2285    -214932.609375
2286    -214933.437500
2287    -214934.187500
2288    -214935.125000
2289    -214936.000000
2290    -214936.781250
2291    -214937.578125
2292    -214938.531250
2293    -214939.281250
2294    -214940.109375
2295    -214941.031250
2296    -214941.781250
2297    -214942.562500
2298    -214943.453125
2299    -214944.187500
2300    -214944.953125
2301    -214945.843750
2302    -214946.625000
2303    -214947.406250
2304    -214948.328125
2305    -214949.187500
2306    -214949.921875
2307    -214950.718750
2308    -214951.562500
2309    -214952.375000
2310    -214953.281250
2311    -214954.062500
2312    -214954.921875
2313    -214955.687500
2314    -214956.562500
2315    -214957.406250
2316    -214958.250000
2317    -214959.093750
2318    -214959.906250
2319    -214960.781250
2320    -214961.625000
2321    -214962.437500
2322    -214963.250000
2323    -214964.171875
2324    -214964.984375
2325    -214965.812500
2326    -214966.656250
2327    -214967.500000
2328    -214968.250000
2329    -214969.093750
2330    -214970.062500
2331    -214970.796875
2332    -214971.578125
2333    -214972.546875
2334    -214973.281250
2335    -214974.218750
2336    -214975.031250
2337    -214975.859375
2338    -214976.718750
2339    -214977.562500
2340    -214978.312500
2341    -214979.218750
2342    -214980.062500
2343    -214980.812500
2344    -214981.765625
2345    -214982.531250
2346    -214983.468750
2347    -214984.281250
2348    -214985.062500
2349    -214986.093750
2350    -214986.812500
2351    -214987.734375
2352    -214988.500000
2353    -214989.296875
2354    -214990.187500
2355    -214991.078125
2356    -214991.968750
2357    -214992.843750
2358    -214993.562500
2359    -214994.484375
2360    -214995.281250
2361    -214996.156250
2362    -214997.062500
2363    -214997.890625
2364    -214998.671875
2365    -214999.531250
2366    -215000.406250
2367    -215001.265625
2368    -215002.062500
2369    -215002.828125
2370    -215003.796875
2371    -215004.656250
2372    -215005.453125
2373    -215006.250000
2374    -215007.093750
2375    -215007.953125
2376    -215008.796875
2377    -215009.625000
2378    -215010.453125
2379    -215011.265625
2380    -215012.187500
2381    -215013.109375
2382    -215013.937500
2383    -215014.750000
2384    -215015.593750
2385    -215016.453125
2386    -215017.250000
2387    -215018.250000
2388    -215019.062500
2389    -215019.843750
2390    -215020.609375
2391    -215021.500000
2392    -215022.343750
2393    -215023.156250
2394    -215024.046875
2395    -215024.843750
2396    -215025.765625
2397    -215026.531250
2398    -215027.312500
2399    -215028.062500
2400    -215029.015625
2401    -215029.843750
2402    -215030.625000
2403    -215031.468750
2404    -215032.343750
2405    -215033.093750
2406    -215033.906250
2407    -215034.890625
2408    -215035.625000
2409    -215036.500000
2410    -215037.250000
2411    -215038.125000
2412    -215038.968750
2413    -215039.765625
2414    -215040.546875
2415    -215041.421875
2416    -215042.203125
2417    -215043.078125
2418    -215043.906250
2419    -215044.750000
2420    -215045.531250
2421    -215046.343750
2422    -215047.250000
2423    -215048.015625
2424    -215048.812500
2425    -215049.625000
2426    -215050.468750
2427    -215051.265625
2428    -215052.140625
2429    -215052.937500
2430    -215053.703125
2431    -215054.531250
2432    -215055.250000
2433    -215056.171875
2434    -215056.937500
2435    -215057.828125
2436    -215058.578125
2437    -215059.406250
2438    -215060.171875
2439    -215060.937500
2440    -215061.781250
2441    -215062.546875
2442    -215063.437500
2443    -215064.203125
2444    -215065.031250
2445    -215065.750000
2446    -215066.609375
2447    -215067.468750
2448    -215068.125000
2449    -215069.046875
2450    -215069.750000
2451    -215070.625000
2452    -215071.437500
2453    -215072.203125
2454    -215072.953125
2455    -215073.750000
2456    -215074.671875
2457    -215075.437500
2458    -215076.187500
2459    -215077.000000
2460    -215077.750000
2461    -215078.531250
2462    -215079.343750
2463    -215080.234375
2464    -215081.000000
2465    -215081.671875
2466    -215082.562500
2467    -215083.375000
2468    -215084.046875
2469    -215084.937500
2470    -215085.750000
2471    -215086.468750
2472    -215087.328125
2473    -215088.093750
2474    -215088.875000
2475    -215089.687500
2476    -215090.453125
2477    -215091.281250
2478    -215092.046875
2479    -215092.875000
2480    -215093.593750
2481    -215094.375000
2482    -215095.187500
2483    -215096.015625
2484    -215096.781250
2485    -215097.531250
2486    -215098.359375
2487    -215099.171875
2488    -215100.000000
2489    -215100.750000
2490    -215101.500000
2491    -215102.250000
2492    -215103.031250
2493    -215103.875000
2494    -215104.687500
2495    -215105.453125
2496    -215106.125000
2497    -215107.078125
2498    -215107.812500
2499    -215108.671875
2500    -215109.437500
2501    -215110.250000
2502    -215110.906250
2503    -215111.718750
2504    -215112.578125
2505    -215113.281250
2506    -215114.125000
2507    -215114.921875
2508    -215115.703125
2509    -215116.453125
2510    -215117.312500
2511    -215118.093750
2512    -215118.843750
2513    -215119.656250
2514    -215120.390625
2515    -215121.281250
2516    -215121.921875
2517    -215122.812500
2518    -215123.531250
2519    -215124.281250
2520    -215125.062500
2521    -215125.859375
2522    -215126.625000
2523    -215127.375000
2524    -215128.218750
2525    -215129.031250
2526    -215129.781250
2527    -215130.593750
2528    -215131.281250
2529    -215132.171875
2530    -215132.906250
2531    -215133.578125
2532    -215134.406250
2533    -215135.187500
2534    -215135.937500
2535    -215136.734375
2536    -215137.562500
2537    -215138.343750
2538    -215139.046875
2539    -215139.796875
2540    -215140.531250
2541    -215141.250000
2542    -215142.093750
2543    -215142.921875
2544    -215143.750000
2545    -215144.406250
2546    -215145.156250
2547    -215146.062500
2548    -215146.812500
2549    -215147.562500
2550    -215148.312500
2551    -215149.000000
2552    -215149.812500
2553    -215150.531250
2554    -215151.296875
2555    -215152.125000
2556    -215152.875000
2557    -215153.687500
2558    -215154.437500
2559    -215155.125000
2560    -215155.843750
2561    -215156.656250
2562    -215157.437500
2563    -215158.218750
2564    -215159.031250
2565    -215159.750000
2566    -215160.531250
2567    -215161.234375
2568    -215161.968750
2569    -215162.687500
2570    -215163.500000
2571    -215164.093750
2572    -215164.937500
2573    -215165.671875
2574    -215166.453125
2575    -215167.156250
2576    -215167.937500
2577    -215168.656250
2578    -215169.406250
2579    -215170.125000
2580    -215170.875000
2581    -215171.625000
2582    -215172.390625
2583    -215173.140625
2584    -215173.828125
2585    -215174.625000
2586    -215175.312500
2587    -215176.031250
2588    -215176.875000
2589    -215177.593750
2590    -215178.187500
2591    -215179.031250
2592    -215179.734375
2593    -215180.437500
2594    -215181.281250
2595    -215182.000000
2596    -215182.671875
2597    -215183.500000
2598    -215184.187500
2599    -215184.968750
2600    -215185.625000
2601    -215186.312500
2602    -215187.125000
2603    -215187.843750
2604    -215188.546875
2605    -215189.375000
2606    -215190.062500
2607    -215190.765625
2608    -215191.500000
2609    -215192.343750
2610    -215193.000000
2611    -215193.687500
2612    -215194.453125
2613    -215195.187500
2614    -215195.984375
2615    -215196.687500
2616    -215197.343750
2617    -215198.031250
2618    -215198.875000
2619    -215199.562500
2620    -215200.218750
2621    -215201.015625
2622    -215201.750000
2623    -215202.343750
2624    -215203.140625
2625    -215203.828125
2626    -215204.484375
2627    -215205.281250
2628    -215205.968750
2629    -215206.750000
2630    -215207.500000
2631    -215208.281250
2632    -215208.937500
2633    -215209.609375
2634    -215210.218750
2635    -215211.078125
2636    -215211.750000
2637    -215212.421875
2638    -215213.234375
2639    -215213.953125
2640    -215214.593750
2641    -215215.343750
2642    -215215.968750
2643    -215216.734375
2644    -215217.406250
2645    -215218.062500
2646    -215218.812500
2647    -215219.593750
2648    -215220.281250
2649    -215221.000000
2650    -215221.718750
2651    -215222.343750
2652    -215223.015625
2653    -215223.718750
2654    -215224.437500
2655    -215225.062500
2656    -215225.843750
2657    -215226.500000
2658    -215227.187500
2659    -215227.875000
2660    -215228.578125
2661    -215229.265625
2662    -215229.953125
2663    -215230.656250
2664    -215231.375000
2665    -215232.046875
2666    -215232.750000
2667    -215233.312500
2668    -215234.125000
2669    -215234.781250
2670    -215235.515625
2671    -215236.250000
2672    -215236.953125
2673    -215237.578125
2674    -215238.343750
2675    -215238.921875
2676    -215239.609375
2677    -215240.328125
2678    -215241.000000
2679    -215241.718750
2680    -215242.390625
2681    -215243.046875
2682    -215243.734375
2683    -215244.468750
2684    -215245.156250
2685    -215245.812500
2686    -215246.484375
2687    -215247.265625
2688    -215247.875000
2689    -215248.531250
2690    -215249.140625
2691    -215249.937500
2692    -215250.593750
2693    -215251.234375
2694    -215251.890625
2695    -215252.546875
2696    -215253.343750
2697    -215253.968750
2698    -215254.656250
2699    -215255.375000
2700    -215255.953125
2701    -215256.718750
2702    -215257.250000
2703    -215258.093750
2704    -215258.718750
2705    -215259.359375
2706    -215260.125000
2707    -215260.781250
2708    -215261.468750
2709    -215262.171875
2710    -215262.765625
2711    -215263.406250
2712    -215264.140625
2713    -215264.734375
2714    -215265.468750
2715    -215266.234375
2716    -215266.781250
2717    -215267.546875
2718    -215268.156250
2719    -215268.812500
2720    -215269.468750
2721    -215270.125000
2722    -215270.796875
2723    -215271.500000
2724    -215272.156250
2725    -215272.953125
2726    -215273.562500
2727    -215274.187500
2728    -215274.937500
2729    -215275.453125
2730    -215276.156250
2731    -215276.812500
2732    -215277.468750
2733    -215278.156250
2734    -215278.796875
2735    -215279.500000
2736    -215280.125000
2737    -215280.812500
2738    -215281.468750
2739    -215282.218750
2740    -215282.765625
2741    -215283.421875
2742    -215284.187500
2743    -215284.812500
2744    -215285.531250
2745    -215286.156250
2746    -215286.843750
2747    -215287.515625
2748    -215288.156250
2749    -215288.796875
2750    -215289.437500
2751    -215290.156250
2752    -215290.796875
2753    -215291.531250
2754    -215292.109375
2755    -215292.750000
2756    -215293.437500
2757    -215294.062500
2758    -215294.781250
2759    -215295.453125
2760    -215296.062500
2761    -215296.656250
2762    -215297.343750
2763    -215298.000000
2764    -215298.718750
2765    -215299.375000
2766    -215299.906250
2767    -215300.578125
2768    -215301.250000
2769    -215301.828125
2770    -215302.500000
2771    -215303.156250
2772    -215303.781250
2773    -215304.406250
2774    -215305.125000
2775    -215305.703125
2776    -215306.312500
2777    -215306.937500
2778    -215307.500000
2779    -215308.125000
2780    -215308.812500
2781    -215309.390625
2782    -215310.078125
2783    -215310.656250
2784    -215311.250000
2785    -215311.890625
2786    -215312.578125
2787    -215313.250000
2788    -215313.734375
2789    -215314.281250
2790    -215314.968750
2791    -215315.437500
2792    -215316.156250
2793    -215316.734375
2794    -215317.343750
2795    -215317.906250
2796    -215318.531250
2797    -215319.156250
2798    -215319.781250
2799    -215320.328125
2800    -215320.875000
2801    -215321.500000
2802    -215322.109375
2803    -215322.718750
2804    -215323.343750
2805    -215323.906250
2806    -215324.406250
2807    -215325.109375
2808    -215325.703125
2809    -215326.312500
2810    -215326.875000
2811    -215327.453125
2812    -215328.031250
2813    -215328.640625
2814    -215329.187500
2815    -215329.812500
2816    -215330.343750
2817    -215330.921875
2818    -215331.546875
2819    -215332.140625
2820    -215332.656250
2821    -215333.250000
2822    -215333.875000
2823    -215334.437500
2824    -215334.906250
2825    -215335.484375
2826    -215336.093750
2827    -215336.750000
2828    -215337.328125
2829    -215337.843750
2830    -215338.406250
2831    -215338.937500
2832    -215339.468750
2833    -215340.078125
2834    -215340.656250
2835    -215341.187500
2836    -215341.687500
2837    -215342.312500
2838    -215342.937500
2839    -215343.546875
2840    -215344.000000
2841    -215344.531250
2842    -215345.093750
2843    -215345.656250
2844    -215346.187500
2845    -215346.781250
2846    -215347.343750
2847    -215347.828125
2848    -215348.343750
2849    -215348.968750
2850    -215349.437500
2851    -215350.000000
2852    -215350.593750
2853    -215351.093750
2854    -215351.593750
2855    -215352.203125
2856    -215352.656250
2857    -215353.171875
2858    -215353.765625
2859    -215354.281250
2860    -215354.750000
2861    -215355.359375
2862    -215355.812500
2863    -215356.406250
2864    -215356.843750
2865    -215357.375000
2866    -215357.968750
2867    -215358.437500
2868    -215358.984375
2869    -215359.484375
2870    -215359.984375
2871    -215360.578125
2872    -215361.046875
2873    -215361.578125
2874    -215362.109375
2875    -215362.593750
2876    -215363.171875
2877    -215363.640625
2878    -215364.156250
2879    -215364.625000
2880    -215365.218750
2881    -215365.640625
2882    -215366.156250
2883    -215366.671875
2884    -215367.156250
2885    -215367.609375
2886    -215368.078125
2887    -215368.656250
2888    -215369.125000
2889    -215369.593750
2890    -215370.046875
2891    -215370.609375
2892    -215371.031250
2893    -215371.515625
2894    -215371.968750
2895    -215372.406250
2896    -215372.984375
2897    -215373.437500
2898    -215373.875000
2899    -215374.406250
2900    -215374.859375
2901    -215375.343750
2902    -215375.781250
2903    -215376.250000
2904    -215376.812500
2905    -215377.281250
2906    -215377.718750
2907    -215378.156250
2908    -215378.593750
2909    -215379.093750
2910    -215379.562500
2911    -215380.031250
2912    -215380.500000
2913    -215380.984375
2914    -215381.500000
2915    -215381.875000
2916    -215382.359375
2917    -215382.906250
2918    -215383.406250
2919    -215383.812500
2920    -215384.250000
2921    -215384.718750
2922    -215385.171875
2923    -215385.718750
2924    -215386.062500
2925    -215386.531250
2926    -215387.015625
2927    -215387.625000
2928    -215388.015625
2929    -215388.500000
2930    -215388.875000
2931    -215389.375000
2932    -215389.906250
2933    -215390.312500
2934    -215390.781250
2935    -215391.250000
2936    -215391.734375
2937    -215392.156250
2938    -215392.625000
2939    -215393.125000
2940    -215393.640625
2941    -215394.093750
2942    -215394.468750
2943    -215394.921875
2944    -215395.421875
2945    -215395.968750
2946    -215396.375000
2947    -215396.812500
2948    -215397.218750
2949    -215397.765625
2950    -215398.218750
2951    -215398.687500
2952    -215399.218750
2953    -215399.640625
2954    -215400.078125
2955    -215400.593750
2956    -215401.015625
2957    -215401.546875
2958    -215401.937500
2959    -215402.421875
2960    -215402.859375
2961    -215403.359375
2962    -215403.781250
2963    -215404.312500
2964    -215404.781250
2965    -215405.187500
2966    -215405.671875
2967    -215406.125000
2968    -215406.593750
2969    -215407.093750
2970    -215407.500000
2971    -215408.031250
2972    -215408.375000
2973    -215409.000000
2974    -215409.312500
2975    -215409.859375
2976    -215410.343750
2977    -215410.875000
2978    -215411.328125
2979    -215411.750000
2980    -215412.250000
2981    -215412.703125
2982    -215413.125000
2983    -215413.625000
2984    -215414.250000
2985    -215414.562500
2986    -215415.062500
2987    -215415.656250
2988    -215415.984375
2989    -215416.562500
2990    -215416.984375
2991    -215417.531250
2992    -215417.906250
2993    -215418.453125
2994    -215418.968750
2995    -215419.453125
2996    -215419.906250
2997    -215420.453125
2998    -215420.828125
2999    -215421.343750
3000    -215421.843750
3001    -215422.343750
3002    -215422.875000
3003    -215423.406250
3004    -215423.828125
3005    -215424.281250
3006    -215424.812500
3007    -215425.343750
3008    -215425.781250
3009    -215426.328125
3010    -215426.796875
3011    -215427.359375
3012    -215427.796875
3013    -215428.312500
3014    -215428.843750
3015    -215429.312500
3016    -215429.781250
3017    -215430.281250
3018    -215430.875000
3019    -215431.406250
3020    -215431.875000
3021    -215432.328125
3022    -215432.812500
3023    -215433.281250
3024    -215433.859375
3025    -215434.375000
3026    -215434.906250
3027    -215435.406250
3028    -215435.937500
3029    -215436.515625
3030    -215436.984375
3031    -215437.468750
3032    -215437.921875
3033    -215438.437500
3034    -215439.046875
3035    -215439.500000
3036    -215440.046875
3037    -215440.593750
3038    -215441.015625
3039    -215441.546875
3040    -215442.062500
3041    -215442.625000
3042    -215443.093750
3043    -215443.625000
3044    -215444.078125
3045    -215444.656250
3046    -215445.187500
3047    -215445.734375
3048    -215446.250000
3049    -215446.750000
3050    -215447.343750
3051    -215447.781250
3052    -215448.312500
3053    -215448.812500
3054    -215449.328125
3055    -215449.843750
3056    -215450.406250
3057    -215450.890625
3058    -215451.437500
3059    -215451.906250
3060    -215452.468750
3061    -215452.984375
3062    -215453.437500
3063    -215454.031250
3064    -215454.593750
3065    -215455.046875
3066    -215455.593750
3067    -215456.125000
3068    -215456.656250
3069    -215457.218750
3070    -215457.609375
3071    -215458.187500
3072    -215458.687500
3073    -215459.250000
3074    -215459.750000
3075    -215460.218750
3076    -215460.796875
3077    -215461.250000
3078    -215461.859375
3079    -215462.437500
3080    -215462.921875
3081    -215463.437500
3082    -215464.000000
3083    -215464.468750
3084    -215464.968750
3085    -215465.468750
3086    -215466.046875
3087    -215466.515625
3088    -215467.062500
3089    -215467.531250
3090    -215468.109375
3091    -215468.687500
3092    -215469.156250
3093    -215469.625000
3094    -215470.250000
3095    -215470.687500
3096    -215471.187500
3097    -215471.687500
3098    -215472.250000
3099    -215472.781250
3100    -215473.218750
3101    -215473.734375
3102    -215474.281250
3103    -215474.843750
3104    -215475.390625
3105    -215475.843750
3106    -215476.375000
3107    -215476.937500
3108    -215477.468750
3109    -215477.937500
3110    -215478.453125
3111    -215479.000000
3112    -215479.531250
3113    -215480.031250
3114    -215480.515625
3115    -215481.062500
3116    -215481.500000
3117    -215482.015625
3118    -215482.515625
3119    -215483.078125
3120    -215483.609375
3121    -215484.015625
3122    -215484.531250
3123    -215485.046875
3124    -215485.515625
3125    -215485.968750
3126    -215486.468750
3127    -215486.937500
3128    -215487.468750
3129    -215487.953125
3130    -215488.359375
3131    -215488.906250
3132    -215489.375000
3133    -215489.875000
3134    -215490.296875
3135    -215490.828125
3136    -215491.250000
3137    -215491.718750
3138    -215492.234375
3139    -215492.734375
3140    -215493.250000
3141    -215493.703125
3142    -215494.218750
3143    -215494.625000
3144    -215495.171875
3145    -215495.562500
3146    -215496.062500
3147    -215496.515625
3148    -215496.953125
3149    -215497.437500
3150    -215497.937500
3151    -215498.375000
3152    -215498.843750
3153    -215499.343750
3154    -215499.796875
3155    -215500.250000
3156    -215500.718750
3157    -215501.156250
3158    -215501.656250
3159    -215502.125000
3160    -215502.546875
3161    -215503.031250
3162    -215503.578125
3163    -215503.921875
3164    -215504.343750
3165    -215504.843750
3166    -215505.296875
3167    -215505.703125
3168    -215506.203125
3169    -215506.609375
3170    -215507.125000
3171    -215507.546875
3172    -215507.984375
3173    -215508.437500
3174    -215508.890625
3175    -215509.296875
3176    -215509.750000
3177    -215510.187500
3178    -215510.625000
3179    -215511.062500
3180    -215511.500000
3181    -215511.984375
3182    -215512.406250
3183    -215512.843750
3184    -215513.250000
3185    -215513.687500
3186    -215514.109375
3187    -215514.609375
3188    -215514.968750
3189    -215515.390625
3190    -215515.781250
3191    -215516.218750
3192    -215516.671875
3193    -215517.093750
3194    -215517.500000
3195    -215517.937500
3196    -215518.421875
3197    -215518.843750
3198    -215519.234375
3199    -215519.562500
3200    -215520.031250
3201    -215520.453125
3202    -215520.875000
3203    -215521.265625
3204    -215521.687500
3205    -215522.093750
3206    -215522.531250
3207    -215522.921875
3208    -215523.328125
3209    -215523.750000
3210    -215524.203125
3211    -215524.562500
3212    -215525.000000
3213    -215525.406250
3214    -215525.843750
3215    -215526.250000
3216    -215526.609375
3217    -215527.015625
3218    -215527.484375
3219    -215527.875000
3220    -215528.281250
3221    -215528.609375
3222    -215529.093750
3223    -215529.453125
3224    -215529.781250
3225    -215530.281250
3226    -215530.671875
3227    -215531.078125
3228    -215531.468750
3229    -215531.875000
3230    -215532.265625
3231    -215532.640625
3232    -215533.046875
3233    -215533.515625
3234    -215533.890625
3235    -215534.250000
3236    -215534.640625
3237    -215535.093750
3238    -215535.484375
3239    -215535.843750
3240    -215536.250000
3241    -215536.625000
3242    -215537.031250
3243    -215537.437500
3244    -215537.781250
3245    -215538.187500
3246    -215538.562500
3247    -215538.953125
3248    -215539.375000
3249    -215539.734375
3250    -215540.171875
3251    -215540.500000
3252    -215540.937500
3253    -215541.312500
3254    -215541.671875
3255    -215542.093750
3256    -215542.468750
3257    -215542.828125
3258    -215543.187500
3259    -215543.593750
3260    -215544.000000
3261    -215544.375000
3262    -215544.781250
3263    -215545.046875
3264    -215545.500000
3265    -215545.921875
3266    -215546.265625
3267    -215546.656250
3268    -215547.062500
3269    -215547.437500
3270    -215547.843750
3271    -215548.203125
3272    -215548.656250
3273    -215548.984375
3274    -215549.390625
3275    -215549.781250
3276    -215550.156250
3277    -215550.500000
3278    -215550.921875
3279    -215551.281250
3280    -215551.687500
3281    -215552.062500
3282    -215552.421875
3283    -215552.828125
3284    -215553.125000
3285    -215553.593750
3286    -215553.906250
3287    -215554.281250
3288    -215554.625000
3289    -215555.000000
3290    -215555.468750
3291    -215555.750000
3292    -215556.203125
3293    -215556.546875
3294    -215556.968750
3295    -215557.312500
3296    -215557.656250
3297    -215558.078125
3298    -215558.500000
3299    -215558.875000
3300    -215559.156250
3301    -215559.578125
3302    -215559.968750
3303    -215560.375000
3304    -215560.734375
3305    -215561.031250
3306    -215561.468750
3307    -215561.875000
3308    -215562.218750
3309    -215562.625000
3310    -215562.906250
3311    -215563.343750
3312    -215563.718750
3313    -215564.156250
3314    -215564.484375
3315    -215564.875000
3316    -215565.250000
3317    -215565.625000
3318    -215566.000000
3319    -215566.375000
3320    -215566.796875
3321    -215567.156250
3322    -215567.562500
3323    -215567.937500
3324    -215568.343750
3325    -215568.750000
3326    -215569.093750
3327    -215569.453125
3328    -215569.875000
3329    -215570.265625
3330    -215570.671875
3331    -215570.984375
3332    -215571.406250
3333    -215571.828125
3334    -215572.187500
3335    -215572.578125
3336    -215572.968750
3337    -215573.359375
3338    -215573.734375
3339    -215574.125000
3340    -215574.531250
3341    -215574.921875
3342    -215575.312500
3343    -215575.687500
3344    -215576.125000
3345    -215576.437500
3346    -215576.843750
3347    -215577.250000
3348    -215577.609375
3349    -215578.062500
3350    -215578.406250
3351    -215578.859375
3352    -215579.218750
3353    -215579.593750
3354    -215580.031250
3355    -215580.375000
3356    -215580.781250
3357    -215581.171875
3358    -215581.500000
3359    -215581.968750
3360    -215582.375000
3361    -215582.734375
3362    -215583.109375
3363    -215583.578125
3364    -215583.937500
3365    -215584.312500
3366    -215584.734375
3367    -215585.093750
3368    -215585.562500
3369    -215585.937500
3370    -215586.312500
3371    -215586.765625
3372    -215587.109375
3373    -215587.562500
3374    -215587.937500
3375    -215588.312500
3376    -215588.750000
3377    -215589.218750
3378    -215589.515625
3379    -215589.906250
3380    -215590.343750
3381    -215590.750000
3382    -215591.156250
3383    -215591.546875
3384    -215591.984375
3385    -215592.406250
3386    -215592.812500
3387    -215593.218750
3388    -215593.593750
3389    -215594.078125
3390    -215594.421875
3391    -215594.828125
3392    -215595.218750
3393    -215595.656250
3394    -215596.000000
3395    -215596.406250
3396    -215596.875000
3397    -215597.265625
3398    -215597.656250
3399    -215598.093750
3400    -215598.562500
3401    -215598.937500
3402    -215599.375000
3403    -215599.796875
3404    -215600.171875
3405    -215600.640625
3406    -215601.000000
3407    -215601.437500
3408    -215601.812500
3409    -215602.218750
3410    -215602.656250
3411    -215603.031250
3412    -215603.484375
3413    -215603.906250
3414    -215604.343750
3415    -215604.812500
3416    -215605.093750
3417    -215605.625000
3418    -215606.031250
3419    -215606.484375
3420    -215606.875000
3421    -215607.281250
3422    -215607.671875
3423    -215608.156250
3424    -215608.546875
3425    -215608.906250
3426    -215609.359375
3427    -215609.781250
3428    -215610.218750
3429    -215610.656250
3430    -215611.062500
3431    -215611.500000
3432    -215611.890625
3433    -215612.328125
3434    -215612.796875
3435    -215613.203125
3436    -215613.625000
3437    -215613.937500
3438    -215614.375000
3439    -215614.843750
3440    -215615.281250
3441    -215615.656250
3442    -215616.187500
3443    -215616.593750
3444    -215616.984375
3445    -215617.421875
3446    -215617.890625
3447    -215618.343750
3448    -215618.750000
3449    -215619.187500
3450    -215619.625000
3451    -215620.062500
3452    -215620.468750
3453    -215620.875000
3454    -215621.312500
3455    -215621.734375
3456    -215622.078125
3457    -215622.578125
3458    -215622.984375
3459    -215623.375000
3460    -215623.765625
3461    -215624.250000
3462    -215624.671875
3463    -215625.109375
3464    -215625.578125
3465    -215625.843750
3466    -215626.328125
3467    -215626.765625
3468    -215627.171875
3469    -215627.625000
3470    -215628.000000
3471    -215628.500000
3472    -215628.875000
3473    -215629.250000
3474    -215629.640625
3475    -215630.125000
3476    -215630.593750
3477    -215631.031250
3478    -215631.453125
3479    -215631.843750
3480    -215632.218750
3481    -215632.718750
3482    -215633.187500
3483    -215633.593750
3484    -215634.015625
3485    -215634.390625
3486    -215634.906250
3487    -215635.343750
3488    -215635.765625
3489    -215636.140625
3490    -215636.515625
3491    -215636.921875
3492    -215637.359375
3493    -215637.750000
3494    -215638.218750
3495    -215638.656250
3496    -215639.125000
3497    -215639.546875
3498    -215639.968750
3499    -215640.375000
3500    -215640.859375
3501    -215641.171875
3502    -215641.656250
3503    -215642.109375
3504    -215642.437500
3505    -215642.937500
3506    -215643.343750
3507    -215643.718750
3508    -215644.156250
3509    -215644.593750
3510    -215645.062500
3511    -215645.406250
3512    -215645.906250
3513    -215646.375000
3514    -215646.750000
3515    -215647.140625
3516    -215647.562500
3517    -215648.031250
3518    -215648.406250
3519    -215648.796875
3520    -215649.265625
3521    -215649.656250
3522    -215650.093750
3523    -215650.562500
3524    -215650.937500
3525    -215651.328125
3526    -215651.781250
3527    -215652.093750
3528    -215652.562500
3529    -215653.046875
3530    -215653.406250
3531    -215653.843750
3532    -215654.281250
3533    -215654.656250
3534    -215655.062500
3535    -215655.500000
3536    -215655.906250
3537    -215656.265625
3538    -215656.687500
3539    -215657.062500
3540    -215657.437500
3541    -215657.843750
3542    -215658.281250
3543    -215658.687500
3544    -215659.093750
3545    -215659.406250
3546    -215659.921875
3547    -215660.250000
3548    -215660.640625
3549    -215661.031250
3550    -215661.406250
3551    -215661.812500
3552    -215662.234375
3553    -215662.593750
3554    -215662.984375
3555    -215663.390625
3556    -215663.765625
3557    -215664.203125
3558    -215664.546875
3559    -215664.890625
3560    -215665.359375
3561    -215665.656250
3562    -215666.093750
3563    -215666.531250
3564    -215666.843750
3565    -215667.234375
3566    -215667.671875
3567    -215667.968750
3568    -215668.453125
3569    -215668.812500
3570    -215669.125000
3571    -215669.562500
3572    -215669.921875
3573    -215670.265625
3574    -215670.671875
3575    -215671.015625
3576    -215671.406250
3577    -215671.765625
3578    -215672.156250
3579    -215672.500000
3580    -215672.890625
3581    -215673.250000
3582    -215673.656250
3583    -215673.937500
3584    -215674.359375
3585    -215674.687500
3586    -215675.062500
3587    -215675.437500
3588    -215675.843750
3589    -215676.187500
3590    -215676.531250
3591    -215676.921875
3592    -215677.187500
3593    -215677.609375
3594    -215677.968750
3595    -215678.375000
3596    -215678.687500
3597    -215679.062500
3598    -215679.406250
3599    -215679.781250
3600    -215680.125000
3601    -215680.468750
3602    -215680.843750
3603    -215681.187500
3604    -215681.531250
3605    -215681.906250
3606    -215682.187500
3607    -215682.531250
3608    -215682.906250
3609    -215683.234375
3610    -215683.578125
3611    -215683.906250
3612    -215684.250000
3613    -215684.640625
3614    -215684.968750
3615    -215685.281250
3616    -215685.656250
3617    -215685.953125
3618    -215686.312500
3619    -215686.703125
3620    -215686.968750
3621    -215687.312500
3622    -215687.718750
3623    -215688.093750
3624    -215688.375000
3625    -215688.718750
3626    -215689.031250
3627    -215689.375000
3628    -215689.718750
3629    -215690.093750
3630    -215690.437500
3631    -215690.656250
3632    -215691.093750
3633    -215691.343750
3634    -215691.687500
3635    -215692.062500
3636    -215692.312500
3637    -215692.640625
3638    -215693.000000
3639    -215693.375000
3640    -215693.671875
3641    -215693.968750
3642    -215694.328125
3643    -215694.609375
3644    -215694.953125
3645    -215695.281250
3646    -215695.562500
3647    -215695.937500
3648    -215696.250000
3649    -215696.500000
3650    -215696.906250
3651    -215697.218750
3652    -215697.546875
3653    -215697.843750
3654    -215698.109375
3655    -215698.437500
3656    -215698.796875
3657    -215699.109375
3658    -215699.406250
3659    -215699.781250
3660    -215700.062500
3661    -215700.359375
3662    -215700.718750
3663    -215700.953125
3664    -215701.312500
3665    -215701.593750
3666    -215701.953125
3667    -215702.281250
3668    -215702.562500
3669    -215702.875000
3670    -215703.218750
3671    -215703.500000
3672    -215703.781250
3673    -215704.156250
3674    -215704.390625
3675    -215704.765625
3676    -215705.093750
3677    -215705.359375
3678    -215705.703125
3679    -215705.937500
3680    -215706.265625
3681    -215706.531250
3682    -215706.875000
3683    -215707.187500
3684    -215707.531250
3685    -215707.843750
3686    -215708.078125
3687    -215708.406250
3688    -215708.703125
3689    -215709.015625
3690    -215709.312500
3691    -215709.625000
3692    -215709.937500
3693    -215710.265625
3694    -215710.578125
3695    -215710.890625
3696    -215711.203125
3697    -215711.500000
3698    -215711.812500
3699    -215712.109375
3700    -215712.375000
3701    -215712.687500
3702    -215713.000000
3703    -215713.250000
3704    -215713.593750
3705    -215713.859375
3706    -215714.125000
3707    -215714.437500
3708    -215714.781250
3709    -215715.031250
3710    -215715.265625
3711    -215715.562500
3712    -215715.843750
3713    -215716.140625
3714    -215716.406250
3715    -215716.718750
3716    -215717.000000
3717    -215717.281250
3718    -215717.578125
3719    -215717.859375
3720    -215718.109375
3721    -215718.437500
3722    -215718.687500
3723    -215718.953125
3724    -215719.218750
3725    -215719.468750
3726    -215719.781250
3727    -215720.015625
3728    -215720.312500
3729    -215720.562500
3730    -215720.828125
3731    -215721.125000
3732    -215721.375000
3733    -215721.656250
3734    -215721.843750
3735    -215722.125000
3736    -215722.406250
3737    -215722.640625
3738    -215722.937500
3739    -215723.187500
3740    -215723.468750
3741    -215723.718750
3742    -215723.968750
3743    -215724.171875
3744    -215724.468750
3745    -215724.703125
3746    -215724.968750
3747    -215725.265625
3748    -215725.484375
3749    -215725.750000
3750    -215726.031250
3751    -215726.281250
3752    -215726.531250
3753    -215726.781250
3754    -215727.078125
3755    -215727.296875
3756    -215727.546875
3757    -215727.765625
3758    -215728.031250
3759    -215728.312500
3760    -215728.515625
3761    -215728.781250
3762    -215729.015625
3763    -215729.281250
3764    -215729.500000
3765    -215729.812500
3766    -215730.046875
3767    -215730.265625
3768    -215730.484375
3769    -215730.750000
3770    -215731.031250
3771    -215731.265625
3772    -215731.453125
3773    -215731.687500
3774    -215731.953125
3775    -215732.218750
3776    -215732.406250
3777    -215732.640625
3778    -215732.937500
3779    -215733.140625
3780    -215733.390625
3781    -215733.625000
3782    -215733.890625
3783    -215734.078125
3784    -215734.312500
3785    -215734.546875
3786    -215734.750000
3787    -215735.046875
3788    -215735.281250
3789    -215735.484375
3790    -215735.750000
3791    -215736.000000
3792    -215736.218750
3793    -215736.406250
3794    -215736.640625
3795    -215736.937500
3796    -215737.125000
3797    -215737.343750
3798    -215737.562500
3799    -215737.812500
3800    -215738.015625
3801    -215738.265625
3802    -215738.531250
3803    -215738.703125
3804    -215738.921875
3805    -215739.187500
3806    -215739.375000
3807    -215739.609375
3808    -215739.843750
3809    -215740.062500
3810    -215740.265625
3811    -215740.484375
3812    -215740.687500
3813    -215741.000000
3814    -215741.218750
3815    -215741.375000
3816    -215741.593750
3817    -215741.796875
3818    -215742.031250
3819    -215742.203125
3820    -215742.437500
3821    -215742.625000
3822    -215742.843750
3823    -215743.078125
3824    -215743.312500
3825    -215743.484375
3826    -215743.687500
3827    -215743.890625
3828    -215744.078125
3829    -215744.265625
3830    -215744.484375
3831    -215744.671875
3832    -215744.968750
3833    -215745.078125
3834    -215745.328125
3835    -215745.500000
3836    -215745.718750
3837    -215745.906250
3838    -215746.187500
3839    -215746.343750
3840    -215746.515625
3841    -215746.750000
3842    -215746.937500
3843    -215747.062500
3844    -215747.281250
3845    -215747.484375
3846    -215747.703125
3847    -215747.843750
3848    -215748.109375
3849    -215748.250000
3850    -215748.468750
3851    -215748.656250
3852    -215748.843750
3853    -215749.046875
3854    -215749.187500
3855    -215749.437500
3856    -215749.562500
3857    -215749.812500
3858    -215749.968750
3859    -215750.187500
3860    -215750.312500
3861    -215750.531250
3862    -215750.687500
3863    -215750.953125
3864    -215751.093750
3865    -215751.281250
3866    -215751.453125
3867    -215751.640625
3868    -215751.890625
3869    -215752.046875
3870    -215752.265625
3871    -215752.406250
3872    -215752.640625
3873    -215752.828125
3874    -215753.015625
3875    -215753.187500
3876    -215753.375000
3877    -215753.593750
3878    -215753.718750
3879    -215753.968750
3880    -215754.093750
3881    -215754.328125
3882    -215754.531250
