Step            Loss
--------------------
1         -71.129303
2        -100.625061
3        -130.115082
4        -159.600357
5        -189.080811
6        -218.557266
7        -248.030273
8        -277.500427
9        -306.968048
10       -336.433746
11       -365.898224
12       -395.362305
13       -424.826111
14       -454.291016
15       -483.757751
16       -513.227051
17       -542.700134
18       -572.177673
19       -601.660889
20       -631.150696
21       -660.648376
22       -690.155029
23       -719.671814
24       -749.199951
25       -778.740967
26       -808.295898
27       -837.866150
28       -867.452881
29       -897.057739
30       -926.681763
31       -956.326538
32       -985.993286
33      -1015.683533
34      -1045.398438
35      -1075.139526
36      -1104.907959
37      -1134.705566
38      -1164.533325
39      -1194.392700
40      -1224.284790
41      -1254.210815
42      -1284.172241
43      -1314.170044
44      -1344.205688
45      -1374.280029
46      -1404.393921
47      -1434.548950
48      -1464.745728
49      -1494.985596
50      -1525.269165
51      -1555.597412
52      -1585.971313
53      -1616.391602
54      -1646.859131
55      -1677.374756
56      -1707.938965
57      -1738.552734
58      -1769.216919
59      -1799.931641
60      -1830.698120
61      -1861.516479
62      -1892.387573
63      -1923.311768
64      -1954.289795
65      -1985.321899
66      -2016.408691
67      -2047.550415
68      -2078.747803
69      -2110.000977
70      -2141.310303
71      -2172.676270
72      -2204.098877
73      -2235.578613
74      -2267.115723
75      -2298.710449
76      -2330.362793
77      -2362.073242
78      -2393.841553
79      -2425.668213
80      -2457.552979
81      -2489.496094
82      -2521.497559
83      -2553.557617
84      -2585.676270
85      -2617.853027
86      -2650.088379
87      -2682.381836
88      -2714.733887
89      -2747.143555
90      -2779.612061
91      -2812.138184
92      -2844.721680
93      -2877.363281
94      -2910.062012
95      -2942.818359
96      -2975.631348
97      -3008.501221
98      -3041.427246
99      -3074.409912
100     -3107.448242
101     -3140.542480
102     -3173.691895
103     -3206.895996
104     -3240.154785
105     -3273.468018
106     -3306.834473
107     -3340.254883
108     -3373.728027
109     -3407.254150
110     -3440.832031
111     -3474.461426
112     -3508.142090
113     -3541.873535
114     -3575.655029
115     -3609.486328
116     -3643.366211
117     -3677.294922
118     -3711.271729
119     -3745.295898
120     -3779.366699
121     -3813.484375
122     -3847.646729
123     -3881.854736
124     -3916.106445
125     -3950.402588
126     -3984.741211
127     -4019.122314
128     -4053.545166
129     -4088.008789
130     -4122.512695
131     -4157.056641
132     -4191.638672
133     -4226.258789
134     -4260.916504
135     -4295.610840
136     -4330.340820
137     -4365.105469
138     -4399.904785
139     -4434.737305
140     -4469.602051
141     -4504.499023
142     -4539.426758
143     -4574.384277
144     -4609.371582
145     -4644.386719
146     -4679.429688
147     -4714.499023
148     -4749.593750
149     -4784.713867
150     -4819.857910
151     -4855.024414
152     -4890.213867
153     -4925.424316
154     -4960.654297
155     -4995.895508
156     -5031.147461
157     -5066.416992
158     -5101.702637
159     -5137.003906
160     -5172.318848
161     -5207.647949
162     -5242.989258
163     -5278.342773
164     -5313.706055
165     -5349.079590
166     -5384.460938
167     -5419.850586
168     -5455.246582
169     -5490.648438
170     -5526.054199
171     -5561.464844
172     -5596.876953
173     -5632.291504
174     -5667.707031
175     -5703.121094
176     -5738.534180
177     -5773.945312
178     -5809.349609
179     -5844.737305
180     -5880.119141
181     -5915.495117
182     -5950.863281
183     -5986.222656
184     -6021.573242
185     -6056.913086
186     -6092.241211
187     -6127.557129
188     -6162.859375
189     -6198.147461
190     -6233.420410
191     -6268.676270
192     -6303.915039
193     -6339.135742
194     -6374.336426
195     -6409.517578
196     -6444.676758
197     -6479.813965
198     -6514.928223
199     -6550.018555
200     -6585.083008
201     -6620.122070
202     -6655.133789
203     -6690.118164
204     -6725.073242
205     -6759.998535
206     -6794.893066
207     -6829.756836
208     -6864.586914
209     -6899.383789
210     -6934.144043
211     -6968.870117
212     -7003.560059
213     -7038.212891
214     -7072.828125
215     -7107.404297
216     -7141.941406
217     -7176.438477
218     -7210.893555
219     -7245.306641
220     -7279.677734
221     -7314.004883
222     -7348.287109
223     -7382.515625
224     -7416.694336
225     -7450.826172
226     -7484.910156
227     -7518.946289
228     -7552.932617
229     -7586.869141
230     -7620.754883
231     -7654.589355
232     -7688.371094
233     -7722.069336
234     -7755.711426
235     -7789.298828
236     -7822.831055
237     -7856.308594
238     -7889.728516
239     -7923.091797
240     -7956.396973
241     -7989.644531
242     -8022.832031
243     -8055.960449
244     -8089.028320
245     -8122.017090
246     -8154.936035
247     -8187.793945
248     -8220.583984
249     -8253.304688
250     -8285.960938
251     -8318.539062
252     -8351.041992
253     -8383.462891
254     -8415.817383
255     -8448.104492
256     -8480.325195
257     -8512.476562
258     -8544.560547
259     -8576.576172
260     -8608.521484
261     -8640.396484
262     -8672.197266
263     -8703.893555
264     -8735.488281
265     -8766.992188
266     -8798.421875
267     -8829.777344
268     -8861.060547
269     -8892.261719
270     -8923.386719
271     -8954.400391
272     -8985.311523
273     -9016.148438
274     -9046.908203
275     -9077.591797
276     -9108.201172
277     -9138.734375
278     -9169.189453
279     -9199.562500
280     -9229.857422
281     -9260.054688
282     -9290.164062
283     -9320.195312
284     -9350.138672
285     -9379.962891
286     -9409.671875
287     -9439.271484
288     -9468.788086
289     -9498.224609
290     -9527.561523
291     -9556.796875
292     -9585.928711
293     -9614.964844
294     -9643.921875
295     -9672.796875
296     -9701.590820
297     -9730.296875
298     -9758.919922
299     -9787.462891
300     -9815.908203
301     -9844.253906
302     -9872.502930
303     -9900.668945
304     -9928.749023
305     -9956.740234
306     -9984.648438
307     -10012.459961
308     -10040.183594
309     -10067.824219
310     -10095.382812
311     -10122.853516
312     -10150.234375
313     -10177.531250
314     -10204.738281
315     -10231.830078
316     -10258.824219
317     -10285.734375
318     -10312.562500
319     -10339.294922
320     -10365.934570
321     -10392.484375
322     -10418.938477
323     -10445.301758
324     -10471.570312
325     -10497.752930
326     -10523.845703
327     -10549.812500
328     -10575.662109
329     -10601.407227
330     -10627.050781
331     -10652.576172
332     -10678.012695
333     -10703.337891
334     -10728.541016
335     -10753.636719
336     -10778.651367
337     -10803.583984
338     -10828.433594
339     -10853.181641
340     -10877.831055
341     -10902.399414
342     -10926.871094
343     -10951.250977
344     -10975.537109
345     -10999.728516
346     -11023.836914
347     -11047.841797
348     -11071.763672
349     -11095.603516
350     -11119.353516
351     -11143.003906
352     -11166.531250
353     -11189.953125
354     -11213.291016
355     -11236.546875
356     -11259.705078
357     -11282.783203
358     -11305.761719
359     -11328.625000
360     -11351.348633
361     -11373.975586
362     -11396.516602
363     -11418.966797
364     -11441.318359
365     -11463.580078
366     -11485.757812
367     -11507.848633
368     -11529.847656
369     -11551.740234
370     -11573.553711
371     -11595.263672
372     -11616.833984
373     -11638.301758
374     -11659.667969
375     -11680.948242
376     -11702.111328
377     -11723.173828
378     -11744.152344
379     -11765.054688
380     -11785.864258
381     -11806.572266
382     -11827.197266
383     -11847.731445
384     -11868.130859
385     -11888.431641
386     -11908.644531
387     -11928.755859
388     -11948.772461
389     -11968.695312
390     -11988.516602
391     -12008.234375
392     -12027.831055
393     -12047.287109
394     -12066.640625
395     -12085.906250
396     -12105.100586
397     -12124.220703
398     -12143.257812
399     -12162.188477
400     -12181.035156
401     -12199.798828
402     -12218.486328
403     -12237.091797
404     -12255.568359
405     -12273.912109
406     -12292.158203
407     -12310.289062
408     -12328.311523
409     -12346.245117
410     -12364.067383
411     -12381.760742
412     -12399.353516
413     -12416.870117
414     -12434.261719
415     -12451.525391
416     -12468.694336
417     -12485.751953
418     -12502.660156
419     -12519.462891
420     -12536.175781
421     -12552.785156
422     -12569.300781
423     -12585.709961
424     -12602.032227
425     -12618.228516
426     -12634.310547
427     -12650.289062
428     -12666.117188
429     -12681.847656
430     -12697.488281
431     -12713.033203
432     -12728.507812
433     -12743.905273
434     -12759.208984
435     -12774.411133
436     -12789.511719
437     -12804.551758
438     -12819.465820
439     -12834.298828
440     -12849.076172
441     -12863.781250
442     -12878.416992
443     -12892.994141
444     -12907.466797
445     -12921.876953
446     -12936.190430
447     -12950.445312
448     -12964.636719
449     -12978.766602
450     -12992.837891
451     -13006.837891
452     -13020.766602
453     -13034.625000
454     -13048.421875
455     -13062.147461
456     -13075.810547
457     -13089.361328
458     -13102.816406
459     -13116.188477
460     -13129.482422
461     -13142.664062
462     -13155.761719
463     -13168.759766
464     -13181.682617
465     -13194.492188
466     -13207.205078
467     -13219.844727
468     -13232.427734
469     -13244.939453
470     -13257.368164
471     -13269.690430
472     -13281.919922
473     -13294.050781
474     -13306.101562
475     -13318.078125
476     -13329.960938
477     -13341.761719
478     -13353.511719
479     -13365.217773
480     -13376.800781
481     -13388.310547
482     -13399.753906
483     -13411.151367
484     -13422.458984
485     -13433.652344
486     -13444.748047
487     -13455.751953
488     -13466.673828
489     -13477.500000
490     -13488.210938
491     -13498.871094
492     -13509.461914
493     -13519.980469
494     -13530.415039
495     -13540.738281
496     -13550.911133
497     -13560.974609
498     -13570.963867
499     -13580.851562
500     -13590.648438
501     -13600.386719
502     -13610.053711
503     -13619.632812
504     -13629.150391
505     -13638.619141
506     -13648.003906
507     -13657.308594
508     -13666.566406
509     -13675.761719
510     -13684.914062
511     -13693.990234
512     -13703.007812
513     -13711.926758
514     -13720.785156
515     -13729.578125
516     -13738.331055
517     -13747.035156
518     -13755.699219
519     -13764.312500
520     -13772.863281
521     -13781.351562
