Step            Loss
--------------------
1         207.458496
2         179.007431
3         150.557251
4         122.107895
5          93.659500
6          65.211639
7          36.763809
8           8.316040
9         -20.132156
10        -48.580902
11        -77.030869
12       -105.482239
13       -133.935562
14       -162.391174
15       -190.850311
16       -219.313202
17       -247.780792
18       -276.253998
19       -304.733490
20       -333.220276
21       -361.715210
22       -390.218994
23       -418.732605
24       -447.256897
25       -475.792786
26       -504.341217
27       -532.903015
28       -561.479126
29       -590.070618
30       -618.678467
31       -647.303406
32       -675.946777
33       -704.609436
34       -733.292542
35       -761.996826
36       -790.723633
37       -819.473755
38       -848.248596
39       -877.048767
40       -905.875488
41       -934.729858
42       -963.612549
43       -992.525024
44      -1021.467834
45      -1050.442383
46      -1079.449219
47      -1108.489258
48      -1137.563599
49      -1166.672974
50      -1195.818481
51      -1225.000732
52      -1254.220581
53      -1283.478760
54      -1312.776123
55      -1342.113525
56      -1371.491699
57      -1400.911133
58      -1430.372559
59      -1459.876709
60      -1489.424438
61      -1519.015747
62      -1548.651855
63      -1578.333252
64      -1608.060425
65      -1637.833740
66      -1667.653931
67      -1697.521484
68      -1727.436768
69      -1757.400391
70      -1787.412842
71      -1817.474609
72      -1847.585693
73      -1877.747070
74      -1907.958862
75      -1938.221436
76      -1968.535278
77      -1998.900757
78      -2029.317993
79      -2059.787354
80      -2090.309326
81      -2120.884277
82      -2151.511719
83      -2182.192871
84      -2212.927490
85      -2243.715820
86      -2274.558105
87      -2305.454590
88      -2336.405273
89      -2367.410156
90      -2398.469727
91      -2429.583984
92      -2460.753174
93      -2491.977051
94      -2523.255371
95      -2554.589355
96      -2585.977783
97      -2617.421143
98      -2648.919434
99      -2680.472412
100     -2712.080566
101     -2743.742920
102     -2775.460449
103     -2807.232178
104     -2839.058105
105     -2870.938721
106     -2902.873047
107     -2934.861328
108     -2966.903320
109     -2998.998535
110     -3031.147461
111     -3063.349121
112     -3095.603516
113     -3127.910400
114     -3160.269531
115     -3192.680176
116     -3225.142822
117     -3257.656250
118     -3290.220459
119     -3322.835449
120     -3355.500244
121     -3388.214844
122     -3420.978516
123     -3453.791016
124     -3486.651855
125     -3519.561035
126     -3552.517090
127     -3585.520996
128     -3618.570312
129     -3651.666504
130     -3684.807617
131     -3717.994385
132     -3751.225098
133     -3784.499756
134     -3817.817627
135     -3851.178467
136     -3884.581543
137     -3918.025635
138     -3951.511230
139     -3985.036865
140     -4018.602295
141     -4052.207031
142     -4085.850098
143     -4119.530762
144     -4153.249023
145     -4187.003418
146     -4220.793945
147     -4254.618652
148     -4288.478516
149     -4322.372070
150     -4356.298340
151     -4390.256836
152     -4424.247070
153     -4458.267578
154     -4492.317871
155     -4526.398438
156     -4560.506836
157     -4594.642578
158     -4628.806152
159     -4662.995117
160     -4697.208984
161     -4731.448242
162     -4765.710938
163     -4799.996094
164     -4834.303223
165     -4868.632324
166     -4902.981445
167     -4937.349609
168     -4971.736328
169     -5006.140625
170     -5040.562500
171     -5075.000488
172     -5109.453125
173     -5143.920410
174     -5178.400879
175     -5212.893555
176     -5247.397949
177     -5281.913086
178     -5316.437988
179     -5350.971680
180     -5385.513184
181     -5420.061523
182     -5454.616211
183     -5489.175781
184     -5523.740234
185     -5558.307617
186     -5592.876953
187     -5627.447754
188     -5662.019531
189     -5696.590820
190     -5731.159668
191     -5765.726562
192     -5800.291016
193     -5834.843262
194     -5869.362793
195     -5903.876953
196     -5938.377930
197     -5972.853516
198     -6007.319336
199     -6041.775391
200     -6076.220703
201     -6110.654297
202     -6145.074219
203     -6179.480957
204     -6213.872070
205     -6248.246094
206     -6282.583008
207     -6316.902344
208     -6351.203125
209     -6385.483398
210     -6419.744141
211     -6453.983398
212     -6488.200195
213     -6522.393555
214     -6556.562500
215     -6590.707031
216     -6624.824219
217     -6658.865723
218     -6692.879883
219     -6726.865234
220     -6760.820312
221     -6794.745117
222     -6828.638672
223     -6862.500000
224     -6896.314941
225     -6930.094727
226     -6963.840332
227     -6997.549316
228     -7031.222656
229     -7064.857422
230     -7098.455078
231     -7132.013184
232     -7165.531250
233     -7199.008789
234     -7232.444824
235     -7265.837891
236     -7299.188477
237     -7332.494141
238     -7365.748047
239     -7398.956055
240     -7432.116699
241     -7465.230469
242     -7498.296387
243     -7531.307617
244     -7564.258789
245     -7597.144531
246     -7629.979492
247     -7662.763184
248     -7695.494141
249     -7728.172363
250     -7760.796875
251     -7793.367188
252     -7825.881836
253     -7858.340820
254     -7890.743164
255     -7923.088867
256     -7955.375977
257     -7987.604492
258     -8019.762695
259     -8051.836914
260     -8083.850586
261     -8115.802246
262     -8147.689453
263     -8179.509277
264     -8211.266602
265     -8242.958984
266     -8274.589844
267     -8306.152344
268     -8337.647461
269     -8369.046875
270     -8400.361328
271     -8431.611328
272     -8462.778320
273     -8493.875977
274     -8524.894531
275     -8555.841797
276     -8586.719727
277     -8617.527344
278     -8648.263672
279     -8678.929688
280     -8709.523438
281     -8740.045898
282     -8770.478516
283     -8800.811523
284     -8831.071289
285     -8861.257812
286     -8891.363281
287     -8921.379883
288     -8951.294922
289     -8981.128906
290     -9010.888672
291     -9040.568359
292     -9070.167969
293     -9099.691406
294     -9129.128906
295     -9158.488281
296     -9187.765625
297     -9216.939453
298     -9245.998047
299     -9274.978516
300     -9303.875000
301     -9332.686523
302     -9361.418945
303     -9390.070312
304     -9418.619141
305     -9447.076172
306     -9475.432617
307     -9503.695312
308     -9531.843750
309     -9559.874023
310     -9587.792969
311     -9615.556641
312     -9643.220703
313     -9670.789062
314     -9698.248047
315     -9725.611328
316     -9752.892578
317     -9780.088867
318     -9807.189453
319     -9834.175781
320     -9861.068359
321     -9887.861328
322     -9914.539062
323     -9941.123047
324     -9967.619141
325     -9993.983398
326     -10020.263672
327     -10046.450195
328     -10072.531250
329     -10098.511719
330     -10124.404297
331     -10150.203125
332     -10175.919922
333     -10201.542969
334     -10227.066406
335     -10252.505859
336     -10277.862305
337     -10303.124023
338     -10328.248047
339     -10353.247070
340     -10378.158203
341     -10402.964844
342     -10427.673828
343     -10452.261719
344     -10476.767578
345     -10501.166016
346     -10525.458984
347     -10549.646484
348     -10573.721680
349     -10597.663086
350     -10621.501953
351     -10645.248047
352     -10668.893555
353     -10692.432617
354     -10715.859375
355     -10739.171875
356     -10762.366211
357     -10785.469727
358     -10808.472656
359     -10831.339844
360     -10854.101562
361     -10876.756836
362     -10899.300781
363     -10921.751953
364     -10944.077148
365     -10966.287109
366     -10988.397461
367     -11010.414062
368     -11032.343750
369     -11054.188477
370     -11075.938477
371     -11097.595703
372     -11119.171875
373     -11140.656250
374     -11162.050781
375     -11183.343750
376     -11204.559570
377     -11225.683594
378     -11246.729492
379     -11267.686523
380     -11288.527344
381     -11309.269531
382     -11329.857422
383     -11350.291992
384     -11370.611328
385     -11390.810547
386     -11410.892578
387     -11430.876953
388     -11450.771484
389     -11470.592773
390     -11490.331055
391     -11509.991211
392     -11529.539062
393     -11548.975586
394     -11568.330078
395     -11587.607422
396     -11606.798828
397     -11625.876953
398     -11644.800781
399     -11663.624023
400     -11682.337891
401     -11700.859375
402     -11719.244141
403     -11737.507812
404     -11755.685547
405     -11773.793945
406     -11791.833008
407     -11809.784180
408     -11827.640625
409     -11845.410156
410     -11863.086914
411     -11880.666016
412     -11898.119141
413     -11915.442383
414     -11932.689453
415     -11949.871094
416     -11966.977539
417     -11983.927734
418     -12000.771484
419     -12017.505859
420     -12034.162109
421     -12050.732422
422     -12067.210938
423     -12083.605469
424     -12099.884766
425     -12116.007812
426     -12132.014648
427     -12147.944336
428     -12163.787109
429     -12179.535156
430     -12195.169922
431     -12210.693359
432     -12226.077148
433     -12241.385742
434     -12256.611328
435     -12271.757812
436     -12286.810547
437     -12301.720703
438     -12316.470703
439     -12331.123047
440     -12345.666992
441     -12360.110352
442     -12374.458008
443     -12388.718750
444     -12402.898438
445     -12417.002930
446     -12431.022461
447     -12444.964844
448     -12458.820312
449     -12472.617188
450     -12486.303711
451     -12499.851562
452     -12513.289062
453     -12526.648438
454     -12539.910156
455     -12553.107422
456     -12566.216797
457     -12579.244141
458     -12592.164062
459     -12604.943359
460     -12617.637695
461     -12630.250000
462     -12642.787109
463     -12655.243164
464     -12667.601562
465     -12679.892578
466     -12692.105469
467     -12704.267578
468     -12716.361328
469     -12728.384766
470     -12740.337891
471     -12752.236328
472     -12764.010742
473     -12775.707031
474     -12787.337891
475     -12798.888672
476     -12810.349609
477     -12821.748047
478     -12833.050781
479     -12844.296875
480     -12855.496094
481     -12866.630859
482     -12877.705078
483     -12888.708984
484     -12899.617188
485     -12910.447266
486     -12921.209961
487     -12931.904297
488     -12942.419922
489     -12952.835938
490     -12963.199219
491     -12973.507812
492     -12983.742188
493     -12993.888672
494     -13003.948242
495     -13013.942383
496     -13023.898438
497     -13033.791992
498     -13043.619141
499     -13053.393555
500     -13063.113281
501     -13072.783203
502     -13082.371094
503     -13091.864258
504     -13101.281250
505     -13110.638672
506     -13119.957031
507     -13129.213867
508     -13138.342773
509     -13147.406250
510     -13156.429688
511     -13165.405273
512     -13174.327148
513     -13183.201172
514     -13191.992188
515     -13200.671875
516     -13209.291016
517     -13217.822266
518     -13226.240234
519     -13234.595703
520     -13242.880859
521     -13251.088867
522     -13259.215820
523     -13267.287109
524     -13275.294922
525     -13283.252930
526     -13291.146484
527     -13298.982422
528     -13306.760742
529     -13314.464844
530     -13322.101562
531     -13329.699219
532     -13337.255859
533     -13344.773438
534     -13352.248047
535     -13359.656250
536     -13366.994141
537     -13374.294922
538     -13381.523438
539     -13388.678711
540     -13395.792969
541     -13402.855469
542     -13409.871094
543     -13416.835938
544     -13423.707031
545     -13430.489258
546     -13437.179688
547     -13443.832031
548     -13450.413086
549     -13456.930664
550     -13463.376953
551     -13469.766602
552     -13476.109375
553     -13482.380859
554     -13488.607422
555     -13494.751953
556     -13500.823242
557     -13506.841797
558     -13512.785156
559     -13518.644531
560     -13524.465820
561     -13530.189453
562     -13535.871094
563     -13541.486328
564     -13547.072266
565     -13552.626953
566     -13558.110352
567     -13563.533203
568     -13568.930664
569     -13574.286133
570     -13579.556641
571     -13584.779297
572     -13589.972656
573     -13595.120117
574     -13600.208008
575     -13605.249023
576     -13610.251953
577     -13615.195312
578     -13620.118164
579     -13625.003906
580     -13629.857422
581     -13634.648438
582     -13639.393555
583     -13644.116211
584     -13648.798828
585     -13653.437500
586     -13658.015625
587     -13662.556641
588     -13667.029297
589     -13671.466797
590     -13675.863281
591     -13680.193359
592     -13684.457031
593     -13688.666992
594     -13692.839844
595     -13696.978516
596     -13701.081055
597     -13705.165039
598     -13709.216797
599     -13713.228516
600     -13717.201172
601     -13721.130859
602     -13725.036133
603     -13728.910156
604     -13732.750000
605     -13736.542969
606     -13740.310547
607     -13744.013672
608     -13747.666016
609     -13751.291992
610     -13754.886719
611     -13758.443359
612     -13761.975586
613     -13765.450195
614     -13768.879883
615     -13772.253906
616     -13775.570312
617     -13778.854492
618     -13782.124023
619     -13785.377930
620     -13788.619141
621     -13791.833984
622     -13795.009766
623     -13798.157227
624     -13801.290039
625     -13804.412109
626     -13807.523438
627     -13810.591797
628     -13813.621094
629     -13816.607422
630     -13819.545898
631     -13822.447266
632     -13825.332031
633     -13828.207031
634     -13831.057617
635     -13833.898438
636     -13836.728516
637     -13839.535156
638     -13842.308594
639     -13845.066406
640     -13847.796875
641     -13850.498047
642     -13853.183594
643     -13855.857422
644     -13858.515625
645     -13861.164062
646     -13863.794922
647     -13866.392578
648     -13868.960938
649     -13871.496094
650     -13874.011719
651     -13876.515625
652     -13878.999023
653     -13881.454102
654     -13883.885742
655     -13886.310547
656     -13888.726562
657     -13891.136719
658     -13893.534180
659     -13895.917969
660     -13898.289062
661     -13900.628906
662     -13902.916016
663     -13905.187500
664     -13907.440430
665     -13909.678711
666     -13911.904297
667     -13914.116211
668     -13916.315430
669     -13918.474609
670     -13920.617188
671     -13922.736328
672     -13924.828125
673     -13926.899414
674     -13928.940430
675     -13930.953125
676     -13932.899414
677     -13934.829102
678     -13936.748047
679     -13938.642578
680     -13940.516602
681     -13942.375000
682     -13944.218750
683     -13946.039062
684     -13947.840820
685     -13949.613281
686     -13951.378906
687     -13953.124023
688     -13954.860352
689     -13956.569336
690     -13958.273438
691     -13959.953125
692     -13961.605469
693     -13963.246094
694     -13964.869141
695     -13966.474609
696     -13968.070312
697     -13969.643555
698     -13971.199219
699     -13972.737305
700     -13974.261719
701     -13975.779297
702     -13977.290039
703     -13978.776367
704     -13980.250000
705     -13981.712891
706     -13983.164062
707     -13984.605469
708     -13986.031250
709     -13987.448242
710     -13988.861328
711     -13990.261719
712     -13991.646484
713     -13993.026367
714     -13994.402344
715     -13995.765625
716     -13997.112305
717     -13998.453125
718     -13999.779297
719     -14001.095703
720     -14002.386719
721     -14003.666992
722     -14004.943359
723     -14006.216797
724     -14007.486328
725     -14008.745117
726     -14009.998047
727     -14011.238281
728     -14012.471680
729     -14013.691406
730     -14014.900391
731     -14016.088867
732     -14017.269531
733     -14018.443359
734     -14019.611328
735     -14020.777344
736     -14021.937500
737     -14023.087891
738     -14024.231445
739     -14025.365234
740     -14026.494141
741     -14027.622070
742     -14028.743164
743     -14029.861328
744     -14030.947266
745     -14032.029297
746     -14033.104492
747     -14034.171875
748     -14035.232422
749     -14036.289062
750     -14037.340820
751     -14038.384766
752     -14039.425781
753     -14040.462891
754     -14041.492188
755     -14042.511719
756     -14043.521484
757     -14044.527344
758     -14045.526367
759     -14046.519531
760     -14047.511719
761     -14048.500000
762     -14049.480469
763     -14050.449219
764     -14051.397461
765     -14052.341797
766     -14053.272461
767     -14054.190430
768     -14055.103516
769     -14056.010742
770     -14056.912109
771     -14057.808594
772     -14058.699219
773     -14059.587891
774     -14060.474609
775     -14061.358398
776     -14062.232422
777     -14063.103516
778     -14063.968750
779     -14064.822266
780     -14065.674805
781     -14066.525391
782     -14067.373047
783     -14068.215820
784     -14069.054688
785     -14069.893555
786     -14070.728516
787     -14071.548828
788     -14072.362305
789     -14073.169922
790     -14073.972656
791     -14074.769531
792     -14075.564453
793     -14076.356445
794     -14077.148438
795     -14077.937500
796     -14078.722656
797     -14079.497070
798     -14080.259766
799     -14081.021484
800     -14081.781250
801     -14082.537109
802     -14083.293945
803     -14084.047852
804     -14084.800781
805     -14085.551758
806     -14086.301758
807     -14087.047852
808     -14087.788086
809     -14088.527344
810     -14089.251953
811     -14089.972656
812     -14090.691406
813     -14091.408203
814     -14092.124023
815     -14092.839844
816     -14093.552734
817     -14094.265625
818     -14094.976562
819     -14095.687500
820     -14096.395508
821     -14097.095703
822     -14097.785156
823     -14098.472656
824     -14099.152344
825     -14099.812500
826     -14100.465820
827     -14101.113281
828     -14101.759766
829     -14102.404297
830     -14103.046875
831     -14103.686523
832     -14104.322266
833     -14104.950195
834     -14105.574219
835     -14106.196289
836     -14106.817383
837     -14107.436523
838     -14108.055664
839     -14108.658203
840     -14109.257812
841     -14109.853516
842     -14110.445312
843     -14111.036133
844     -14111.625000
845     -14112.212891
846     -14112.796875
847     -14113.378906
848     -14113.960938
849     -14114.541016
850     -14115.113281
851     -14115.683594
852     -14116.252930
853     -14116.822266
854     -14117.389648
855     -14117.958008
856     -14118.523438
857     -14119.088867
858     -14119.654297
859     -14120.216797
860     -14120.780273
861     -14121.336914
862     -14121.886719
863     -14122.434570
864     -14122.982422
865     -14123.529297
866     -14124.074219
867     -14124.615234
868     -14125.148438
869     -14125.679688
870     -14126.210938
871     -14126.738281
872     -14127.262695
873     -14127.787109
874     -14128.308594
875     -14128.830078
876     -14129.348633
877     -14129.863281
878     -14130.376953
879     -14130.889648
880     -14131.394531
881     -14131.900391
882     -14132.399414
883     -14132.898438
884     -14133.396484
885     -14133.893555
886     -14134.387695
887     -14134.875977
888     -14135.359375
889     -14135.835938
890     -14136.304688
891     -14136.773438
892     -14137.241211
893     -14137.708984
894     -14138.173828
895     -14138.638672
896     -14139.101562
897     -14139.562500
898     -14140.023438
899     -14140.484375
900     -14140.942383
901     -14141.399414
902     -14141.837891
903     -14142.275391
904     -14142.710938
905     -14143.144531
906     -14143.578125
907     -14144.009766
908     -14144.440430
909     -14144.869141
910     -14145.295898
911     -14145.722656
912     -14146.147461
913     -14146.572266
914     -14146.994141
915     -14147.416016
916     -14147.836914
917     -14148.256836
918     -14148.675781
919     -14149.095703
920     -14149.512695
921     -14149.929688
922     -14150.346680
923     -14150.760742
924     -14151.174805
925     -14151.587891
926     -14151.999023
927     -14152.410156
928     -14152.818359
929     -14153.226562
930     -14153.632812
931     -14154.036133
932     -14154.437500
933     -14154.839844
934     -14155.242188
935     -14155.641602
936     -14156.041016
937     -14156.441406
938     -14156.837891
939     -14157.236328
940     -14157.632812
941     -14158.029297
942     -14158.423828
943     -14158.818359
944     -14159.208984
945     -14159.599609
946     -14159.990234
947     -14160.376953
948     -14160.761719
949     -14161.146484
950     -14161.529297
951     -14161.908203
952     -14162.285156
953     -14162.661133
954     -14163.037109
955     -14163.410156
956     -14163.782227
957     -14164.152344
958     -14164.522461
959     -14164.890625
960     -14165.259766
961     -14165.626953
962     -14165.994141
963     -14166.358398
964     -14166.722656
965     -14167.085938
966     -14167.449219
967     -14167.812500
968     -14168.173828
969     -14168.529297
970     -14168.884766
971     -14169.240234
972     -14169.591797
973     -14169.933594
974     -14170.273438
975     -14170.607422
976     -14170.941406
977     -14171.273438
978     -14171.605469
979     -14171.935547
980     -14172.267578
981     -14172.596680
982     -14172.922852
983     -14173.250000
984     -14173.575195
985     -14173.900391
986     -14174.224609
987     -14174.543945
988     -14174.859375
989     -14175.175781
990     -14175.488281
991     -14175.803711
992     -14176.117188
993     -14176.427734
994     -14176.740234
995     -14177.050781
996     -14177.361328
997     -14177.671875
998     -14177.979492
999     -14178.287109
1000    -14178.594727
1001    -14178.902344
1002    -14179.207031
1003    -14179.513672
1004    -14179.818359
1005    -14180.125000
1006    -14180.429688
1007    -14180.734375
1008    -14181.040039
1009    -14181.341797
1010    -14181.640625
1011    -14181.936523
1012    -14182.234375
1013    -14182.529297
1014    -14182.825195
1015    -14183.121094
1016    -14183.416016
1017    -14183.710938
1018    -14184.005859
1019    -14184.300781
1020    -14184.591797
1021    -14184.880859
1022    -14185.167969
1023    -14185.457031
1024    -14185.744141
1025    -14186.029297
1026    -14186.314453
1027    -14186.599609
1028    -14186.882812
1029    -14187.167969
1030    -14187.451172
1031    -14187.734375
1032    -14188.017578
1033    -14188.300781
1034    -14188.583984
1035    -14188.865234
1036    -14189.144531
1037    -14189.414062
1038    -14189.677734
1039    -14189.941406
1040    -14190.204102
1041    -14190.467773
1042    -14190.731445
1043    -14190.994141
1044    -14191.257812
1045    -14191.519531
1046    -14191.781250
1047    -14192.042969
1048    -14192.304688
1049    -14192.566406
1050    -14192.826172
1051    -14193.087891
1052    -14193.349609
1053    -14193.610352
1054    -14193.872070
1055    -14194.131836
1056    -14194.394531
1057    -14194.655273
1058    -14194.916016
1059    -14195.177734
1060    -14195.438477
1061    -14195.699219
1062    -14195.959961
1063    -14196.220703
1064    -14196.482422
1065    -14196.741211
1066    -14197.000000
1067    -14197.259766
1068    -14197.519531
1069    -14197.778320
1070    -14198.037109
1071    -14198.296875
1072    -14198.555664
1073    -14198.816406
1074    -14199.074219
1075    -14199.333984
1076    -14199.589844
1077    -14199.847656
1078    -14200.105469
1079    -14200.363281
1080    -14200.621094
1081    -14200.878906
1082    -14201.136719
1083    -14201.394531
1084    -14201.652344
1085    -14201.909180
1086    -14202.167969
1087    -14202.425781
1088    -14202.682617
1089    -14202.940430
1090    -14203.193359
1091    -14203.446289
1092    -14203.699219
1093    -14203.951172
1094    -14204.204102
1095    -14204.455078
1096    -14204.707031
1097    -14204.955078
1098    -14205.203125
1099    -14205.451172
1100    -14205.698242
1101    -14205.947266
1102    -14206.195312
1103    -14206.445312
1104    -14206.692383
1105    -14206.941406
1106    -14207.188477
1107    -14207.437500
1108    -14207.686523
1109    -14207.933594
1110    -14208.182617
1111    -14208.430664
1112    -14208.679688
1113    -14208.913086
1114    -14209.143555
1115    -14209.374023
1116    -14209.603516
1117    -14209.833984
1118    -14210.064453
1119    -14210.294922
1120    -14210.524414
1121    -14210.754883
1122    -14210.986328
1123    -14211.216797
1124    -14211.446289
1125    -14211.675781
1126    -14211.906250
1127    -14212.138672
1128    -14212.368164
1129    -14212.597656
1130    -14212.828125
1131    -14213.058594
1132    -14213.289062
1133    -14213.519531
1134    -14213.750000
1135    -14213.980469
1136    -14214.210938
1137    -14214.440430
1138    -14214.670898
1139    -14214.900391
1140    -14215.130859
1141    -14215.361328
1142    -14215.590820
1143    -14215.820312
1144    -14216.050781
1145    -14216.279297
1146    -14216.509766
1147    -14216.738281
1148    -14216.966797
1149    -14217.196289
1150    -14217.418945
1151    -14217.641602
1152    -14217.863281
1153    -14218.085938
1154    -14218.307617
1155    -14218.528320
1156    -14218.748047
1157    -14218.968750
1158    -14219.187500
1159    -14219.408203
1160    -14219.626953
1161    -14219.847656
1162    -14220.067383
1163    -14220.286133
1164    -14220.505859
1165    -14220.723633
1166    -14220.943359
1167    -14221.162109
1168    -14221.380859
1169    -14221.599609
1170    -14221.816406
1171    -14222.033203
1172    -14222.251953
1173    -14222.468750
1174    -14222.685547
1175    -14222.903320
1176    -14223.119141
1177    -14223.333984
1178    -14223.548828
1179    -14223.763672
1180    -14223.978516
1181    -14224.192383
1182    -14224.408203
1183    -14224.621094
1184    -14224.835938
1185    -14225.048828
1186    -14225.262695
1187    -14225.476562
1188    -14225.688477
1189    -14225.900391
1190    -14226.111328
1191    -14226.322266
1192    -14226.531250
1193    -14226.741211
1194    -14226.951172
1195    -14227.160156
1196    -14227.369141
1197    -14227.578125
1198    -14227.788086
1199    -14227.996094
1200    -14228.204102
1201    -14228.412109
1202    -14228.621094
1203    -14228.828125
1204    -14229.035156
1205    -14229.243164
1206    -14229.449219
1207    -14229.650391
1208    -14229.851562
1209    -14230.050781
1210    -14230.250000
1211    -14230.450195
1212    -14230.650391
1213    -14230.849609
1214    -14231.048828
1215    -14231.247070
1216    -14231.447266
1217    -14231.644531
1218    -14231.843750
1219    -14232.041016
1220    -14232.238281
1221    -14232.436523
1222    -14232.634766
1223    -14232.832031
1224    -14233.029297
1225    -14233.225586
1226    -14233.421875
1227    -14233.619141
1228    -14233.815430
1229    -14234.010742
1230    -14234.207031
1231    -14234.403320
1232    -14234.597656
1233    -14234.791992
1234    -14234.985352
1235    -14235.179688
1236    -14235.374023
1237    -14235.566406
1238    -14235.759766
1239    -14235.953125
1240    -14236.146484
1241    -14236.338867
1242    -14236.532227
1243    -14236.724609
1244    -14236.916992
1245    -14237.109375
1246    -14237.300781
1247    -14237.492188
1248    -14237.684570
1249    -14237.875977
1250    -14238.067383
1251    -14238.257812
1252    -14238.449219
1253    -14238.639648
1254    -14238.832031
1255    -14239.021484
1256    -14239.211914
1257    -14239.402344
1258    -14239.592773
1259    -14239.783203
1260    -14239.972656
1261    -14240.162109
1262    -14240.351562
1263    -14240.542969
1264    -14240.731445
1265    -14240.919922
1266    -14241.109375
1267    -14241.298828
1268    -14241.488281
1269    -14241.676758
1270    -14241.865234
1271    -14242.052734
1272    -14242.242188
1273    -14242.430664
1274    -14242.618164
1275    -14242.804688
1276    -14242.992188
1277    -14243.177734
1278    -14243.363281
1279    -14243.550781
1280    -14243.736328
1281    -14243.921875
1282    -14244.109375
1283    -14244.294922
1284    -14244.479492
1285    -14244.666016
1286    -14244.850586
1287    -14245.035156
1288    -14245.220703
1289    -14245.405273
1290    -14245.589844
1291    -14245.775391
1292    -14245.958984
1293    -14246.143555
1294    -14246.325195
1295    -14246.507812
1296    -14246.691406
1297    -14246.873047
1298    -14247.056641
1299    -14247.238281
1300    -14247.419922
1301    -14247.603516
1302    -14247.784180
1303    -14247.966797
1304    -14248.148438
1305    -14248.327148
1306    -14248.506836
1307    -14248.687500
1308    -14248.867188
1309    -14249.046875
1310    -14249.226562
1311    -14249.406250
1312    -14249.584961
1313    -14249.765625
1314    -14249.945312
1315    -14250.124023
1316    -14250.302734
1317    -14250.482422
1318    -14250.662109
1319    -14250.841797
1320    -14251.021484
1321    -14251.199219
1322    -14251.378906
1323    -14251.555664
1324    -14251.734375
1325    -14251.913086
1326    -14252.091797
1327    -14252.269531
1328    -14252.448242
1329    -14252.626953
1330    -14252.803711
1331    -14252.980469
1332    -14253.158203
1333    -14253.334961
1334    -14253.512695
1335    -14253.689453
1336    -14253.867188
1337    -14254.043945
1338    -14254.220703
1339    -14254.398438
1340    -14254.576172
1341    -14254.751953
1342    -14254.927734
1343    -14255.103516
1344    -14255.279297
1345    -14255.453125
1346    -14255.628906
1347    -14255.804688
1348    -14255.980469
1349    -14256.156250
1350    -14256.332031
1351    -14256.505859
1352    -14256.681641
1353    -14256.856445
1354    -14257.032227
1355    -14257.207031
1356    -14257.382812
1357    -14257.557617
1358    -14257.731445
1359    -14257.904297
1360    -14258.077148
1361    -14258.245117
1362    -14258.416016
1363    -14258.583984
1364    -14258.753906
1365    -14258.921875
1366    -14259.089844
1367    -14259.255859
1368    -14259.423828
1369    -14259.588867
1370    -14259.755859
1371    -14259.919922
1372    -14260.085938
1373    -14260.250977
1374    -14260.415039
1375    -14260.580078
1376    -14260.745117
1377    -14260.909180
1378    -14261.074219
1379    -14261.239258
1380    -14261.404297
1381    -14261.566406
1382    -14261.726562
1383    -14261.888672
1384    -14262.048828
1385    -14262.208984
1386    -14262.371094
1387    -14262.531250
1388    -14262.691406
1389    -14262.851562
1390    -14263.012695
1391    -14263.173828
1392    -14263.333008
1393    -14263.493164
1394    -14263.653320
1395    -14263.812500
1396    -14263.973633
1397    -14264.132812
1398    -14264.292969
1399    -14264.451172
1400    -14264.611328
1401    -14264.770508
1402    -14264.929688
1403    -14265.087891
1404    -14265.247070
1405    -14265.405273
1406    -14265.564453
1407    -14265.722656
1408    -14265.881836
1409    -14266.039062
1410    -14266.197266
1411    -14266.355469
1412    -14266.513672
1413    -14266.669922
1414    -14266.826172
1415    -14266.982422
1416    -14267.137695
1417    -14267.292969
1418    -14267.447266
1419    -14267.601562
1420    -14267.753906
1421    -14267.902344
1422    -14268.050781
1423    -14268.195312
1424    -14268.340820
1425    -14268.486328
1426    -14268.630859
1427    -14268.775391
1428    -14268.919922
1429    -14269.064453
1430    -14269.203125
1431    -14269.339844
1432    -14269.475586
1433    -14269.613281
1434    -14269.749023
1435    -14269.885742
1436    -14270.016602
1437    -14270.147461
1438    -14270.277344
1439    -14270.406250
1440    -14270.534180
1441    -14270.660156
1442    -14270.788086
1443    -14270.915039
1444    -14271.042969
1445    -14271.168945
1446    -14271.294922
1447    -14271.420898
1448    -14271.546875
1449    -14271.672852
1450    -14271.798828
1451    -14271.923828
1452    -14272.048828
1453    -14272.173828
1454    -14272.298828
1455    -14272.423828
1456    -14272.547852
1457    -14272.671875
1458    -14272.794922
1459    -14272.918945
1460    -14273.042969
1461    -14273.166016
1462    -14273.289062
1463    -14273.410156
1464    -14273.533203
1465    -14273.655273
1466    -14273.777344
1467    -14273.898438
1468    -14274.020508
1469    -14274.141602
1470    -14274.261719
1471    -14274.382812
1472    -14274.503906
1473    -14274.623047
1474    -14274.742188
1475    -14274.862305
1476    -14274.982422
1477    -14275.101562
1478    -14275.220703
1479    -14275.337891
1480    -14275.457031
1481    -14275.574219
1482    -14275.693359
1483    -14275.808594
1484    -14275.923828
1485    -14276.038086
1486    -14276.152344
1487    -14276.266602
1488    -14276.379883
1489    -14276.493164
1490    -14276.607422
1491    -14276.719727
1492    -14276.832031
1493    -14276.942383
1494    -14277.052734
1495    -14277.161133
1496    -14277.270508
1497    -14277.378906
1498    -14277.486328
1499    -14277.594727
1500    -14277.702148
1501    -14277.809570
1502    -14277.917969
1503    -14278.023438
1504    -14278.130859
1505    -14278.237305
1506    -14278.343750
1507    -14278.449219
1508    -14278.554688
1509    -14278.660156
1510    -14278.765625
1511    -14278.870117
1512    -14278.974609
1513    -14279.079102
1514    -14279.183594
1515    -14279.287109
1516    -14279.390625
1517    -14279.493164
1518    -14279.596680
1519    -14279.700195
1520    -14279.800781
1521    -14279.904297
1522    -14280.006836
1523    -14280.107422
1524    -14280.208984
1525    -14280.310547
1526    -14280.412109
1527    -14280.511719
1528    -14280.612305
1529    -14280.712891
1530    -14280.812500
1531    -14280.912109
1532    -14281.011719
1533    -14281.111328
1534    -14281.208984
1535    -14281.305664
1536    -14281.402344
1537    -14281.498047
1538    -14281.595703
1539    -14281.691406
1540    -14281.787109
1541    -14281.882812
1542    -14281.977539
1543    -14282.074219
1544    -14282.168945
1545    -14282.263672
1546    -14282.357422
1547    -14282.453125
1548    -14282.546875
1549    -14282.640625
1550    -14282.734375
1551    -14282.828125
1552    -14282.921875
1553    -14283.014648
1554    -14283.107422
1555    -14283.199219
1556    -14283.292969
1557    -14283.384766
1558    -14283.476562
1559    -14283.568359
1560    -14283.661133
1561    -14283.751953
1562    -14283.841797
1563    -14283.930664
1564    -14284.019531
1565    -14284.107422
1566    -14284.195312
1567    -14284.283203
1568    -14284.371094
1569    -14284.458984
1570    -14284.546875
1571    -14284.632812
1572    -14284.720703
1573    -14284.807617
1574    -14284.893555
1575    -14284.980469
1576    -14285.067383
1577    -14285.154297
1578    -14285.240234
1579    -14285.326172
1580    -14285.413086
1581    -14285.498047
1582    -14285.583984
1583    -14285.669922
1584    -14285.751953
1585    -14285.831055
1586    -14285.910156
1587    -14285.990234
1588    -14286.069336
1589    -14286.148438
1590    -14286.228516
1591    -14286.306641
1592    -14286.386719
1593    -14286.464844
1594    -14286.543945
1595    -14286.622070
1596    -14286.702148
1597    -14286.780273
1598    -14286.858398
1599    -14286.938477
1600    -14287.015625
1601    -14287.093750
1602    -14287.171875
1603    -14287.250000
1604    -14287.327148
1605    -14287.402344
1606    -14287.478516
1607    -14287.554688
1608    -14287.632812
1609    -14287.708984
1610    -14287.785156
1611    -14287.861328
1612    -14287.937500
1613    -14288.013672
1614    -14288.089844
1615    -14288.166016
1616    -14288.242188
1617    -14288.318359
1618    -14288.394531
1619    -14288.470703
1620    -14288.546875
1621    -14288.624023
1622    -14288.699219
1623    -14288.775391
1624    -14288.851562
1625    -14288.927734
1626    -14289.004883
1627    -14289.081055
1628    -14289.157227
1629    -14289.233398
1630    -14289.309570
1631    -14289.385742
1632    -14289.461914
1633    -14289.538086
1634    -14289.615234
1635    -14289.692383
1636    -14289.767578
1637    -14289.844727
1638    -14289.920898
1639    -14289.998047
1640    -14290.074219
1641    -14290.150391
1642    -14290.228516
1643    -14290.304688
1644    -14290.381836
1645    -14290.458984
1646    -14290.535156
1647    -14290.612305
1648    -14290.689453
1649    -14290.767578
1650    -14290.844727
1651    -14290.921875
1652    -14291.000000
1653    -14291.076172
1654    -14291.154297
1655    -14291.230469
1656    -14291.307617
1657    -14291.384766
1658    -14291.461914
1659    -14291.539062
1660    -14291.617188
1661    -14291.693359
1662    -14291.771484
1663    -14291.849609
1664    -14291.927734
1665    -14292.005859
1666    -14292.083984
1667    -14292.162109
1668    -14292.240234
1669    -14292.319336
1670    -14292.398438
1671    -14292.477539
1672    -14292.556641
1673    -14292.634766
1674    -14292.714844
1675    -14292.794922
1676    -14292.873047
1677    -14292.954102
1678    -14293.033203
1679    -14293.114258
1680    -14293.194336
1681    -14293.274414
1682    -14293.355469
1683    -14293.435547
1684    -14293.517578
1685    -14293.597656
1686    -14293.679688
1687    -14293.761719
1688    -14293.841797
1689    -14293.923828
1690    -14294.005859
1691    -14294.089844
1692    -14294.170898
1693    -14294.253906
1694    -14294.335938
1695    -14294.419922
1696    -14294.501953
1697    -14294.585938
1698    -14294.669922
1699    -14294.751953
1700    -14294.836914
1701    -14294.920898
1702    -14295.004883
1703    -14295.089844
1704    -14295.173828
1705    -14295.259766
1706    -14295.344727
1707    -14295.429688
1708    -14295.515625
1709    -14295.601562
1710    -14295.687500
1711    -14295.773438
1712    -14295.859375
1713    -14295.945312
1714    -14296.032227
1715    -14296.119141
1716    -14296.207031
1717    -14296.292969
1718    -14296.378906
1719    -14296.462891
1720    -14296.548828
1721    -14296.633789
1722    -14296.719727
1723    -14296.805664
1724    -14296.891602
1725    -14296.978516
1726    -14297.064453
1727    -14297.151367
1728    -14297.238281
1729    -14297.326172
1730    -14297.413086
1731    -14297.499023
1732    -14297.586914
1733    -14297.673828
1734    -14297.761719
1735    -14297.849609
1736    -14297.937500
1737    -14298.025391
1738    -14298.114258
1739    -14298.202148
1740    -14298.291016
1741    -14298.379883
1742    -14298.468750
1743    -14298.558594
1744    -14298.646484
1745    -14298.736328
1746    -14298.824219
1747    -14298.910156
1748    -14298.997070
1749    -14299.083984
1750    -14299.170898
1751    -14299.258789
1752    -14299.345703
1753    -14299.431641
1754    -14299.519531
1755    -14299.607422
1756    -14299.695312
1757    -14299.783203
1758    -14299.870117
1759    -14299.958984
1760    -14300.046875
1761    -14300.134766
1762    -14300.222656
1763    -14300.310547
1764    -14300.398438
1765    -14300.486328
1766    -14300.575195
1767    -14300.662109
1768    -14300.750977
1769    -14300.840820
1770    -14300.928711
1771    -14301.017578
1772    -14301.105469
1773    -14301.193359
1774    -14301.282227
1775    -14301.371094
1776    -14301.459961
1777    -14301.548828
1778    -14301.636719
1779    -14301.725586
1780    -14301.814453
1781    -14301.902344
1782    -14301.991211
1783    -14302.080078
1784    -14302.168945
1785    -14302.257812
1786    -14302.345703
1787    -14302.433594
1788    -14302.523438
1789    -14302.611328
1790    -14302.699219
1791    -14302.787109
1792    -14302.875977
1793    -14302.964844
1794    -14303.052734
1795    -14303.141602
1796    -14303.229492
1797    -14303.317383
1798    -14303.405273
1799    -14303.492188
1800    -14303.582031
1801    -14303.669922
1802    -14303.755859
1803    -14303.843750
1804    -14303.932617
1805    -14304.019531
1806    -14304.106445
1807    -14304.194336
1808    -14304.281250
1809    -14304.369141
1810    -14304.456055
1811    -14304.542969
1812    -14304.628906
1813    -14304.715820
1814    -14304.802734
1815    -14304.887695
1816    -14304.974609
1817    -14305.060547
1818    -14305.145508
1819    -14305.231445
1820    -14305.317383
1821    -14305.402344
1822    -14305.488281
1823    -14305.571289
1824    -14305.654297
1825    -14305.736328
1826    -14305.818359
1827    -14305.900391
1828    -14305.982422
1829    -14306.064453
1830    -14306.145508
1831    -14306.226562
1832    -14306.308594
1833    -14306.390625
1834    -14306.471680
1835    -14306.552734
1836    -14306.632812
1837    -14306.713867
1838    -14306.794922
1839    -14306.875000
1840    -14306.956055
1841    -14307.035156
1842    -14307.115234
1843    -14307.195312
1844    -14307.275391
1845    -14307.354492
1846    -14307.433594
1847    -14307.513672
1848    -14307.593750
1849    -14307.671875
1850    -14307.750977
1851    -14307.830078
1852    -14307.908203
1853    -14307.986328
1854    -14308.064453
1855    -14308.142578
1856    -14308.220703
1857    -14308.298828
1858    -14308.376953
1859    -14308.454102
1860    -14308.531250
1861    -14308.608398
1862    -14308.685547
1863    -14308.762695
1864    -14308.838867
1865    -14308.916016
1866    -14308.990234
1867    -14309.064453
1868    -14309.138672
1869    -14309.212891
1870    -14309.287109
1871    -14309.359375
1872    -14309.432617
1873    -14309.505859
1874    -14309.578125
1875    -14309.650391
1876    -14309.723633
1877    -14309.796875
1878    -14309.869141
1879    -14309.941406
1880    -14310.013672
1881    -14310.083984
1882    -14310.157227
1883    -14310.228516
1884    -14310.299805
1885    -14310.371094
1886    -14310.443359
1887    -14310.513672
1888    -14310.584961
1889    -14310.655273
1890    -14310.724609
1891    -14310.793945
1892    -14310.863281
1893    -14310.933594
1894    -14311.001953
1895    -14311.071289
1896    -14311.140625
1897    -14311.208984
1898    -14311.277344
1899    -14311.346680
1900    -14311.416016
1901    -14311.484375
1902    -14311.552734
1903    -14311.619141
1904    -14311.688477
1905    -14311.755859
1906    -14311.824219
1907    -14311.892578
1908    -14311.959961
1909    -14312.027344
1910    -14312.095703
1911    -14312.163086
1912    -14312.230469
1913    -14312.297852
1914    -14312.365234
1915    -14312.432617
1916    -14312.500000
1917    -14312.566406
1918    -14312.632812
1919    -14312.700195
1920    -14312.766602
1921    -14312.833984
1922    -14312.900391
1923    -14312.966797
1924    -14313.033203
1925    -14313.099609
1926    -14313.166016
1927    -14313.231445
1928    -14313.295898
1929    -14313.361328
1930    -14313.427734
1931    -14313.492188
1932    -14313.557617
1933    -14313.623047
1934    -14313.687500
1935    -14313.752930
1936    -14313.818359
1937    -14313.882812
1938    -14313.947266
1939    -14314.012695
1940    -14314.076172
1941    -14314.141602
1942    -14314.207031
1943    -14314.271484
1944    -14314.335938
1945    -14314.400391
1946    -14314.464844
1947    -14314.529297
1948    -14314.595703
1949    -14314.659180
1950    -14314.723633
1951    -14314.789062
1952    -14314.852539
1953    -14314.916992
1954    -14314.982422
1955    -14315.046875
1956    -14315.112305
1957    -14315.175781
1958    -14315.240234
1959    -14315.304688
1960    -14315.369141
1961    -14315.433594
1962    -14315.498047
1963    -14315.562500
1964    -14315.626953
1965    -14315.691406
1966    -14315.755859
1967    -14315.820312
1968    -14315.884766
1969    -14315.950195
1970    -14316.013672
1971    -14316.078125
1972    -14316.143555
1973    -14316.208008
1974    -14316.273438
1975    -14316.335938
1976    -14316.402344
1977    -14316.465820
1978    -14316.530273
1979    -14316.595703
1980    -14316.660156
1981    -14316.725586
1982    -14316.789062
1983    -14316.850586
1984    -14316.911133
1985    -14316.970703
1986    -14317.031250
1987    -14317.092773
1988    -14317.153320
1989    -14317.214844
1990    -14317.275391
1991    -14317.335938
1992    -14317.397461
1993    -14317.457031
1994    -14317.515625
1995    -14317.573242
1996    -14317.631836
1997    -14317.690430
1998    -14317.748047
1999    -14317.806641
2000    -14317.865234
2001    -14317.923828
2002    -14317.982422
2003    -14318.041016
2004    -14318.099609
2005    -14318.158203
2006    -14318.217773
2007    -14318.276367
2008    -14318.334961
2009    -14318.393555
2010    -14318.453125
2011    -14318.512695
2012    -14318.572266
2013    -14318.630859
2014    -14318.689453
2015    -14318.749023
2016    -14318.808594
2017    -14318.868164
2018    -14318.927734
2019    -14318.988281
2020    -14319.047852
2021    -14319.107422
2022    -14319.166992
2023    -14319.226562
2024    -14319.287109
2025    -14319.347656
2026    -14319.407227
2027    -14319.466797
2028    -14319.527344
2029    -14319.587891
2030    -14319.648438
2031    -14319.707031
2032    -14319.767578
2033    -14319.828125
2034    -14319.887695
2035    -14319.948242
2036    -14320.008789
2037    -14320.068359
2038    -14320.128906
2039    -14320.190430
2040    -14320.250000
2041    -14320.310547
2042    -14320.371094
2043    -14320.432617
2044    -14320.493164
2045    -14320.553711
2046    -14320.615234
2047    -14320.675781
2048    -14320.736328
2049    -14320.795898
2050    -14320.856445
2051    -14320.916016
2052    -14320.977539
2053    -14321.037109
2054    -14321.097656
2055    -14321.158203
2056    -14321.218750
2057    -14321.279297
2058    -14321.339844
2059    -14321.400391
2060    -14321.460938
2061    -14321.521484
2062    -14321.583984
2063    -14321.643555
2064    -14321.705078
2065    -14321.765625
2066    -14321.826172
2067    -14321.881836
2068    -14321.936523
2069    -14321.992188
2070    -14322.047852
2071    -14322.103516
2072    -14322.159180
2073    -14322.214844
2074    -14322.271484
2075    -14322.326172
2076    -14322.382812
2077    -14322.438477
2078    -14322.496094
2079    -14322.550781
2080    -14322.606445
2081    -14322.663086
2082    -14322.719727
2083    -14322.776367
2084    -14322.832031
2085    -14322.888672
2086    -14322.945312
2087    -14323.001953
2088    -14323.058594
2089    -14323.115234
2090    -14323.171875
2091    -14323.228516
2092    -14323.285156
2093    -14323.341797
2094    -14323.398438
2095    -14323.456055
2096    -14323.512695
2097    -14323.570312
2098    -14323.625977
2099    -14323.681641
2100    -14323.738281
2101    -14323.793945
2102    -14323.849609
2103    -14323.904297
2104    -14323.958984
2105    -14324.013672
2106    -14324.067383
2107    -14324.123047
2108    -14324.177734
2109    -14324.231445
2110    -14324.286133
2111    -14324.341797
2112    -14324.396484
2113    -14324.451172
2114    -14324.505859
2115    -14324.560547
2116    -14324.615234
2117    -14324.670898
2118    -14324.726562
2119    -14324.781250
2120    -14324.835938
2121    -14324.891602
2122    -14324.947266
2123    -14325.001953
2124    -14325.058594
2125    -14325.113281
2126    -14325.168945
2127    -14325.224609
2128    -14325.281250
2129    -14325.335938
2130    -14325.392578
2131    -14325.448242
2132    -14325.503906
2133    -14325.560547
2134    -14325.616211
2135    -14325.672852
2136    -14325.728516
2137    -14325.785156
2138    -14325.840820
2139    -14325.897461
2140    -14325.954102
2141    -14326.009766
2142    -14326.068359
2143    -14326.123047
2144    -14326.181641
2145    -14326.237305
2146    -14326.293945
2147    -14326.351562
2148    -14326.408203
2149    -14326.462891
2150    -14326.517578
2151    -14326.572266
2152    -14326.626953
2153    -14326.681641
2154    -14326.736328
2155    -14326.791016
2156    -14326.845703
2157    -14326.899414
2158    -14326.955078
2159    -14327.009766
2160    -14327.064453
2161    -14327.121094
2162    -14327.175781
2163    -14327.230469
2164    -14327.287109
2165    -14327.341797
2166    -14327.398438
2167    -14327.453125
2168    -14327.509766
2169    -14327.565430
2170    -14327.621094
2171    -14327.677734
2172    -14327.733398
2173    -14327.789062
2174    -14327.846680
2175    -14327.902344
2176    -14327.958984
2177    -14328.016602
2178    -14328.073242
2179    -14328.128906
2180    -14328.187500
2181    -14328.244141
2182    -14328.301758
2183    -14328.359375
2184    -14328.416016
2185    -14328.474609
2186    -14328.531250
2187    -14328.589844
2188    -14328.648438
2189    -14328.707031
2190    -14328.764648
2191    -14328.822266
2192    -14328.880859
2193    -14328.939453
2194    -14328.998047
2195    -14329.056641
2196    -14329.116211
2197    -14329.174805
2198    -14329.234375
2199    -14329.292969
2200    -14329.353516
2201    -14329.412109
2202    -14329.472656
2203    -14329.532227
2204    -14329.591797
2205    -14329.652344
2206    -14329.712891
2207    -14329.773438
2208    -14329.833984
2209    -14329.894531
2210    -14329.955078
2211    -14330.016602
2212    -14330.077148
2213    -14330.138672
2214    -14330.201172
2215    -14330.261719
2216    -14330.322266
2217    -14330.381836
2218    -14330.441406
2219    -14330.501953
2220    -14330.563477
2221    -14330.623047
2222    -14330.684570
2223    -14330.746094
2224    -14330.806641
2225    -14330.869141
2226    -14330.929688
2227    -14330.992188
2228    -14331.053711
2229    -14331.117188
2230    -14331.178711
2231    -14331.241211
2232    -14331.303711
2233    -14331.366211
2234    -14331.429688
2235    -14331.492188
2236    -14331.556641
2237    -14331.619141
2238    -14331.683594
2239    -14331.747070
2240    -14331.811523
2241    -14331.875000
2242    -14331.939453
2243    -14332.003906
2244    -14332.068359
2245    -14332.133789
2246    -14332.199219
2247    -14332.265625
2248    -14332.329102
2249    -14332.394531
2250    -14332.460938
2251    -14332.527344
2252    -14332.593750
2253    -14332.660156
2254    -14332.726562
2255    -14332.792969
2256    -14332.859375
2257    -14332.926758
2258    -14332.994141
2259    -14333.061523
2260    -14333.128906
2261    -14333.197266
2262    -14333.264648
2263    -14333.333008
2264    -14333.400391
2265    -14333.469727
2266    -14333.539062
2267    -14333.607422
2268    -14333.675781
2269    -14333.746094
2270    -14333.814453
2271    -14333.884766
2272    -14333.955078
2273    -14334.024414
2274    -14334.094727
2275    -14334.165039
2276    -14334.234375
2277    -14334.305664
2278    -14334.375977
2279    -14334.447266
2280    -14334.518555
2281    -14334.588867
2282    -14334.661133
2283    -14334.732422
2284    -14334.803711
2285    -14334.875977
2286    -14334.947266
2287    -14335.019531
2288    -14335.091797
2289    -14335.164062
2290    -14335.236328
2291    -14335.310547
2292    -14335.382812
2293    -14335.455078
2294    -14335.528320
2295    -14335.601562
2296    -14335.675781
2297    -14335.748047
2298    -14335.822266
2299    -14335.895508
2300    -14335.968750
2301    -14336.042969
2302    -14336.117188
2303    -14336.191406
2304    -14336.265625
2305    -14336.339844
2306    -14336.415039
2307    -14336.490234
2308    -14336.563477
2309    -14336.637695
2310    -14336.712891
2311    -14336.787109
2312    -14336.862305
2313    -14336.938477
2314    -14337.013672
2315    -14337.087891
2316    -14337.163086
2317    -14337.238281
2318    -14337.314453
2319    -14337.389648
2320    -14337.464844
2321    -14337.541016
2322    -14337.616211
2323    -14337.691406
2324    -14337.766602
2325    -14337.842773
2326    -14337.917969
2327    -14337.994141
2328    -14338.070312
2329    -14338.145508
2330    -14338.221680
2331    -14338.296875
2332    -14338.374023
2333    -14338.449219
2334    -14338.525391
2335    -14338.600586
2336    -14338.675781
2337    -14338.752930
2338    -14338.828125
2339    -14338.904297
2340    -14338.980469
2341    -14339.055664
2342    -14339.131836
2343    -14339.208008
2344    -14339.283203
2345    -14339.358398
2346    -14339.435547
2347    -14339.510742
2348    -14339.585938
2349    -14339.661133
2350    -14339.737305
2351    -14339.811523
2352    -14339.888672
2353    -14339.964844
2354    -14340.039062
2355    -14340.115234
2356    -14340.189453
2357    -14340.265625
2358    -14340.340820
2359    -14340.415039
2360    -14340.489258
2361    -14340.564453
2362    -14340.638672
2363    -14340.712891
2364    -14340.786133
2365    -14340.861328
2366    -14340.934570
2367    -14341.007812
2368    -14341.082031
2369    -14341.156250
2370    -14341.230469
2371    -14341.304688
2372    -14341.376953
2373    -14341.451172
2374    -14341.525391
2375    -14341.598633
2376    -14341.671875
2377    -14341.745117
2378    -14341.818359
2379    -14341.890625
2380    -14341.964844
2381    -14342.037109
2382    -14342.110352
2383    -14342.183594
2384    -14342.255859
2385    -14342.329102
2386    -14342.400391
2387    -14342.474609
2388    -14342.545898
2389    -14342.617188
2390    -14342.690430
2391    -14342.762695
2392    -14342.833984
2393    -14342.906250
2394    -14342.978516
2395    -14343.050781
2396    -14343.121094
2397    -14343.194336
2398    -14343.265625
2399    -14343.335938
2400    -14343.408203
2401    -14343.479492
2402    -14343.550781
2403    -14343.622070
2404    -14343.693359
2405    -14343.763672
2406    -14343.834961
2407    -14343.906250
2408    -14343.976562
2409    -14344.046875
2410    -14344.117188
2411    -14344.188477
2412    -14344.257812
2413    -14344.329102
2414    -14344.398438
2415    -14344.468750
2416    -14344.539062
2417    -14344.609375
2418    -14344.678711
2419    -14344.748047
2420    -14344.817383
2421    -14344.886719
2422    -14344.956055
2423    -14345.025391
2424    -14345.095703
2425    -14345.165039
2426    -14345.234375
2427    -14345.302734
2428    -14345.371094
2429    -14345.440430
2430    -14345.509766
2431    -14345.578125
2432    -14345.646484
2433    -14345.714844
2434    -14345.783203
2435    -14345.851562
2436    -14345.919922
2437    -14345.988281
2438    -14346.054688
2439    -14346.123047
2440    -14346.191406
2441    -14346.258789
2442    -14346.326172
2443    -14346.394531
2444    -14346.462891
2445    -14346.529297
2446    -14346.595703
2447    -14346.663086
2448    -14346.730469
2449    -14346.797852
2450    -14346.865234
2451    -14346.931641
2452    -14346.998047
2453    -14347.064453
2454    -14347.131836
2455    -14347.198242
2456    -14347.263672
2457    -14347.330078
2458    -14347.396484
2459    -14347.462891
2460    -14347.528320
2461    -14347.594727
2462    -14347.660156
2463    -14347.726562
2464    -14347.792969
2465    -14347.857422
2466    -14347.923828
2467    -14347.988281
2468    -14348.054688
2469    -14348.119141
2470    -14348.185547
2471    -14348.250000
2472    -14348.314453
2473    -14348.379883
2474    -14348.444336
2475    -14348.509766
2476    -14348.574219
2477    -14348.638672
2478    -14348.703125
2479    -14348.767578
2480    -14348.831055
2481    -14348.896484
2482    -14348.959961
2483    -14349.023438
2484    -14349.087891
2485    -14349.152344
2486    -14349.214844
2487    -14349.279297
2488    -14349.341797
2489    -14349.406250
2490    -14349.469727
2491    -14349.532227
2492    -14349.595703
2493    -14349.658203
2494    -14349.720703
2495    -14349.784180
2496    -14349.847656
2497    -14349.909180
2498    -14349.971680
2499    -14350.035156
2500    -14350.096680
2501    -14350.159180
2502    -14350.221680
2503    -14350.284180
2504    -14350.345703
2505    -14350.408203
2506    -14350.469727
2507    -14350.531250
2508    -14350.593750
2509    -14350.655273
2510    -14350.716797
2511    -14350.779297
2512    -14350.839844
2513    -14350.901367
2514    -14350.962891
2515    -14351.024414
2516    -14351.085938
2517    -14351.146484
2518    -14351.208008
2519    -14351.269531
2520    -14351.330078
2521    -14351.390625
2522    -14351.452148
2523    -14351.513672
2524    -14351.574219
2525    -14351.634766
2526    -14351.693359
2527    -14351.751953
2528    -14351.811523
2529    -14351.870117
2530    -14351.928711
2531    -14351.988281
2532    -14352.046875
2533    -14352.105469
2534    -14352.164062
2535    -14352.222656
2536    -14352.281250
2537    -14352.339844
2538    -14352.398438
2539    -14352.457031
2540    -14352.513672
2541    -14352.572266
2542    -14352.630859
2543    -14352.689453
2544    -14352.748047
2545    -14352.805664
2546    -14352.863281
2547    -14352.921875
2548    -14352.980469
2549    -14353.037109
2550    -14353.095703
2551    -14353.152344
2552    -14353.206055
2553    -14353.257812
2554    -14353.311523
2555    -14353.365234
2556    -14353.417969
2557    -14353.471680
2558    -14353.525391
2559    -14353.578125
2560    -14353.630859
2561    -14353.684570
2562    -14353.738281
2563    -14353.791016
2564    -14353.843750
2565    -14353.897461
2566    -14353.951172
2567    -14354.003906
2568    -14354.057617
2569    -14354.111328
2570    -14354.164062
2571    -14354.216797
2572    -14354.271484
2573    -14354.324219
2574    -14354.376953
2575    -14354.431641
2576    -14354.484375
2577    -14354.537109
2578    -14354.590820
2579    -14354.644531
2580    -14354.697266
2581    -14354.750977
2582    -14354.804688
2583    -14354.858398
2584    -14354.912109
2585    -14354.964844
2586    -14355.017578
2587    -14355.071289
2588    -14355.125000
2589    -14355.178711
2590    -14355.228516
2591    -14355.279297
2592    -14355.328125
2593    -14355.378906
2594    -14355.428711
2595    -14355.478516
2596    -14355.529297
2597    -14355.579102
2598    -14355.628906
2599    -14355.679688
2600    -14355.729492
2601    -14355.779297
2602    -14355.830078
2603    -14355.879883
2604    -14355.928711
2605    -14355.979492
2606    -14356.029297
2607    -14356.081055
2608    -14356.130859
2609    -14356.180664
2610    -14356.230469
2611    -14356.281250
2612    -14356.331055
2613    -14356.380859
2614    -14356.430664
2615    -14356.481445
2616    -14356.531250
2617    -14356.581055
2618    -14356.632812
2619    -14356.681641
2620    -14356.732422
2621    -14356.783203
2622    -14356.833008
2623    -14356.882812
2624    -14356.931641
2625    -14356.980469
2626    -14357.028320
2627    -14357.078125
2628    -14357.125977
2629    -14357.175781
2630    -14357.223633
2631    -14357.273438
2632    -14357.322266
2633    -14357.371094
2634    -14357.419922
2635    -14357.468750
2636    -14357.516602
2637    -14357.566406
2638    -14357.615234
2639    -14357.664062
2640    -14357.712891
2641    -14357.761719
2642    -14357.810547
2643    -14357.858398
2644    -14357.908203
2645    -14357.957031
2646    -14358.005859
2647    -14358.053711
2648    -14358.103516
2649    -14358.152344
2650    -14358.201172
2651    -14358.249023
2652    -14358.296875
2653    -14358.347656
2654    -14358.396484
2655    -14358.444336
2656    -14358.492188
2657    -14358.541992
2658    -14358.589844
2659    -14358.638672
2660    -14358.687500
2661    -14358.736328
2662    -14358.784180
2663    -14358.832031
2664    -14358.880859
2665    -14358.929688
2666    -14358.978516
2667    -14359.026367
2668    -14359.075195
2669    -14359.123047
2670    -14359.171875
2671    -14359.219727
2672    -14359.267578
2673    -14359.316406
2674    -14359.364258
2675    -14359.412109
2676    -14359.459961
2677    -14359.508789
2678    -14359.556641
2679    -14359.604492
2680    -14359.652344
2681    -14359.699219
2682    -14359.748047
2683    -14359.795898
2684    -14359.842773
2685    -14359.890625
2686    -14359.937500
2687    -14359.986328
2688    -14360.033203
2689    -14360.081055
2690    -14360.128906
2691    -14360.175781
2692    -14360.222656
2693    -14360.270508
2694    -14360.317383
2695    -14360.365234
2696    -14360.411133
2697    -14360.458984
2698    -14360.505859
2699    -14360.552734
2700    -14360.599609
2701    -14360.646484
2702    -14360.692383
2703    -14360.738281
2704    -14360.785156
2705    -14360.832031
2706    -14360.878906
2707    -14360.925781
2708    -14360.970703
2709    -14361.017578
2710    -14361.063477
2711    -14361.109375
2712    -14361.156250
2713    -14361.201172
2714    -14361.248047
2715    -14361.292969
2716    -14361.338867
2717    -14361.384766
2718    -14361.429688
2719    -14361.475586
2720    -14361.521484
2721    -14361.566406
2722    -14361.611328
2723    -14361.657227
2724    -14361.702148
2725    -14361.747070
2726    -14361.792969
2727    -14361.837891
2728    -14361.882812
2729    -14361.926758
2730    -14361.972656
2731    -14362.015625
2732    -14362.060547
2733    -14362.105469
2734    -14362.150391
2735    -14362.194336
2736    -14362.238281
2737    -14362.283203
2738    -14362.328125
2739    -14362.371094
2740    -14362.415039
2741    -14362.458984
2742    -14362.503906
2743    -14362.546875
2744    -14362.591797
2745    -14362.634766
2746    -14362.678711
2747    -14362.721680
2748    -14362.765625
2749    -14362.809570
2750    -14362.851562
2751    -14362.896484
2752    -14362.938477
2753    -14362.982422
2754    -14363.025391
2755    -14363.068359
2756    -14363.111328
2757    -14363.154297
2758    -14363.197266
2759    -14363.240234
2760    -14363.283203
2761    -14363.326172
2762    -14363.369141
2763    -14363.411133
2764    -14363.454102
2765    -14363.497070
2766    -14363.539062
2767    -14363.581055
2768    -14363.625000
2769    -14363.666016
2770    -14363.708984
2771    -14363.751953
2772    -14363.792969
2773    -14363.835938
2774    -14363.878906
2775    -14363.919922
2776    -14363.962891
2777    -14364.003906
2778    -14364.045898
2779    -14364.087891
2780    -14364.129883
2781    -14364.171875
2782    -14364.212891
2783    -14364.255859
2784    -14364.296875
2785    -14364.338867
2786    -14364.380859
2787    -14364.421875
2788    -14364.464844
2789    -14364.505859
2790    -14364.546875
2791    -14364.587891
2792    -14364.630859
2793    -14364.671875
2794    -14364.713867
2795    -14364.754883
2796    -14364.796875
2797    -14364.837891
2798    -14364.879883
2799    -14364.921875
2800    -14364.962891
2801    -14365.003906
2802    -14365.044922
2803    -14365.087891
2804    -14365.128906
2805    -14365.169922
2806    -14365.211914
2807    -14365.253906
2808    -14365.294922
2809    -14365.335938
2810    -14365.377930
2811    -14365.418945
2812    -14365.459961
2813    -14365.501953
2814    -14365.543945
2815    -14365.584961
2816    -14365.626953
2817    -14365.667969
2818    -14365.709961
2819    -14365.750977
2820    -14365.792969
2821    -14365.834961
2822    -14365.875977
2823    -14365.916992
2824    -14365.957031
2825    -14365.997070
2826    -14366.037109
2827    -14366.078125
2828    -14366.118164
2829    -14366.159180
2830    -14366.198242
2831    -14366.238281
2832    -14366.278320
2833    -14366.318359
2834    -14366.359375
2835    -14366.400391
2836    -14366.439453
2837    -14366.480469
2838    -14366.521484
2839    -14366.562500
2840    -14366.602539
2841    -14366.642578
2842    -14366.683594
2843    -14366.724609
2844    -14366.765625
2845    -14366.806641
2846    -14366.846680
2847    -14366.887695
2848    -14366.928711
2849    -14366.969727
2850    -14367.011719
2851    -14367.051758
2852    -14367.092773
2853    -14367.134766
2854    -14367.175781
2855    -14367.216797
2856    -14367.257812
2857    -14367.299805
2858    -14367.340820
2859    -14367.382812
2860    -14367.423828
2861    -14367.466797
2862    -14367.507812
2863    -14367.548828
2864    -14367.590820
2865    -14367.632812
2866    -14367.675781
2867    -14367.716797
2868    -14367.759766
2869    -14367.800781
2870    -14367.843750
2871    -14367.886719
2872    -14367.929688
2873    -14367.970703
2874    -14368.013672
2875    -14368.056641
2876    -14368.099609
2877    -14368.142578
2878    -14368.185547
2879    -14368.228516
2880    -14368.271484
2881    -14368.314453
2882    -14368.357422
2883    -14368.400391
2884    -14368.445312
2885    -14368.488281
2886    -14368.531250
2887    -14368.575195
2888    -14368.619141
2889    -14368.663086
2890    -14368.707031
2891    -14368.751953
2892    -14368.794922
2893    -14368.839844
2894    -14368.884766
2895    -14368.928711
2896    -14368.972656
2897    -14369.018555
2898    -14369.063477
2899    -14369.108398
2900    -14369.153320
2901    -14369.198242
2902    -14369.244141
2903    -14369.289062
2904    -14369.334961
2905    -14369.380859
2906    -14369.425781
2907    -14369.472656
2908    -14369.519531
2909    -14369.565430
2910    -14369.611328
2911    -14369.658203
2912    -14369.705078
2913    -14369.751953
2914    -14369.798828
2915    -14369.845703
2916    -14369.892578
2917    -14369.941406
2918    -14369.988281
2919    -14370.035156
2920    -14370.083984
2921    -14370.131836
2922    -14370.180664
2923    -14370.228516
2924    -14370.277344
2925    -14370.326172
2926    -14370.375000
2927    -14370.423828
2928    -14370.473633
2929    -14370.523438
2930    -14370.572266
2931    -14370.622070
2932    -14370.671875
2933    -14370.722656
2934    -14370.773438
2935    -14370.824219
2936    -14370.875000
2937    -14370.925781
2938    -14370.976562
2939    -14371.028320
2940    -14371.080078
2941    -14371.130859
2942    -14371.183594
2943    -14371.236328
2944    -14371.286133
2945    -14371.336914
2946    -14371.387695
2947    -14371.438477
2948    -14371.490234
2949    -14371.541016
2950    -14371.593750
2951    -14371.646484
2952    -14371.698242
2953    -14371.750977
2954    -14371.802734
2955    -14371.855469
2956    -14371.910156
2957    -14371.962891
2958    -14372.017578
2959    -14372.071289
2960    -14372.126953
2961    -14372.180664
2962    -14372.236328
2963    -14372.291016
2964    -14372.345703
2965    -14372.402344
2966    -14372.458984
2967    -14372.515625
2968    -14372.572266
2969    -14372.628906
2970    -14372.685547
2971    -14372.744141
2972    -14372.801758
2973    -14372.860352
2974    -14372.919922
2975    -14372.977539
2976    -14373.037109
2977    -14373.095703
2978    -14373.155273
2979    -14373.215820
2980    -14373.275391
2981    -14373.335938
2982    -14373.396484
2983    -14373.458008
2984    -14373.520508
2985    -14373.582031
2986    -14373.643555
2987    -14373.706055
2988    -14373.769531
2989    -14373.832031
2990    -14373.894531
2991    -14373.958984
2992    -14374.022461
2993    -14374.085938
2994    -14374.150391
2995    -14374.215820
2996    -14374.280273
2997    -14374.345703
2998    -14374.410156
2999    -14374.476562
3000    -14374.542969
3001    -14374.609375
3002    -14374.675781
3003    -14374.744141
3004    -14374.810547
3005    -14374.877930
3006    -14374.946289
3007    -14375.013672
3008    -14375.082031
3009    -14375.150391
3010    -14375.218750
3011    -14375.287109
3012    -14375.357422
3013    -14375.425781
3014    -14375.496094
3015    -14375.566406
3016    -14375.635742
3017    -14375.707031
3018    -14375.777344
3019    -14375.847656
3020    -14375.917969
3021    -14375.990234
3022    -14376.060547
3023    -14376.132812
3024    -14376.205078
3025    -14376.276367
3026    -14376.348633
3027    -14376.419922
3028    -14376.494141
3029    -14376.566406
3030    -14376.638672
3031    -14376.710938
3032    -14376.784180
3033    -14376.857422
3034    -14376.931641
3035    -14377.005859
3036    -14377.078125
3037    -14377.152344
3038    -14377.226562
3039    -14377.300781
3040    -14377.374023
3041    -14377.449219
3042    -14377.522461
3043    -14377.597656
3044    -14377.671875
3045    -14377.746094
3046    -14377.821289
3047    -14377.896484
3048    -14377.970703
3049    -14378.044922
3050    -14378.119141
3051    -14378.193359
3052    -14378.267578
3053    -14378.342773
3054    -14378.417969
3055    -14378.492188
3056    -14378.568359
3057    -14378.642578
3058    -14378.716797
3059    -14378.791992
3060    -14378.867188
3061    -14378.942383
3062    -14379.016602
3063    -14379.091797
3064    -14379.167969
3065    -14379.242188
3066    -14379.317383
3067    -14379.392578
3068    -14379.467773
3069    -14379.542969
3070    -14379.617188
3071    -14379.692383
3072    -14379.767578
3073    -14379.841797
3074    -14379.917969
3075    -14379.992188
3076    -14380.067383
3077    -14380.141602
3078    -14380.216797
3079    -14380.291992
3080    -14380.366211
3081    -14380.441406
3082    -14380.515625
3083    -14380.590820
3084    -14380.664062
3085    -14380.739258
3086    -14380.814453
3087    -14380.888672
3088    -14380.961914
3089    -14381.036133
3090    -14381.110352
3091    -14381.185547
3092    -14381.257812
3093    -14381.332031
3094    -14381.406250
3095    -14381.479492
3096    -14381.552734
3097    -14381.626953
3098    -14381.700195
3099    -14381.773438
3100    -14381.846680
3101    -14381.919922
3102    -14381.992188
3103    -14382.066406
3104    -14382.138672
3105    -14382.210938
3106    -14382.283203
3107    -14382.356445
3108    -14382.427734
3109    -14382.500000
3110    -14382.572266
3111    -14382.644531
3112    -14382.716797
3113    -14382.788086
3114    -14382.859375
3115    -14382.930664
3116    -14383.001953
3117    -14383.073242
3118    -14383.144531
3119    -14383.214844
3120    -14383.283203
3121    -14383.352539
3122    -14383.420898
3123    -14383.489258
3124    -14383.558594
3125    -14383.625000
3126    -14383.693359
3127    -14383.761719
3128    -14383.830078
3129    -14383.897461
3130    -14383.964844
3131    -14384.032227
3132    -14384.099609
3133    -14384.166016
3134    -14384.233398
3135    -14384.300781
3136    -14384.367188
3137    -14384.434570
3138    -14384.500000
3139    -14384.566406
3140    -14384.631836
3141    -14384.697266
3142    -14384.761719
3143    -14384.828125
3144    -14384.892578
3145    -14384.957031
3146    -14385.021484
3147    -14385.085938
3148    -14385.150391
3149    -14385.214844
3150    -14385.279297
3151    -14385.342773
3152    -14385.407227
3153    -14385.470703
3154    -14385.534180
3155    -14385.597656
3156    -14385.662109
3157    -14385.724609
3158    -14385.787109
3159    -14385.850586
3160    -14385.914062
3161    -14385.976562
3162    -14386.039062
3163    -14386.101562
3164    -14386.165039
3165    -14386.227539
3166    -14386.289062
3167    -14386.351562
3168    -14386.413086
3169    -14386.474609
3170    -14386.537109
3171    -14386.599609
3172    -14386.661133
3173    -14386.722656
3174    -14386.785156
3175    -14386.845703
3176    -14386.907227
3177    -14386.968750
3178    -14387.030273
3179    -14387.091797
3180    -14387.153320
3181    -14387.214844
3182    -14387.274414
3183    -14387.336914
3184    -14387.397461
3185    -14387.458008
3186    -14387.519531
3187    -14387.580078
3188    -14387.640625
3189    -14387.701172
3190    -14387.761719
3191    -14387.822266
3192    -14387.882812
3193    -14387.944336
3194    -14388.004883
3195    -14388.064453
3196    -14388.126953
3197    -14388.186523
3198    -14388.246094
3199    -14388.307617
3200    -14388.367188
3201    -14388.428711
3202    -14388.488281
3203    -14388.549805
3204    -14388.611328
3205    -14388.670898
3206    -14388.731445
3207    -14388.791992
3208    -14388.853516
3209    -14388.913086
3210    -14388.974609
3211    -14389.035156
3212    -14389.095703
3213    -14389.156250
3214    -14389.217773
3215    -14389.279297
3216    -14389.339844
3217    -14389.400391
3218    -14389.461914
3219    -14389.523438
3220    -14389.584961
3221    -14389.646484
3222    -14389.707031
3223    -14389.768555
3224    -14389.830078
3225    -14389.892578
3226    -14389.953125
3227    -14390.015625
3228    -14390.077148
3229    -14390.139648
3230    -14390.201172
3231    -14390.263672
3232    -14390.327148
3233    -14390.389648
3234    -14390.453125
3235    -14390.515625
3236    -14390.578125
3237    -14390.640625
3238    -14390.705078
3239    -14390.767578
3240    -14390.831055
3241    -14390.894531
3242    -14390.958984
3243    -14391.023438
3244    -14391.086914
3245    -14391.151367
3246    -14391.216797
3247    -14391.279297
3248    -14391.344727
3249    -14391.410156
3250    -14391.475586
3251    -14391.541016
3252    -14391.606445
3253    -14391.671875
3254    -14391.738281
3255    -14391.803711
3256    -14391.871094
3257    -14391.936523
3258    -14392.004883
3259    -14392.070312
3260    -14392.137695
3261    -14392.205078
3262    -14392.273438
3263    -14392.339844
3264    -14392.408203
3265    -14392.476562
3266    -14392.545898
3267    -14392.614258
3268    -14392.682617
3269    -14392.751953
3270    -14392.822266
3271    -14392.890625
3272    -14392.960938
3273    -14393.031250
3274    -14393.101562
3275    -14393.168945
3276    -14393.238281
3277    -14393.307617
3278    -14393.376953
3279    -14393.445312
3280    -14393.515625
3281    -14393.585938
3282    -14393.655273
3283    -14393.725586
3284    -14393.795898
3285    -14393.867188
3286    -14393.938477
3287    -14394.009766
3288    -14394.080078
3289    -14394.152344
3290    -14394.224609
3291    -14394.296875
3292    -14394.369141
3293    -14394.441406
3294    -14394.511719
3295    -14394.581055
3296    -14394.652344
3297    -14394.721680
3298    -14394.792969
3299    -14394.863281
3300    -14394.933594
3301    -14395.005859
3302    -14395.077148
3303    -14395.148438
3304    -14395.220703
3305    -14395.292969
3306    -14395.363281
3307    -14395.434570
3308    -14395.505859
3309    -14395.578125
3310    -14395.650391
3311    -14395.720703
3312    -14395.792969
3313    -14395.865234
3314    -14395.937500
3315    -14396.009766
3316    -14396.082031
3317    -14396.156250
3318    -14396.228516
3319    -14396.301758
3320    -14396.375000
3321    -14396.449219
3322    -14396.521484
3323    -14396.595703
3324    -14396.667969
3325    -14396.743164
3326    -14396.816406
3327    -14396.890625
3328    -14396.964844
3329    -14397.039062
3330    -14397.112305
3331    -14397.187500
3332    -14397.260742
3333    -14397.335938
3334    -14397.410156
3335    -14397.484375
3336    -14397.559570
3337    -14397.632812
3338    -14397.708008
3339    -14397.783203
3340    -14397.856445
3341    -14397.930664
3342    -14398.005859
3343    -14398.081055
3344    -14398.155273
3345    -14398.228516
3346    -14398.303711
3347    -14398.378906
3348    -14398.452148
3349    -14398.526367
3350    -14398.600586
3351    -14398.674805
3352    -14398.748047
3353    -14398.822266
3354    -14398.895508
3355    -14398.965820
3356    -14399.037109
3357    -14399.108398
3358    -14399.179688
3359    -14399.250000
3360    -14399.321289
3361    -14399.390625
3362    -14399.460938
3363    -14399.532227
3364    -14399.601562
3365    -14399.671875
3366    -14399.742188
3367    -14399.812500
3368    -14399.880859
3369    -14399.951172
3370    -14400.019531
3371    -14400.087891
3372    -14400.154297
3373    -14400.222656
3374    -14400.290039
3375    -14400.357422
3376    -14400.423828
3377    -14400.490234
3378    -14400.556641
3379    -14400.623047
3380    -14400.689453
3381    -14400.754883
3382    -14400.821289
3383    -14400.886719
3384    -14400.952148
3385    -14401.017578
3386    -14401.083008
3387    -14401.146484
3388    -14401.210938
3389    -14401.275391
3390    -14401.339844
3391    -14401.403320
3392    -14401.466797
3393    -14401.531250
3394    -14401.593750
3395    -14401.656250
3396    -14401.718750
3397    -14401.782227
3398    -14401.843750
3399    -14401.906250
3400    -14401.968750
3401    -14402.029297
3402    -14402.091797
3403    -14402.152344
3404    -14402.212891
3405    -14402.273438
3406    -14402.333984
3407    -14402.393555
3408    -14402.454102
3409    -14402.513672
3410    -14402.573242
3411    -14402.632812
3412    -14402.691406
3413    -14402.750977
3414    -14402.808594
3415    -14402.867188
3416    -14402.925781
3417    -14402.984375
3418    -14403.041016
3419    -14403.098633
3420    -14403.156250
3421    -14403.212891
3422    -14403.269531
3423    -14403.326172
3424    -14403.382812
3425    -14403.438477
3426    -14403.494141
3427    -14403.549805
3428    -14403.605469
3429    -14403.660156
3430    -14403.715820
3431    -14403.769531
3432    -14403.824219
3433    -14403.878906
3434    -14403.933594
3435    -14403.986328
3436    -14404.040039
3437    -14404.093750
3438    -14404.146484
3439    -14404.199219
3440    -14404.251953
3441    -14404.304688
3442    -14404.357422
3443    -14404.409180
3444    -14404.460938
3445    -14404.512695
3446    -14404.564453
3447    -14404.615234
3448    -14404.666016
3449    -14404.716797
3450    -14404.767578
3451    -14404.818359
3452    -14404.867188
3453    -14404.917969
3454    -14404.966797
3455    -14405.015625
3456    -14405.066406
3457    -14405.115234
3458    -14405.164062
3459    -14405.212891
3460    -14405.259766
3461    -14405.308594
3462    -14405.356445
3463    -14405.404297
3464    -14405.451172
3465    -14405.499023
3466    -14405.545898
3467    -14405.592773
3468    -14405.638672
3469    -14405.685547
3470    -14405.731445
3471    -14405.778320
3472    -14405.822266
3473    -14405.868164
3474    -14405.914062
3475    -14405.958984
3476    -14406.003906
3477    -14406.048828
3478    -14406.093750
3479    -14406.136719
3480    -14406.181641
3481    -14406.224609
3482    -14406.268555
3483    -14406.312500
3484    -14406.355469
3485    -14406.398438
3486    -14406.441406
3487    -14406.483398
3488    -14406.525391
3489    -14406.567383
3490    -14406.609375
3491    -14406.651367
3492    -14406.693359
3493    -14406.734375
3494    -14406.774414
3495    -14406.814453
3496    -14406.855469
3497    -14406.896484
3498    -14406.936523
3499    -14406.976562
3500    -14407.015625
3501    -14407.054688
3502    -14407.094727
3503    -14407.134766
3504    -14407.171875
3505    -14407.210938
3506    -14407.250000
3507    -14407.287109
3508    -14407.326172
3509    -14407.364258
3510    -14407.402344
3511    -14407.439453
3512    -14407.476562
3513    -14407.513672
3514    -14407.550781
3515    -14407.586914
3516    -14407.623047
3517    -14407.660156
3518    -14407.695312
3519    -14407.732422
3520    -14407.767578
3521    -14407.803711
3522    -14407.839844
3523    -14407.873047
3524    -14407.910156
3525    -14407.941406
3526    -14407.974609
3527    -14408.005859
3528    -14408.039062
3529    -14408.070312
3530    -14408.101562
3531    -14408.132812
3532    -14408.165039
3533    -14408.195312
3534    -14408.226562
3535    -14408.257812
3536    -14408.289062
3537    -14408.319336
3538    -14408.349609
3539    -14408.378906
3540    -14408.410156
3541    -14408.439453
3542    -14408.468750
3543    -14408.499023
3544    -14408.529297
3545    -14408.558594
3546    -14408.587891
3547    -14408.616211
3548    -14408.646484
3549    -14408.673828
3550    -14408.703125
3551    -14408.732422
3552    -14408.760742
3553    -14408.788086
3554    -14408.816406
3555    -14408.843750
3556    -14408.872070
3557    -14408.901367
3558    -14408.929688
3559    -14408.956055
3560    -14408.984375
3561    -14409.011719
3562    -14409.039062
3563    -14409.066406
3564    -14409.093750
3565    -14409.121094
3566    -14409.148438
3567    -14409.173828
3568    -14409.201172
3569    -14409.222656
3570    -14409.244141
3571    -14409.263672
3572    -14409.285156
3573    -14409.306641
3574    -14409.326172
3575    -14409.347656
3576    -14409.367188
3577    -14409.388672
3578    -14409.409180
3579    -14409.429688
3580    -14409.450195
3581    -14409.470703
3582    -14409.491211
3583    -14409.511719
3584    -14409.533203
3585    -14409.552734
3586    -14409.574219
3587    -14409.594727
3588    -14409.614258
3589    -14409.634766
3590    -14409.656250
3591    -14409.675781
3592    -14409.696289
3593    -14409.716797
3594    -14409.736328
3595    -14409.757812
3596    -14409.777344
3597    -14409.798828
3598    -14409.819336
3599    -14409.839844
3600    -14409.859375
3601    -14409.880859
3602    -14409.901367
3603    -14409.921875
3604    -14409.942383
3605    -14409.962891
3606    -14409.983398
3607    -14410.003906
3608    -14410.025391
3609    -14410.046875
3610    -14410.066406
3611    -14410.087891
3612    -14410.109375
3613    -14410.130859
3614    -14410.151367
3615    -14410.171875
3616    -14410.193359
3617    -14410.214844
3618    -14410.236328
3619    -14410.257812
3620    -14410.279297
3621    -14410.300781
3622    -14410.322266
3623    -14410.343750
3624    -14410.365234
3625    -14410.386719
3626    -14410.410156
3627    -14410.431641
3628    -14410.454102
3629    -14410.476562
3630    -14410.498047
3631    -14410.521484
3632    -14410.543945
3633    -14410.566406
3634    -14410.588867
3635    -14410.611328
3636    -14410.634766
3637    -14410.658203
3638    -14410.681641
3639    -14410.705078
3640    -14410.728516
3641    -14410.750977
3642    -14410.775391
3643    -14410.799805
3644    -14410.823242
3645    -14410.846680
3646    -14410.871094
3647    -14410.895508
3648    -14410.920898
3649    -14410.945312
3650    -14410.969727
3651    -14410.995117
3652    -14411.019531
3653    -14411.044922
3654    -14411.070312
3655    -14411.095703
3656    -14411.121094
3657    -14411.146484
3658    -14411.171875
3659    -14411.195312
3660    -14411.218750
3661    -14411.244141
3662    -14411.267578
3663    -14411.291016
3664    -14411.316406
3665    -14411.339844
3666    -14411.365234
3667    -14411.390625
3668    -14411.414062
3669    -14411.440430
3670    -14411.465820
3671    -14411.490234
3672    -14411.516602
3673    -14411.541992
3674    -14411.567383
3675    -14411.593750
3676    -14411.620117
3677    -14411.646484
3678    -14411.671875
3679    -14411.699219
3680    -14411.725586
3681    -14411.750000
3682    -14411.773438
3683    -14411.796875
3684    -14411.819336
3685    -14411.842773
3686    -14411.866211
3687    -14411.888672
3688    -14411.912109
3689    -14411.937500
3690    -14411.960938
3691    -14411.984375
3692    -14412.007812
3693    -14412.033203
3694    -14412.056641
3695    -14412.082031
3696    -14412.105469
3697    -14412.130859
3698    -14412.154297
3699    -14412.179688
3700    -14412.205078
3701    -14412.228516
3702    -14412.254883
3703    -14412.279297
3704    -14412.304688
3705    -14412.330078
3706    -14412.355469
3707    -14412.379883
3708    -14412.405273
3709    -14412.431641
3710    -14412.457031
3711    -14412.482422
3712    -14412.507812
3713    -14412.533203
3714    -14412.558594
3715    -14412.583984
3716    -14412.609375
3717    -14412.634766
3718    -14412.661133
3719    -14412.686523
3720    -14412.711914
3721    -14412.738281
3722    -14412.763672
3723    -14412.789062
3724    -14412.814453
3725    -14412.839844
3726    -14412.865234
3727    -14412.890625
3728    -14412.916016
3729    -14412.941406
3730    -14412.966797
3731    -14412.992188
3732    -14413.017578
3733    -14413.042969
3734    -14413.068359
3735    -14413.092773
3736    -14413.118164
3737    -14413.142578
3738    -14413.167969
3739    -14413.193359
3740    -14413.217773
3741    -14413.242188
3742    -14413.268555
3743    -14413.292969
3744    -14413.316406
3745    -14413.341797
3746    -14413.366211
3747    -14413.390625
3748    -14413.414062
3749    -14413.438477
3750    -14413.462891
3751    -14413.487305
3752    -14413.511719
3753    -14413.535156
3754    -14413.558594
3755    -14413.582031
3756    -14413.605469
3757    -14413.629883
3758    -14413.653320
3759    -14413.675781
3760    -14413.700195
3761    -14413.722656
3762    -14413.746094
3763    -14413.769531
3764    -14413.791992
3765    -14413.814453
3766    -14413.836914
3767    -14413.860352
3768    -14413.882812
3769    -14413.905273
3770    -14413.927734
3771    -14413.950195
3772    -14413.971680
3773    -14413.994141
3774    -14414.015625
3775    -14414.038086
3776    -14414.060547
3777    -14414.082031
3778    -14414.103516
3779    -14414.125000
3780    -14414.146484
3781    -14414.167969
3782    -14414.188477
3783    -14414.209961
3784    -14414.230469
3785    -14414.251953
3786    -14414.272461
3787    -14414.292969
3788    -14414.314453
3789    -14414.334961
3790    -14414.355469
3791    -14414.375977
3792    -14414.396484
3793    -14414.416992
3794    -14414.436523
3795    -14414.457031
3796    -14414.476562
3797    -14414.496094
3798    -14414.515625
3799    -14414.537109
3800    -14414.556641
3801    -14414.575195
3802    -14414.595703
3803    -14414.614258
3804    -14414.634766
3805    -14414.654297
3806    -14414.673828
3807    -14414.691406
3808    -14414.710938
3809    -14414.730469
3810    -14414.749023
3811    -14414.767578
3812    -14414.787109
3813    -14414.806641
3814    -14414.824219
3815    -14414.843750
3816    -14414.862305
3817    -14414.879883
3818    -14414.898438
3819    -14414.916992
3820    -14414.935547
3821    -14414.954102
3822    -14414.971680
3823    -14414.990234
3824    -14415.007812
3825    -14415.025391
3826    -14415.043945
3827    -14415.062500
3828    -14415.080078
3829    -14415.097656
3830    -14415.115234
3831    -14415.133789
3832    -14415.150391
3833    -14415.168945
3834    -14415.185547
3835    -14415.203125
3836    -14415.221680
3837    -14415.238281
3838    -14415.255859
3839    -14415.273438
3840    -14415.290039
3841    -14415.308594
3842    -14415.325195
3843    -14415.341797
3844    -14415.359375
3845    -14415.376953
3846    -14415.393555
3847    -14415.410156
3848    -14415.428711
3849    -14415.445312
3850    -14415.461914
3851    -14415.478516
3852    -14415.496094
3853    -14415.511719
3854    -14415.529297
3855    -14415.545898
3856    -14415.562500
3857    -14415.580078
3858    -14415.595703
3859    -14415.613281
3860    -14415.628906
3861    -14415.644531
3862    -14415.662109
3863    -14415.677734
3864    -14415.695312
3865    -14415.710938
3866    -14415.726562
3867    -14415.744141
3868    -14415.759766
3869    -14415.776367
3870    -14415.793945
3871    -14415.808594
3872    -14415.826172
3873    -14415.841797
3874    -14415.857422
3875    -14415.875000
3876    -14415.890625
3877    -14415.906250
3878    -14415.921875
3879    -14415.938477
3880    -14415.955078
3881    -14415.970703
3882    -14415.986328
3883    -14416.002930
3884    -14416.019531
3885    -14416.034180
3886    -14416.050781
3887    -14416.066406
3888    -14416.082031
3889    -14416.097656
3890    -14416.113281
3891    -14416.130859
3892    -14416.145508
3893    -14416.161133
3894    -14416.176758
3895    -14416.192383
3896    -14416.208984
3897    -14416.224609
3898    -14416.239258
3899    -14416.255859
3900    -14416.271484
3901    -14416.287109
3902    -14416.302734
3903    -14416.318359
3904    -14416.333984
3905    -14416.349609
3906    -14416.365234
3907    -14416.380859
3908    -14416.396484
3909    -14416.412109
3910    -14416.427734
3911    -14416.443359
3912    -14416.458984
3913    -14416.474609
3914    -14416.489258
3915    -14416.503906
3916    -14416.521484
3917    -14416.536133
3918    -14416.550781
3919    -14416.566406
3920    -14416.582031
3921    -14416.597656
3922    -14416.613281
3923    -14416.627930
3924    -14416.643555
3925    -14416.659180
3926    -14416.674805
3927    -14416.690430
3928    -14416.705078
3929    -14416.720703
3930    -14416.736328
3931    -14416.751953
3932    -14416.767578
3933    -14416.782227
3934    -14416.796875
3935    -14416.808594
3936    -14416.820312
3937    -14416.832031
3938    -14416.843750
3939    -14416.855469
3940    -14416.867188
3941    -14416.878906
3942    -14416.890625
3943    -14416.902344
3944    -14416.914062
3945    -14416.925781
3946    -14416.937500
3947    -14416.948242
3948    -14416.960938
3949    -14416.972656
3950    -14416.986328
3951    -14416.998047
3952    -14417.008789
3953    -14417.021484
3954    -14417.032227
3955    -14417.044922
3956    -14417.056641
3957    -14417.068359
3958    -14417.080078
3959    -14417.092773
3960    -14417.105469
3961    -14417.117188
3962    -14417.128906
3963    -14417.140625
3964    -14417.153320
3965    -14417.165039
3966    -14417.177734
3967    -14417.190430
3968    -14417.202148
3969    -14417.214844
3970    -14417.226562
3971    -14417.239258
3972    -14417.251953
3973    -14417.263672
3974    -14417.277344
3975    -14417.289062
3976    -14417.301758
3977    -14417.314453
3978    -14417.327148
3979    -14417.339844
3980    -14417.351562
3981    -14417.364258
3982    -14417.376953
