Step            Loss
--------------------
1         149.091217
2         121.258270
3          93.422241
4          65.582916
5          37.740387
6           9.894188
7         -17.956154
8         -45.811081
9         -73.671440
10       -101.537598
11       -129.410217
12       -157.290192
13       -185.178207
14       -213.075012
15       -240.981445
16       -268.898132
17       -296.826141
18       -324.765930
19       -352.718384
20       -380.684204
21       -408.664154
22       -436.659058
23       -464.669434
24       -492.696350
25       -520.740601
26       -548.802856
27       -576.884033
28       -604.984863
29       -633.106201
30       -661.249084
31       -689.414429
32       -717.602905
33       -745.815613
34       -774.053467
35       -802.317261
36       -830.608276
37       -858.927002
38       -887.274597
39       -915.652039
40       -944.060303
41       -972.500366
42      -1000.972900
43      -1029.479004
44      -1058.019531
45      -1086.595459
46      -1115.207764
47      -1143.857178
48      -1172.544678
49      -1201.271118
50      -1230.037354
51      -1258.843994
52      -1287.692383
53      -1316.582764
54      -1345.516357
55      -1374.493530
56      -1403.515625
57      -1432.583008
58      -1461.696167
59      -1490.855957
60      -1520.063477
61      -1549.318848
62      -1578.623169
63      -1607.976562
64      -1637.379883
65      -1666.833984
66      -1696.339111
67      -1725.895508
68      -1755.504272
69      -1785.165283
70      -1814.879761
71      -1844.647461
72      -1874.469116
73      -1904.344971
74      -1934.275513
75      -1964.260742
76      -1994.301758
77      -2024.398193
78      -2054.550293
79      -2084.758789
80      -2115.023438
81      -2145.344727
82      -2175.722412
83      -2206.157471
84      -2236.649414
85      -2267.198242
86      -2297.804199
87      -2328.467529
88      -2359.188232
89      -2389.966309
90      -2420.801514
91      -2451.694092
92      -2482.644043
93      -2513.650879
94      -2544.714844
95      -2575.835938
96      -2607.013916
97      -2638.248535
98      -2669.539551
99      -2700.886719
100     -2732.290283
101     -2763.749512
102     -2795.264648
103     -2826.834961
104     -2858.460449
105     -2890.140625
106     -2921.875244
107     -2953.664062
108     -2985.506836
109     -3017.402832
110     -3049.351807
111     -3081.353027
112     -3113.407227
113     -3145.512451
114     -3177.668945
115     -3209.876709
116     -3242.134277
117     -3274.442139
118     -3306.798828
119     -3339.204590
120     -3371.658691
121     -3404.160156
122     -3436.708740
123     -3469.303955
124     -3501.945312
125     -3534.631348
126     -3567.362549
127     -3600.137451
128     -3632.956543
129     -3665.817383
130     -3698.720947
131     -3731.665771
132     -3764.651123
133     -3797.676758
134     -3830.741211
135     -3863.844482
136     -3896.985352
137     -3930.163574
138     -3963.378418
139     -3996.628174
140     -4029.913330
141     -4063.232178
142     -4096.584473
143     -4129.969727
144     -4163.385254
145     -4196.832520
146     -4230.309082
147     -4263.813477
148     -4297.346680
149     -4330.906250
150     -4364.485352
151     -4398.090820
152     -4431.721191
153     -4465.375488
154     -4499.053223
155     -4532.752930
156     -4566.474609
157     -4600.216797
158     -4633.978516
159     -4667.759277
160     -4701.558105
161     -4735.374023
162     -4769.206055
163     -4803.045898
164     -4836.889648
165     -4870.746582
166     -4904.616211
167     -4938.497070
168     -4972.388672
169     -5006.290039
170     -5040.200195
171     -5074.117676
172     -5108.042480
173     -5141.973145
174     -5175.909180
175     -5209.849121
176     -5243.791992
177     -5277.737305
178     -5311.684570
179     -5345.631836
180     -5379.578613
181     -5413.523926
182     -5447.466797
183     -5481.406738
184     -5515.342285
185     -5549.272949
186     -5583.197266
187     -5617.115234
188     -5651.024414
189     -5684.925781
190     -5718.816895
191     -5752.697754
192     -5786.567383
193     -5820.424316
194     -5854.267578
195     -5888.075195
196     -5921.864258
197     -5955.637695
198     -5989.394531
199     -6023.133789
200     -6056.854492
201     -6090.555664
202     -6124.236816
203     -6157.896973
204     -6191.535156
205     -6225.150391
206     -6258.741699
207     -6292.309570
208     -6325.851562
209     -6359.367188
210     -6392.855469
211     -6426.316895
212     -6459.749023
213     -6493.140625
214     -6526.483398
215     -6559.795410
216     -6593.076172
217     -6626.324219
218     -6659.538086
219     -6692.718750
220     -6725.864258
221     -6758.973633
222     -6792.047363
223     -6825.083496
224     -6858.082031
225     -6891.041504
226     -6923.961914
227     -6956.841797
228     -6989.681641
229     -7022.479004
230     -7055.234375
231     -7087.947266
232     -7120.616211
233     -7153.240723
234     -7185.820312
235     -7218.354492
236     -7250.837402
237     -7283.270508
238     -7315.651367
239     -7347.973633
240     -7380.238281
241     -7412.454102
242     -7444.603516
243     -7476.696289
244     -7508.734375
245     -7540.711426
246     -7572.636719
247     -7604.508301
248     -7636.325684
249     -7668.073242
250     -7699.738281
251     -7731.340820
252     -7762.884766
253     -7794.372070
254     -7825.802246
255     -7857.174316
256     -7888.474609
257     -7919.664062
258     -7950.788086
259     -7981.837891
260     -8012.827637
261     -8043.755859
262     -8074.599609
263     -8105.343750
264     -8136.024414
265     -8166.615723
266     -8197.144531
267     -8227.609375
268     -8258.009766
269     -8288.345703
270     -8318.617188
271     -8348.821289
272     -8378.935547
273     -8408.983398
274     -8438.964844
275     -8468.878906
276     -8498.726562
277     -8528.492188
278     -8558.175781
279     -8587.759766
280     -8617.257812
281     -8646.687500
282     -8676.046875
283     -8705.333008
284     -8734.537109
285     -8763.655273
286     -8792.695312
287     -8821.662109
288     -8850.544922
289     -8879.348633
290     -8908.072266
291     -8936.706055
292     -8965.254883
293     -8993.729492
294     -9022.130859
295     -9050.458008
296     -9078.710938
297     -9106.875000
298     -9134.937500
299     -9162.911133
300     -9190.774414
301     -9218.514648
302     -9246.180664
303     -9273.761719
304     -9301.268555
305     -9328.698242
306     -9356.049805
307     -9383.303711
308     -9410.480469
309     -9437.572266
310     -9464.558594
311     -9491.463867
312     -9518.273438
313     -9544.999023
314     -9571.576172
315     -9598.037109
316     -9624.395508
317     -9650.666016
318     -9676.836914
319     -9702.921875
320     -9728.915039
321     -9754.824219
322     -9780.636719
323     -9806.350586
324     -9831.972656
325     -9857.511719
326     -9882.945312
327     -9908.300781
328     -9933.578125
329     -9958.769531
330     -9983.872070
331     -10008.873047
332     -10033.744141
333     -10058.530273
334     -10083.231445
335     -10107.849609
336     -10132.361328
337     -10156.746094
338     -10181.016602
339     -10205.202148
340     -10229.308594
341     -10253.337891
342     -10277.289062
343     -10301.162109
344     -10324.955078
345     -10348.636719
346     -10372.227539
347     -10395.738281
348     -10419.169922
349     -10442.519531
350     -10465.718750
351     -10488.820312
352     -10511.843750
353     -10534.774414
354     -10557.596680
355     -10580.333008
356     -10602.986328
357     -10625.535156
358     -10647.982422
359     -10670.343750
360     -10692.628906
361     -10714.810547
362     -10736.902344
363     -10758.911133
364     -10780.817383
365     -10802.582031
366     -10824.213867
367     -10845.728516
368     -10867.158203
369     -10888.458984
370     -10909.667969
371     -10930.799805
372     -10951.830078
373     -10972.719727
374     -10993.501953
375     -11014.188477
376     -11034.787109
377     -11055.310547
378     -11075.761719
379     -11096.087891
380     -11116.241211
381     -11136.289062
382     -11156.255859
383     -11176.144531
384     -11195.953125
385     -11215.626953
386     -11235.152344
387     -11254.603516
388     -11273.974609
389     -11293.261719
390     -11312.471680
391     -11331.599609
392     -11350.640625
393     -11369.603516
394     -11388.496094
395     -11407.291992
396     -11426.000977
397     -11444.632812
398     -11463.175781
399     -11481.591797
400     -11499.876953
401     -11518.062500
402     -11536.134766
403     -11554.123047
404     -11572.011719
405     -11589.830078
406     -11607.581055
407     -11625.251953
408     -11642.837891
409     -11660.353516
410     -11677.790039
411     -11695.156250
412     -11712.443359
413     -11729.570312
414     -11746.609375
415     -11763.572266
416     -11780.437500
417     -11797.230469
418     -11813.937500
419     -11830.536133
420     -11847.041992
421     -11863.441406
422     -11879.744141
423     -11895.968750
424     -11912.068359
425     -11928.023438
426     -11943.890625
427     -11959.689453
428     -11975.426758
429     -11991.090820
430     -12006.661133
431     -12022.104492
432     -12037.450195
433     -12052.725586
434     -12067.914062
435     -12083.008789
436     -12097.978516
437     -12112.888672
438     -12127.724609
439     -12142.437500
440     -12157.076172
441     -12171.609375
442     -12186.021484
443     -12200.344727
444     -12214.561523
445     -12228.724609
446     -12242.815430
447     -12256.838867
448     -12270.799805
449     -12284.690430
450     -12298.472656
451     -12312.150391
452     -12325.708984
453     -12339.169922
454     -12352.541992
455     -12365.822266
456     -12378.996094
457     -12392.075195
458     -12405.074219
459     -12418.014648
460     -12430.906250
461     -12443.728516
462     -12456.483398
463     -12469.167969
464     -12481.763672
465     -12494.304688
466     -12506.765625
467     -12519.125000
468     -12531.380859
469     -12543.505859
470     -12555.521484
471     -12567.470703
472     -12579.365234
473     -12591.202148
474     -12602.956055
475     -12614.625000
476     -12626.195312
477     -12637.688477
478     -12649.107422
479     -12660.430664
480     -12671.698242
481     -12682.878906
482     -12694.006836
483     -12705.074219
484     -12716.070312
485     -12727.001953
486     -12737.833984
487     -12748.603516
488     -12759.291016
489     -12769.919922
490     -12780.472656
491     -12790.945312
492     -12801.371094
493     -12811.717773
494     -12821.976562
495     -12832.183594
496     -12842.332031
497     -12852.404297
498     -12862.372070
499     -12872.272461
500     -12882.101562
501     -12891.873047
502     -12901.566406
503     -12911.189453
504     -12920.736328
505     -12930.238281
506     -12939.691406
507     -12949.050781
508     -12958.316406
509     -12967.547852
510     -12976.726562
511     -12985.853516
512     -12994.923828
513     -13003.958984
514     -13012.925781
515     -13021.833984
516     -13030.682617
517     -13039.466797
518     -13048.185547
519     -13056.845703
520     -13065.427734
521     -13073.966797
522     -13082.449219
523     -13090.876953
524     -13099.265625
525     -13107.592773
526     -13115.841797
527     -13124.007812
528     -13132.099609
529     -13140.125000
530     -13148.094727
531     -13156.024414
532     -13163.916016
533     -13171.744141
534     -13179.500000
535     -13187.179688
536     -13194.799805
537     -13202.360352
538     -13209.833984
539     -13217.215820
540     -13224.546875
541     -13231.788086
542     -13238.950195
543     -13246.065430
544     -13253.122070
545     -13260.119141
546     -13267.074219
547     -13273.916016
548     -13280.693359
549     -13287.437500
550     -13294.128906
551     -13300.759766
552     -13307.299805
553     -13313.783203
554     -13320.226562
555     -13326.624023
556     -13332.958984
557     -13339.241211
558     -13345.451172
559     -13351.570312
560     -13357.648438
561     -13363.701172
562     -13369.711914
563     -13375.664062
564     -13381.581055
565     -13387.443359
566     -13393.257812
567     -13399.001953
568     -13404.662109
569     -13410.285156
570     -13415.868164
571     -13421.426758
572     -13426.932617
573     -13432.378906
574     -13437.791992
575     -13443.159180
576     -13448.476562
577     -13453.757812
578     -13458.998047
579     -13464.172852
580     -13469.277344
581     -13474.354492
582     -13479.374023
583     -13484.363281
584     -13489.304688
585     -13494.203125
586     -13499.015625
587     -13503.798828
588     -13508.551758
589     -13513.263672
590     -13517.943359
591     -13522.591797
592     -13527.199219
593     -13531.749023
594     -13536.261719
595     -13540.725586
596     -13545.150391
597     -13549.485352
598     -13553.754883
599     -13557.964844
600     -13562.130859
601     -13566.273438
602     -13570.402344
603     -13574.518555
604     -13578.599609
605     -13582.629883
606     -13586.612305
607     -13590.574219
608     -13594.491211
609     -13598.371094
610     -13602.227539
611     -13606.035156
612     -13609.819336
613     -13613.560547
614     -13617.253906
615     -13620.916016
616     -13624.565430
617     -13628.191406
618     -13631.798828
619     -13635.396484
620     -13638.968750
621     -13642.521484
622     -13646.048828
623     -13649.556641
624     -13653.038086
625     -13656.481445
626     -13659.879883
627     -13663.238281
628     -13666.582031
629     -13669.890625
630     -13673.177734
631     -13676.430664
632     -13679.673828
633     -13682.867188
634     -13685.980469
635     -13689.041016
636     -13692.050781
637     -13695.042969
638     -13698.015625
639     -13700.969727
640     -13703.912109
641     -13706.839844
642     -13709.740234
643     -13712.591797
644     -13715.434570
645     -13718.267578
646     -13721.083984
647     -13723.882812
648     -13726.666016
649     -13729.420898
650     -13732.160156
651     -13734.887695
652     -13737.606445
653     -13740.317383
654     -13742.977539
655     -13745.621094
656     -13748.256836
657     -13750.871094
658     -13753.458984
659     -13755.996094
660     -13758.524414
661     -13761.035156
662     -13763.534180
663     -13766.027344
664     -13768.498047
665     -13770.945312
666     -13773.374023
667     -13775.784180
668     -13778.184570
669     -13780.575195
670     -13782.957031
671     -13785.314453
672     -13787.626953
673     -13789.880859
674     -13792.114258
675     -13794.337891
676     -13796.542969
677     -13798.730469
678     -13800.910156
679     -13803.069336
680     -13805.222656
681     -13807.365234
682     -13809.466797
683     -13811.552734
684     -13813.618164
685     -13815.666016
686     -13817.707031
687     -13819.731445
688     -13821.738281
689     -13823.728516
690     -13825.713867
691     -13827.685547
692     -13829.642578
693     -13831.593750
694     -13833.537109
695     -13835.474609
696     -13837.375000
697     -13839.250977
698     -13841.107422
699     -13842.929688
700     -13844.737305
701     -13846.531250
702     -13848.316406
703     -13850.096680
704     -13851.873047
705     -13853.644531
706     -13855.398438
707     -13857.136719
708     -13858.867188
709     -13860.586914
710     -13862.291992
711     -13863.980469
712     -13865.660156
713     -13867.335938
714     -13868.987305
715     -13870.620117
716     -13872.231445
717     -13873.822266
718     -13875.376953
719     -13876.908203
720     -13878.424805
721     -13879.922852
722     -13881.410156
723     -13882.887695
724     -13884.352539
725     -13885.801758
726     -13887.242188
727     -13888.679688
728     -13890.107422
729     -13891.521484
730     -13892.905273
731     -13894.270508
732     -13895.627930
733     -13896.974609
734     -13898.300781
735     -13899.609375
736     -13900.908203
737     -13902.199219
738     -13903.484375
739     -13904.761719
740     -13906.029297
741     -13907.295898
742     -13908.555664
743     -13909.814453
744     -13911.064453
745     -13912.302734
746     -13913.535156
747     -13914.738281
748     -13915.930664
749     -13917.121094
750     -13918.302734
751     -13919.473633
752     -13920.634766
753     -13921.791992
754     -13922.944336
755     -13924.087891
756     -13925.228516
757     -13926.367188
758     -13927.492188
759     -13928.607422
760     -13929.721680
761     -13930.832031
762     -13931.940430
763     -13933.042969
764     -13934.134766
765     -13935.216797
766     -13936.292969
767     -13937.365234
768     -13938.437500
769     -13939.496094
770     -13940.541016
771     -13941.581055
772     -13942.603516
773     -13943.611328
774     -13944.606445
775     -13945.593750
776     -13946.578125
777     -13947.560547
778     -13948.533203
779     -13949.505859
780     -13950.467773
781     -13951.427734
782     -13952.378906
783     -13953.328125
784     -13954.273438
785     -13955.212891
786     -13956.149414
787     -13957.082031
788     -13958.001953
789     -13958.920898
790     -13959.836914
791     -13960.750977
792     -13961.664062
793     -13962.575195
794     -13963.484375
795     -13964.392578
796     -13965.298828
797     -13966.203125
798     -13967.107422
799     -13968.005859
800     -13968.894531
801     -13969.773438
802     -13970.644531
803     -13971.501953
804     -13972.355469
805     -13973.198242
806     -13974.037109
807     -13974.875000
808     -13975.710938
809     -13976.544922
810     -13977.375000
811     -13978.191406
812     -13978.998047
813     -13979.803711
814     -13980.607422
815     -13981.410156
816     -13982.210938
817     -13983.011719
818     -13983.801758
819     -13984.588867
820     -13985.375000
821     -13986.155273
822     -13986.933594
823     -13987.708984
824     -13988.480469
825     -13989.248047
826     -13990.013672
827     -13990.776367
828     -13991.535156
829     -13992.263672
830     -13992.987305
831     -13993.709961
832     -13994.431641
833     -13995.150391
834     -13995.867188
835     -13996.581055
836     -13997.287109
837     -13997.983398
838     -13998.669922
839     -13999.344727
840     -14000.017578
841     -14000.690430
842     -14001.362305
843     -14002.032227
844     -14002.701172
845     -14003.369141
846     -14004.032227
847     -14004.693359
848     -14005.349609
849     -14006.002930
850     -14006.655273
851     -14007.300781
852     -14007.940430
853     -14008.575195
854     -14009.203125
855     -14009.827148
856     -14010.451172
857     -14011.073242
858     -14011.695312
859     -14012.314453
860     -14012.933594
861     -14013.548828
862     -14014.161133
863     -14014.773438
864     -14015.382812
865     -14015.991211
866     -14016.599609
867     -14017.203125
868     -14017.802734
869     -14018.400391
870     -14018.996094
871     -14019.593750
872     -14020.187500
873     -14020.783203
874     -14021.375977
875     -14021.967773
876     -14022.552734
877     -14023.136719
878     -14023.717773
879     -14024.300781
880     -14024.880859
881     -14025.459961
882     -14026.038086
883     -14026.615234
884     -14027.191406
885     -14027.767578
886     -14028.340820
887     -14028.910156
888     -14029.476562
889     -14030.041992
890     -14030.606445
891     -14031.168945
892     -14031.726562
893     -14032.281250
894     -14032.833008
895     -14033.379883
896     -14033.925781
897     -14034.469727
898     -14035.013672
899     -14035.556641
900     -14036.092773
901     -14036.624023
902     -14037.143555
903     -14037.658203
904     -14038.171875
905     -14038.683594
906     -14039.195312
907     -14039.706055
908     -14040.214844
909     -14040.724609
910     -14041.231445
911     -14041.738281
912     -14042.244141
913     -14042.748047
914     -14043.249023
915     -14043.746094
916     -14044.242188
917     -14044.736328
918     -14045.228516
919     -14045.715820
920     -14046.201172
921     -14046.683594
922     -14047.166016
923     -14047.645508
924     -14048.125000
925     -14048.601562
926     -14049.079102
927     -14049.552734
928     -14050.028320
929     -14050.501953
930     -14050.970703
931     -14051.437500
932     -14051.904297
933     -14052.370117
934     -14052.834961
935     -14053.298828
936     -14053.760742
937     -14054.220703
938     -14054.677734
939     -14055.127930
940     -14055.574219
941     -14056.018555
942     -14056.461914
943     -14056.903320
944     -14057.344727
945     -14057.785156
946     -14058.224609
947     -14058.662109
948     -14059.099609
949     -14059.537109
950     -14059.972656
951     -14060.407227
952     -14060.840820
953     -14061.272461
954     -14061.701172
955     -14062.128906
956     -14062.552734
957     -14062.976562
958     -14063.397461
959     -14063.820312
960     -14064.238281
961     -14064.655273
962     -14065.071289
963     -14065.486328
964     -14065.901367
965     -14066.315430
966     -14066.728516
967     -14067.136719
968     -14067.542969
969     -14067.950195
970     -14068.351562
971     -14068.744141
972     -14069.136719
973     -14069.527344
974     -14069.916992
975     -14070.306641
976     -14070.695312
977     -14071.083008
978     -14071.468750
979     -14071.853516
980     -14072.236328
981     -14072.619141
982     -14072.999023
983     -14073.377930
984     -14073.757812
985     -14074.135742
986     -14074.512695
987     -14074.888672
988     -14075.260742
989     -14075.628906
990     -14075.996094
991     -14076.363281
992     -14076.728516
993     -14077.085938
994     -14077.437500
995     -14077.788086
996     -14078.137695
997     -14078.488281
998     -14078.837891
999     -14079.185547
1000    -14079.533203
1001    -14079.880859
1002    -14080.228516
1003    -14080.575195
1004    -14080.919922
1005    -14081.265625
1006    -14081.611328
1007    -14081.956055
1008    -14082.299805
1009    -14082.643555
1010    -14082.986328
1011    -14083.330078
1012    -14083.671875
1013    -14084.013672
1014    -14084.355469
1015    -14084.697266
1016    -14085.030273
1017    -14085.361328
1018    -14085.692383
1019    -14086.023438
1020    -14086.352539
1021    -14086.681641
1022    -14087.011719
1023    -14087.340820
1024    -14087.668945
1025    -14087.997070
1026    -14088.324219
1027    -14088.651367
1028    -14088.978516
1029    -14089.302734
1030    -14089.629883
1031    -14089.955078
1032    -14090.280273
1033    -14090.605469
1034    -14090.929688
1035    -14091.253906
1036    -14091.578125
1037    -14091.902344
1038    -14092.224609
1039    -14092.548828
1040    -14092.871094
1041    -14093.194336
1042    -14093.516602
1043    -14093.838867
1044    -14094.161133
1045    -14094.482422
1046    -14094.802734
1047    -14095.124023
1048    -14095.439453
1049    -14095.756836
1050    -14096.072266
1051    -14096.386719
1052    -14096.694336
1053    -14097.001953
1054    -14097.310547
1055    -14097.618164
1056    -14097.925781
1057    -14098.232422
1058    -14098.540039
1059    -14098.847656
1060    -14099.154297
1061    -14099.459961
1062    -14099.767578
1063    -14100.073242
1064    -14100.380859
1065    -14100.686523
1066    -14100.992188
1067    -14101.298828
1068    -14101.604492
1069    -14101.910156
1070    -14102.215820
1071    -14102.521484
1072    -14102.827148
1073    -14103.132812
1074    -14103.437500
1075    -14103.743164
1076    -14104.046875
1077    -14104.349609
1078    -14104.653320
1079    -14104.957031
1080    -14105.259766
1081    -14105.563477
1082    -14105.867188
1083    -14106.169922
1084    -14106.472656
1085    -14106.775391
1086    -14107.078125
1087    -14107.378906
1088    -14107.681641
1089    -14107.983398
1090    -14108.285156
1091    -14108.586914
1092    -14108.888672
1093    -14109.189453
1094    -14109.488281
1095    -14109.783203
1096    -14110.078125
1097    -14110.373047
1098    -14110.667969
1099    -14110.962891
1100    -14111.257812
1101    -14111.553711
1102    -14111.848633
1103    -14112.144531
1104    -14112.439453
1105    -14112.736328
1106    -14113.031250
1107    -14113.324219
1108    -14113.617188
1109    -14113.909180
1110    -14114.200195
1111    -14114.482422
1112    -14114.764648
1113    -14115.046875
1114    -14115.328125
1115    -14115.609375
1116    -14115.890625
1117    -14116.171875
1118    -14116.453125
1119    -14116.736328
1120    -14117.018555
1121    -14117.300781
1122    -14117.583008
1123    -14117.866211
1124    -14118.150391
1125    -14118.433594
1126    -14118.716797
1127    -14119.001953
1128    -14119.287109
1129    -14119.572266
1130    -14119.857422
1131    -14120.144531
1132    -14120.430664
1133    -14120.716797
1134    -14121.004883
1135    -14121.292969
1136    -14121.581055
1137    -14121.869141
1138    -14122.158203
1139    -14122.448242
1140    -14122.736328
1141    -14123.020508
1142    -14123.304688
1143    -14123.587891
1144    -14123.873047
1145    -14124.156250
1146    -14124.441406
1147    -14124.728516
1148    -14125.013672
1149    -14125.298828
1150    -14125.583984
1151    -14125.871094
1152    -14126.158203
1153    -14126.445312
1154    -14126.734375
1155    -14127.021484
1156    -14127.312500
1157    -14127.601562
1158    -14127.892578
1159    -14128.182617
1160    -14128.474609
1161    -14128.766602
1162    -14129.059570
1163    -14129.353516
1164    -14129.646484
1165    -14129.942383
1166    -14130.236328
1167    -14130.533203
1168    -14130.829102
1169    -14131.125977
1170    -14131.423828
1171    -14131.722656
1172    -14132.021484
1173    -14132.322266
1174    -14132.623047
1175    -14132.923828
1176    -14133.226562
1177    -14133.529297
1178    -14133.833984
1179    -14134.138672
1180    -14134.443359
1181    -14134.750000
1182    -14135.056641
1183    -14135.363281
1184    -14135.671875
1185    -14135.979492
1186    -14136.289062
1187    -14136.599609
1188    -14136.910156
1189    -14137.222656
1190    -14137.534180
1191    -14137.847656
1192    -14138.160156
1193    -14138.475586
1194    -14138.786133
1195    -14139.097656
1196    -14139.410156
1197    -14139.722656
1198    -14140.036133
1199    -14140.350586
1200    -14140.662109
1201    -14140.975586
1202    -14141.288086
1203    -14141.601562
1204    -14141.917969
1205    -14142.232422
1206    -14142.548828
1207    -14142.866211
1208    -14143.184570
1209    -14143.503906
1210    -14143.822266
1211    -14144.140625
1212    -14144.458984
1213    -14144.778320
1214    -14145.095703
1215    -14145.412109
1216    -14145.728516
1217    -14146.046875
1218    -14146.366211
1219    -14146.685547
1220    -14147.005859
1221    -14147.328125
1222    -14147.650391
1223    -14147.972656
1224    -14148.293945
1225    -14148.617188
1226    -14148.939453
1227    -14149.261719
1228    -14149.578125
1229    -14149.895508
1230    -14150.212891
1231    -14150.531250
1232    -14150.850586
1233    -14151.169922
1234    -14151.490234
1235    -14151.811523
1236    -14152.132812
1237    -14152.452148
1238    -14152.771484
1239    -14153.091797
1240    -14153.411133
1241    -14153.731445
1242    -14154.052734
1243    -14154.375000
1244    -14154.696289
1245    -14155.019531
1246    -14155.340820
1247    -14155.662109
1248    -14155.983398
1249    -14156.305664
1250    -14156.628906
1251    -14156.951172
1252    -14157.275391
1253    -14157.599609
1254    -14157.922852
1255    -14158.248047
1256    -14158.572266
1257    -14158.897461
1258    -14159.220703
1259    -14159.541992
1260    -14159.863281
1261    -14160.184570
1262    -14160.507812
1263    -14160.829102
1264    -14161.152344
1265    -14161.474609
1266    -14161.798828
1267    -14162.121094
1268    -14162.444336
1269    -14162.769531
1270    -14163.091797
1271    -14163.416016
1272    -14163.740234
1273    -14164.064453
1274    -14164.388672
1275    -14164.712891
1276    -14165.037109
1277    -14165.360352
1278    -14165.684570
1279    -14166.007812
1280    -14166.333008
1281    -14166.657227
1282    -14166.981445
1283    -14167.304688
1284    -14167.629883
1285    -14167.953125
1286    -14168.277344
1287    -14168.601562
1288    -14168.923828
1289    -14169.248047
1290    -14169.572266
1291    -14169.894531
1292    -14170.218750
1293    -14170.539062
1294    -14170.859375
1295    -14171.178711
1296    -14171.498047
1297    -14171.813477
1298    -14172.129883
1299    -14172.445312
1300    -14172.761719
1301    -14173.076172
1302    -14173.390625
1303    -14173.705078
1304    -14174.019531
1305    -14174.333984
1306    -14174.644531
1307    -14174.957031
1308    -14175.267578
1309    -14175.578125
1310    -14175.887695
1311    -14176.197266
1312    -14176.506836
1313    -14176.816406
1314    -14177.125000
1315    -14177.432617
1316    -14177.740234
1317    -14178.046875
1318    -14178.351562
1319    -14178.654297
1320    -14178.958008
1321    -14179.261719
1322    -14179.564453
1323    -14179.865234
1324    -14180.167969
1325    -14180.468750
1326    -14180.769531
1327    -14181.070312
1328    -14181.369141
1329    -14181.667969
1330    -14181.966797
1331    -14182.265625
1332    -14182.563477
1333    -14182.859375
1334    -14183.156250
1335    -14183.453125
1336    -14183.746094
1337    -14184.039062
1338    -14184.332031
1339    -14184.624023
1340    -14184.915039
1341    -14185.206055
1342    -14185.496094
1343    -14185.784180
1344    -14186.071289
1345    -14186.357422
1346    -14186.643555
1347    -14186.927734
1348    -14187.213867
1349    -14187.498047
1350    -14187.780273
1351    -14188.064453
1352    -14188.345703
1353    -14188.625977
1354    -14188.906250
1355    -14189.187500
1356    -14189.464844
1357    -14189.744141
1358    -14190.021484
1359    -14190.298828
1360    -14190.576172
1361    -14190.851562
1362    -14191.127930
1363    -14191.402344
1364    -14191.677734
1365    -14191.951172
1366    -14192.224609
1367    -14192.497070
1368    -14192.769531
1369    -14193.040039
1370    -14193.311523
1371    -14193.582031
1372    -14193.851562
1373    -14194.122070
1374    -14194.389648
1375    -14194.658203
1376    -14194.926758
1377    -14195.193359
1378    -14195.459961
1379    -14195.726562
1380    -14195.992188
1381    -14196.257812
1382    -14196.521484
1383    -14196.786133
1384    -14197.048828
1385    -14197.312500
1386    -14197.575195
1387    -14197.837891
1388    -14198.099609
1389    -14198.360352
1390    -14198.621094
1391    -14198.880859
1392    -14199.139648
1393    -14199.396484
1394    -14199.652344
1395    -14199.908203
1396    -14200.165039
1397    -14200.418945
1398    -14200.673828
1399    -14200.927734
1400    -14201.181641
1401    -14201.434570
1402    -14201.687500
1403    -14201.940430
1404    -14202.193359
1405    -14202.444336
1406    -14202.695312
1407    -14202.945312
1408    -14203.197266
1409    -14203.447266
1410    -14203.697266
1411    -14203.947266
1412    -14204.195312
1413    -14204.444336
1414    -14204.692383
1415    -14204.941406
1416    -14205.188477
1417    -14205.435547
1418    -14205.681641
1419    -14205.926758
1420    -14206.171875
1421    -14206.415039
1422    -14206.658203
1423    -14206.902344
1424    -14207.145508
1425    -14207.388672
1426    -14207.630859
1427    -14207.865234
1428    -14208.101562
1429    -14208.335938
1430    -14208.572266
1431    -14208.805664
1432    -14209.040039
1433    -14209.274414
1434    -14209.507812
1435    -14209.741211
1436    -14209.973633
1437    -14210.207031
1438    -14210.439453
1439    -14210.664062
1440    -14210.884766
1441    -14211.103516
1442    -14211.320312
1443    -14211.539062
1444    -14211.757812
1445    -14211.975586
1446    -14212.193359
1447    -14212.411133
1448    -14212.628906
1449    -14212.845703
1450    -14213.062500
1451    -14213.279297
1452    -14213.494141
1453    -14213.708008
1454    -14213.918945
1455    -14214.130859
1456    -14214.342773
1457    -14214.554688
1458    -14214.765625
1459    -14214.976562
1460    -14215.188477
1461    -14215.399414
1462    -14215.609375
1463    -14215.820312
1464    -14216.031250
1465    -14216.241211
1466    -14216.451172
1467    -14216.662109
1468    -14216.871094
1469    -14217.082031
1470    -14217.291016
1471    -14217.500000
1472    -14217.709961
1473    -14217.919922
1474    -14218.127930
1475    -14218.335938
1476    -14218.544922
1477    -14218.753906
1478    -14218.960938
1479    -14219.167969
1480    -14219.376953
1481    -14219.583984
1482    -14219.791016
1483    -14219.999023
1484    -14220.206055
1485    -14220.413086
1486    -14220.619141
1487    -14220.826172
1488    -14221.032227
1489    -14221.238281
1490    -14221.445312
1491    -14221.650391
1492    -14221.855469
1493    -14222.061523
1494    -14222.266602
1495    -14222.471680
1496    -14222.676758
1497    -14222.880859
1498    -14223.085938
1499    -14223.290039
1500    -14223.494141
1501    -14223.697266
1502    -14223.898438
1503    -14224.098633
1504    -14224.298828
1505    -14224.499023
1506    -14224.699219
1507    -14224.896484
1508    -14225.091797
1509    -14225.286133
1510    -14225.480469
1511    -14225.673828
1512    -14225.867188
1513    -14226.060547
1514    -14226.246094
1515    -14226.427734
1516    -14226.609375
1517    -14226.791016
1518    -14226.970703
1519    -14227.151367
1520    -14227.331055
1521    -14227.511719
1522    -14227.691406
1523    -14227.871094
1524    -14228.049805
1525    -14228.228516
1526    -14228.408203
1527    -14228.587891
1528    -14228.765625
1529    -14228.944336
1530    -14229.122070
1531    -14229.299805
1532    -14229.477539
1533    -14229.654297
1534    -14229.832031
1535    -14230.008789
1536    -14230.185547
1537    -14230.361328
1538    -14230.537109
1539    -14230.712891
1540    -14230.886719
1541    -14231.062500
1542    -14231.236328
1543    -14231.410156
1544    -14231.584961
1545    -14231.757812
1546    -14231.931641
1547    -14232.103516
1548    -14232.277344
1549    -14232.449219
1550    -14232.621094
1551    -14232.791992
1552    -14232.963867
1553    -14233.132812
1554    -14233.301758
1555    -14233.470703
1556    -14233.639648
1557    -14233.804688
1558    -14233.964844
1559    -14234.125000
1560    -14234.284180
1561    -14234.443359
1562    -14234.603516
1563    -14234.761719
1564    -14234.919922
1565    -14235.078125
1566    -14235.236328
1567    -14235.394531
1568    -14235.550781
1569    -14235.708984
1570    -14235.865234
1571    -14236.021484
1572    -14236.177734
1573    -14236.333984
1574    -14236.489258
1575    -14236.644531
1576    -14236.799805
1577    -14236.953125
1578    -14237.104492
1579    -14237.255859
1580    -14237.406250
1581    -14237.558594
1582    -14237.708008
1583    -14237.858398
1584    -14238.007812
1585    -14238.158203
1586    -14238.306641
1587    -14238.456055
1588    -14238.604492
1589    -14238.752930
1590    -14238.901367
1591    -14239.048828
1592    -14239.196289
1593    -14239.343750
1594    -14239.490234
1595    -14239.636719
1596    -14239.783203
1597    -14239.929688
1598    -14240.076172
1599    -14240.220703
1600    -14240.365234
1601    -14240.510742
1602    -14240.655273
1603    -14240.799805
1604    -14240.943359
1605    -14241.087891
1606    -14241.231445
1607    -14241.375000
1608    -14241.517578
1609    -14241.660156
1610    -14241.802734
1611    -14241.944336
1612    -14242.085938
1613    -14242.226562
1614    -14242.368164
1615    -14242.508789
1616    -14242.648438
1617    -14242.789062
1618    -14242.928711
1619    -14243.068359
1620    -14243.208008
1621    -14243.347656
1622    -14243.486328
1623    -14243.625000
1624    -14243.763672
1625    -14243.901367
1626    -14244.039062
1627    -14244.177734
1628    -14244.314453
1629    -14244.453125
1630    -14244.589844
1631    -14244.726562
1632    -14244.863281
1633    -14245.000000
1634    -14245.134766
1635    -14245.271484
1636    -14245.408203
1637    -14245.542969
1638    -14245.679688
1639    -14245.814453
1640    -14245.949219
1641    -14246.083984
1642    -14246.218750
1643    -14246.353516
1644    -14246.488281
1645    -14246.623047
1646    -14246.755859
1647    -14246.890625
1648    -14247.024414
1649    -14247.158203
1650    -14247.291992
1651    -14247.425781
1652    -14247.558594
1653    -14247.691406
1654    -14247.826172
1655    -14247.958008
1656    -14248.091797
1657    -14248.223633
1658    -14248.357422
1659    -14248.489258
1660    -14248.621094
1661    -14248.753906
1662    -14248.886719
1663    -14249.018555
1664    -14249.150391
1665    -14249.283203
1666    -14249.414062
1667    -14249.546875
1668    -14249.677734
1669    -14249.810547
1670    -14249.941406
1671    -14250.074219
1672    -14250.205078
1673    -14250.336914
1674    -14250.468750
1675    -14250.599609
1676    -14250.732422
1677    -14250.863281
1678    -14250.996094
1679    -14251.126953
1680    -14251.251953
1681    -14251.377930
1682    -14251.503906
1683    -14251.629883
1684    -14251.755859
1685    -14251.882812
1686    -14252.009766
1687    -14252.135742
1688    -14252.261719
1689    -14252.388672
1690    -14252.514648
1691    -14252.640625
1692    -14252.765625
1693    -14252.892578
1694    -14253.018555
1695    -14253.143555
1696    -14253.269531
1697    -14253.395508
1698    -14253.521484
1699    -14253.646484
1700    -14253.773438
1701    -14253.899414
1702    -14254.025391
1703    -14254.152344
1704    -14254.279297
1705    -14254.406250
1706    -14254.533203
1707    -14254.660156
1708    -14254.787109
1709    -14254.914062
1710    -14255.041992
1711    -14255.169922
1712    -14255.296875
1713    -14255.425781
1714    -14255.554688
1715    -14255.682617
1716    -14255.810547
1717    -14255.939453
1718    -14256.068359
1719    -14256.197266
1720    -14256.326172
1721    -14256.456055
1722    -14256.585938
1723    -14256.714844
1724    -14256.845703
1725    -14256.976562
1726    -14257.107422
1727    -14257.238281
1728    -14257.369141
1729    -14257.500000
1730    -14257.630859
1731    -14257.757812
1732    -14257.882812
1733    -14258.009766
1734    -14258.138672
1735    -14258.265625
1736    -14258.392578
1737    -14258.520508
1738    -14258.648438
1739    -14258.776367
1740    -14258.905273
1741    -14259.031250
1742    -14259.154297
1743    -14259.279297
1744    -14259.402344
1745    -14259.527344
1746    -14259.650391
1747    -14259.775391
1748    -14259.900391
1749    -14260.025391
1750    -14260.150391
1751    -14260.275391
1752    -14260.401367
1753    -14260.527344
1754    -14260.654297
1755    -14260.781250
1756    -14260.909180
1757    -14261.037109
1758    -14261.165039
1759    -14261.292969
1760    -14261.421875
1761    -14261.550781
1762    -14261.679688
1763    -14261.810547
1764    -14261.941406
1765    -14262.072266
1766    -14262.203125
1767    -14262.333984
1768    -14262.465820
1769    -14262.598633
1770    -14262.730469
1771    -14262.863281
1772    -14262.997070
1773    -14263.130859
1774    -14263.264648
1775    -14263.399414
1776    -14263.534180
1777    -14263.669922
1778    -14263.805664
1779    -14263.941406
1780    -14264.078125
1781    -14264.214844
1782    -14264.351562
1783    -14264.490234
1784    -14264.628906
1785    -14264.765625
1786    -14264.906250
1787    -14265.044922
1788    -14265.185547
1789    -14265.326172
1790    -14265.465820
1791    -14265.607422
1792    -14265.749023
1793    -14265.890625
1794    -14266.032227
1795    -14266.175781
1796    -14266.318359
1797    -14266.461914
1798    -14266.605469
1799    -14266.750000
1800    -14266.894531
1801    -14267.039062
1802    -14267.185547
1803    -14267.332031
1804    -14267.478516
1805    -14267.625000
1806    -14267.773438
1807    -14267.919922
1808    -14268.068359
1809    -14268.216797
1810    -14268.365234
1811    -14268.514648
1812    -14268.664062
1813    -14268.814453
1814    -14268.964844
1815    -14269.117188
1816    -14269.268555
1817    -14269.419922
1818    -14269.572266
1819    -14269.724609
1820    -14269.876953
1821    -14270.031250
1822    -14270.184570
1823    -14270.337891
1824    -14270.494141
1825    -14270.648438
1826    -14270.803711
1827    -14270.959961
1828    -14271.116211
1829    -14271.273438
1830    -14271.429688
1831    -14271.586914
1832    -14271.745117
1833    -14271.902344
1834    -14272.062500
1835    -14272.220703
1836    -14272.380859
1837    -14272.540039
1838    -14272.700195
1839    -14272.859375
1840    -14273.019531
1841    -14273.179688
1842    -14273.340820
1843    -14273.501953
1844    -14273.664062
1845    -14273.826172
1846    -14273.988281
1847    -14274.150391
1848    -14274.313477
1849    -14274.476562
1850    -14274.640625
1851    -14274.804688
1852    -14274.968750
1853    -14275.132812
1854    -14275.297852
1855    -14275.462891
1856    -14275.625977
1857    -14275.791016
1858    -14275.956055
1859    -14276.121094
1860    -14276.286133
1861    -14276.453125
1862    -14276.618164
1863    -14276.785156
1864    -14276.952148
1865    -14277.118164
1866    -14277.285156
1867    -14277.453125
1868    -14277.621094
1869    -14277.790039
1870    -14277.957031
1871    -14278.125977
1872    -14278.294922
1873    -14278.463867
1874    -14278.633789
1875    -14278.799805
1876    -14278.962891
1877    -14279.126953
1878    -14279.290039
1879    -14279.455078
1880    -14279.619141
1881    -14279.783203
1882    -14279.947266
1883    -14280.112305
1884    -14280.277344
1885    -14280.443359
1886    -14280.609375
1887    -14280.774414
1888    -14280.940430
1889    -14281.106445
1890    -14281.273438
1891    -14281.439453
1892    -14281.607422
1893    -14281.774414
1894    -14281.941406
1895    -14282.107422
1896    -14282.275391
1897    -14282.443359
1898    -14282.611328
1899    -14282.779297
1900    -14282.947266
1901    -14283.115234
1902    -14283.283203
1903    -14283.452148
1904    -14283.618164
1905    -14283.783203
1906    -14283.948242
1907    -14284.114258
1908    -14284.279297
1909    -14284.444336
1910    -14284.611328
1911    -14284.776367
1912    -14284.943359
1913    -14285.109375
1914    -14285.275391
1915    -14285.441406
1916    -14285.607422
1917    -14285.775391
1918    -14285.941406
1919    -14286.107422
1920    -14286.273438
1921    -14286.440430
1922    -14286.607422
1923    -14286.773438
1924    -14286.941406
1925    -14287.107422
1926    -14287.274414
1927    -14287.441406
1928    -14287.607422
1929    -14287.775391
1930    -14287.941406
1931    -14288.109375
1932    -14288.275391
1933    -14288.442383
1934    -14288.609375
1935    -14288.775391
1936    -14288.942383
1937    -14289.109375
1938    -14289.275391
1939    -14289.442383
1940    -14289.609375
1941    -14289.776367
1942    -14289.942383
1943    -14290.109375
1944    -14290.275391
1945    -14290.441406
1946    -14290.608398
1947    -14290.773438
1948    -14290.939453
1949    -14291.106445
1950    -14291.272461
1951    -14291.437500
1952    -14291.604492
1953    -14291.769531
1954    -14291.935547
1955    -14292.101562
1956    -14292.266602
1957    -14292.431641
1958    -14292.595703
1959    -14292.761719
1960    -14292.926758
1961    -14293.091797
1962    -14293.255859
1963    -14293.419922
1964    -14293.584961
1965    -14293.749023
1966    -14293.914062
1967    -14294.078125
1968    -14294.242188
1969    -14294.404297
1970    -14294.568359
1971    -14294.731445
1972    -14294.894531
1973    -14295.057617
1974    -14295.220703
1975    -14295.383789
1976    -14295.546875
1977    -14295.708984
1978    -14295.871094
1979    -14296.033203
1980    -14296.194336
1981    -14296.355469
1982    -14296.511719
1983    -14296.667969
1984    -14296.824219
1985    -14296.980469
1986    -14297.136719
1987    -14297.291016
1988    -14297.447266
1989    -14297.601562
1990    -14297.756836
1991    -14297.912109
1992    -14298.066406
1993    -14298.220703
1994    -14298.375000
1995    -14298.529297
1996    -14298.682617
1997    -14298.835938
1998    -14298.989258
1999    -14299.142578
2000    -14299.294922
2001    -14299.447266
2002    -14299.600586
2003    -14299.751953
2004    -14299.904297
2005    -14300.054688
2006    -14300.206055
2007    -14300.357422
2008    -14300.507812
2009    -14300.658203
2010    -14300.808594
2011    -14300.958984
2012    -14301.108398
2013    -14301.256836
2014    -14301.406250
2015    -14301.556641
2016    -14301.703125
2017    -14301.852539
2018    -14302.000000
2019    -14302.148438
2020    -14302.295898
2021    -14302.442383
2022    -14302.586914
2023    -14302.732422
2024    -14302.876953
2025    -14303.019531
2026    -14303.164062
2027    -14303.308594
2028    -14303.451172
2029    -14303.593750
2030    -14303.736328
2031    -14303.878906
2032    -14304.020508
2033    -14304.162109
2034    -14304.303711
2035    -14304.445312
2036    -14304.584961
2037    -14304.724609
2038    -14304.865234
2039    -14305.004883
2040    -14305.144531
2041    -14305.283203
2042    -14305.421875
2043    -14305.560547
2044    -14305.697266
2045    -14305.835938
2046    -14305.972656
2047    -14306.110352
2048    -14306.247070
2049    -14306.382812
2050    -14306.519531
2051    -14306.654297
2052    -14306.791016
2053    -14306.922852
2054    -14307.046875
2055    -14307.169922
2056    -14307.293945
2057    -14307.416992
2058    -14307.539062
2059    -14307.662109
2060    -14307.785156
2061    -14307.906250
2062    -14308.027344
2063    -14308.150391
2064    -14308.270508
2065    -14308.391602
2066    -14308.511719
2067    -14308.632812
2068    -14308.751953
2069    -14308.872070
2070    -14308.991211
2071    -14309.110352
2072    -14309.228516
2073    -14309.347656
2074    -14309.465820
2075    -14309.583984
2076    -14309.701172
2077    -14309.818359
2078    -14309.935547
2079    -14310.052734
2080    -14310.167969
2081    -14310.285156
2082    -14310.400391
2083    -14310.515625
2084    -14310.631836
2085    -14310.746094
2086    -14310.861328
2087    -14310.976562
2088    -14311.090820
2089    -14311.205078
2090    -14311.318359
2091    -14311.431641
2092    -14311.545898
2093    -14311.658203
2094    -14311.771484
2095    -14311.884766
2096    -14311.996094
2097    -14312.108398
2098    -14312.220703
2099    -14312.332031
2100    -14312.443359
2101    -14312.552734
2102    -14312.662109
2103    -14312.771484
2104    -14312.879883
2105    -14312.988281
2106    -14313.095703
2107    -14313.204102
2108    -14313.311523
2109    -14313.418945
2110    -14313.526367
2111    -14313.632812
2112    -14313.740234
2113    -14313.847656
2114    -14313.953125
2115    -14314.060547
2116    -14314.166016
2117    -14314.271484
2118    -14314.377930
2119    -14314.484375
2120    -14314.589844
2121    -14314.695312
2122    -14314.800781
2123    -14314.905273
2124    -14315.009766
2125    -14315.115234
2126    -14315.219727
2127    -14315.324219
2128    -14315.427734
2129    -14315.532227
2130    -14315.636719
2131    -14315.740234
2132    -14315.843750
2133    -14315.947266
2134    -14316.050781
2135    -14316.154297
2136    -14316.257812
2137    -14316.361328
2138    -14316.463867
2139    -14316.566406
2140    -14316.668945
2141    -14316.772461
2142    -14316.875000
2143    -14316.977539
2144    -14317.079102
2145    -14317.182617
2146    -14317.284180
2147    -14317.386719
2148    -14317.488281
2149    -14317.589844
2150    -14317.692383
2151    -14317.794922
2152    -14317.894531
2153    -14317.997070
2154    -14318.099609
2155    -14318.201172
2156    -14318.301758
2157    -14318.402344
2158    -14318.503906
2159    -14318.605469
2160    -14318.707031
2161    -14318.807617
2162    -14318.910156
2163    -14319.009766
2164    -14319.111328
2165    -14319.212891
2166    -14319.314453
2167    -14319.414062
2168    -14319.515625
2169    -14319.616211
2170    -14319.716797
2171    -14319.817383
2172    -14319.917969
2173    -14320.019531
2174    -14320.119141
2175    -14320.220703
2176    -14320.321289
2177    -14320.421875
2178    -14320.522461
2179    -14320.623047
2180    -14320.724609
2181    -14320.824219
2182    -14320.925781
2183    -14321.025391
2184    -14321.126953
2185    -14321.228516
2186    -14321.328125
2187    -14321.428711
2188    -14321.529297
2189    -14321.630859
2190    -14321.731445
2191    -14321.832031
2192    -14321.933594
2193    -14322.034180
2194    -14322.135742
2195    -14322.236328
2196    -14322.337891
2197    -14322.438477
2198    -14322.539062
2199    -14322.640625
2200    -14322.742188
2201    -14322.842773
2202    -14322.944336
2203    -14323.045898
2204    -14323.147461
2205    -14323.249023
2206    -14323.348633
2207    -14323.446289
2208    -14323.542969
2209    -14323.638672
2210    -14323.736328
2211    -14323.833984
2212    -14323.931641
2213    -14324.027344
2214    -14324.125000
2215    -14324.222656
2216    -14324.320312
2217    -14324.417969
2218    -14324.514648
2219    -14324.612305
2220    -14324.710938
2221    -14324.808594
2222    -14324.906250
2223    -14325.004883
2224    -14325.102539
2225    -14325.201172
2226    -14325.298828
2227    -14325.397461
2228    -14325.497070
2229    -14325.595703
2230    -14325.694336
2231    -14325.792969
2232    -14325.892578
2233    -14325.991211
2234    -14326.090820
2235    -14326.189453
2236    -14326.289062
2237    -14326.388672
2238    -14326.489258
2239    -14326.588867
2240    -14326.688477
2241    -14326.789062
2242    -14326.889648
2243    -14326.988281
2244    -14327.085938
2245    -14327.185547
2246    -14327.283203
2247    -14327.382812
2248    -14327.481445
2249    -14327.580078
2250    -14327.679688
2251    -14327.779297
2252    -14327.878906
2253    -14327.978516
2254    -14328.078125
2255    -14328.177734
2256    -14328.277344
2257    -14328.377930
2258    -14328.477539
2259    -14328.578125
2260    -14328.678711
2261    -14328.780273
2262    -14328.880859
2263    -14328.981445
2264    -14329.082031
2265    -14329.183594
2266    -14329.284180
2267    -14329.385742
2268    -14329.488281
2269    -14329.588867
2270    -14329.691406
2271    -14329.792969
2272    -14329.894531
2273    -14329.996094
2274    -14330.097656
2275    -14330.199219
2276    -14330.302734
2277    -14330.404297
2278    -14330.506836
2279    -14330.609375
2280    -14330.710938
2281    -14330.813477
2282    -14330.916016
2283    -14331.018555
2284    -14331.121094
2285    -14331.223633
2286    -14331.326172
2287    -14331.428711
2288    -14331.531250
2289    -14331.634766
2290    -14331.737305
2291    -14331.839844
2292    -14331.943359
2293    -14332.045898
2294    -14332.148438
2295    -14332.251953
2296    -14332.353516
2297    -14332.457031
2298    -14332.558594
2299    -14332.662109
2300    -14332.765625
2301    -14332.867188
2302    -14332.970703
2303    -14333.072266
2304    -14333.174805
2305    -14333.278320
2306    -14333.379883
2307    -14333.482422
2308    -14333.583984
2309    -14333.686523
2310    -14333.788086
2311    -14333.890625
2312    -14333.992188
2313    -14334.094727
2314    -14334.195312
2315    -14334.296875
2316    -14334.395508
2317    -14334.492188
2318    -14334.591797
2319    -14334.689453
2320    -14334.787109
2321    -14334.884766
2322    -14334.982422
2323    -14335.080078
2324    -14335.177734
2325    -14335.273438
2326    -14335.371094
2327    -14335.468750
2328    -14335.564453
2329    -14335.660156
2330    -14335.757812
2331    -14335.851562
2332    -14335.943359
2333    -14336.035156
2334    -14336.127930
2335    -14336.219727
2336    -14336.310547
2337    -14336.402344
2338    -14336.493164
2339    -14336.582031
2340    -14336.669922
2341    -14336.758789
2342    -14336.845703
2343    -14336.933594
2344    -14337.022461
2345    -14337.109375
2346    -14337.196289
2347    -14337.282227
2348    -14337.369141
2349    -14337.455078
2350    -14337.541016
2351    -14337.625977
2352    -14337.710938
2353    -14337.794922
2354    -14337.880859
2355    -14337.964844
2356    -14338.047852
2357    -14338.131836
2358    -14338.214844
2359    -14338.297852
2360    -14338.379883
2361    -14338.462891
2362    -14338.544922
2363    -14338.622070
2364    -14338.699219
2365    -14338.776367
2366    -14338.849609
2367    -14338.919922
2368    -14338.991211
2369    -14339.062500
2370    -14339.132812
2371    -14339.203125
2372    -14339.272461
2373    -14339.341797
2374    -14339.411133
2375    -14339.480469
2376    -14339.548828
2377    -14339.617188
2378    -14339.686523
2379    -14339.753906
2380    -14339.821289
2381    -14339.888672
2382    -14339.955078
2383    -14340.021484
2384    -14340.086914
2385    -14340.151367
2386    -14340.214844
2387    -14340.279297
2388    -14340.343750
2389    -14340.407227
2390    -14340.469727
2391    -14340.532227
2392    -14340.595703
2393    -14340.657227
2394    -14340.718750
2395    -14340.781250
2396    -14340.841797
2397    -14340.902344
2398    -14340.964844
2399    -14341.025391
2400    -14341.083984
2401    -14341.144531
2402    -14341.204102
2403    -14341.263672
2404    -14341.322266
2405    -14341.380859
2406    -14341.440430
2407    -14341.498047
2408    -14341.555664
2409    -14341.613281
2410    -14341.669922
2411    -14341.727539
2412    -14341.784180
2413    -14341.841797
2414    -14341.897461
2415    -14341.953125
2416    -14342.008789
2417    -14342.064453
2418    -14342.119141
2419    -14342.173828
2420    -14342.228516
2421    -14342.283203
2422    -14342.337891
2423    -14342.390625
2424    -14342.444336
2425    -14342.498047
2426    -14342.550781
2427    -14342.603516
2428    -14342.656250
2429    -14342.708008
2430    -14342.759766
2431    -14342.812500
2432    -14342.863281
2433    -14342.914062
2434    -14342.965820
2435    -14343.015625
2436    -14343.066406
2437    -14343.117188
2438    -14343.166016
2439    -14343.214844
2440    -14343.265625
2441    -14343.314453
2442    -14343.363281
2443    -14343.412109
2444    -14343.459961
2445    -14343.507812
2446    -14343.556641
2447    -14343.603516
2448    -14343.651367
2449    -14343.699219
2450    -14343.746094
2451    -14343.792969
2452    -14343.839844
2453    -14343.885742
2454    -14343.931641
2455    -14343.977539
2456    -14344.022461
2457    -14344.068359
2458    -14344.113281
2459    -14344.158203
2460    -14344.203125
2461    -14344.248047
2462    -14344.291992
2463    -14344.335938
2464    -14344.379883
2465    -14344.422852
2466    -14344.464844
2467    -14344.507812
2468    -14344.548828
2469    -14344.589844
2470    -14344.631836
2471    -14344.672852
2472    -14344.712891
2473    -14344.753906
2474    -14344.794922
2475    -14344.834961
2476    -14344.875000
2477    -14344.914062
2478    -14344.955078
2479    -14344.994141
2480    -14345.033203
2481    -14345.072266
2482    -14345.111328
2483    -14345.149414
2484    -14345.187500
2485    -14345.226562
2486    -14345.265625
2487    -14345.303711
2488    -14345.340820
2489    -14345.378906
2490    -14345.416016
2491    -14345.453125
2492    -14345.490234
2493    -14345.527344
2494    -14345.564453
2495    -14345.600586
2496    -14345.636719
2497    -14345.672852
2498    -14345.708984
2499    -14345.745117
2500    -14345.781250
2501    -14345.816406
2502    -14345.852539
2503    -14345.886719
2504    -14345.921875
2505    -14345.957031
2506    -14345.992188
2507    -14346.026367
2508    -14346.060547
2509    -14346.095703
2510    -14346.128906
2511    -14346.164062
2512    -14346.197266
2513    -14346.231445
2514    -14346.264648
2515    -14346.298828
2516    -14346.332031
2517    -14346.365234
2518    -14346.398438
2519    -14346.430664
2520    -14346.462891
2521    -14346.496094
2522    -14346.528320
2523    -14346.561523
2524    -14346.592773
2525    -14346.625977
2526    -14346.657227
2527    -14346.689453
2528    -14346.720703
2529    -14346.752930
2530    -14346.783203
2531    -14346.815430
2532    -14346.845703
2533    -14346.876953
2534    -14346.908203
2535    -14346.939453
2536    -14346.969727
2537    -14347.000000
2538    -14347.030273
2539    -14347.060547
2540    -14347.090820
2541    -14347.122070
2542    -14347.151367
2543    -14347.181641
2544    -14347.205078
2545    -14347.228516
2546    -14347.250977
2547    -14347.273438
2548    -14347.296875
2549    -14347.320312
2550    -14347.342773
2551    -14347.365234
2552    -14347.387695
2553    -14347.410156
2554    -14347.433594
2555    -14347.455078
2556    -14347.477539
2557    -14347.500000
2558    -14347.521484
2559    -14347.543945
2560    -14347.566406
2561    -14347.587891
2562    -14347.609375
2563    -14347.630859
2564    -14347.653320
2565    -14347.675781
2566    -14347.697266
2567    -14347.718750
2568    -14347.739258
2569    -14347.761719
2570    -14347.783203
2571    -14347.803711
2572    -14347.825195
2573    -14347.846680
2574    -14347.867188
2575    -14347.888672
2576    -14347.910156
2577    -14347.930664
2578    -14347.952148
2579    -14347.972656
2580    -14347.993164
2581    -14348.013672
2582    -14348.036133
2583    -14348.055664
2584    -14348.076172
2585    -14348.096680
2586    -14348.117188
2587    -14348.138672
2588    -14348.159180
2589    -14348.179688
2590    -14348.199219
2591    -14348.220703
2592    -14348.240234
2593    -14348.260742
2594    -14348.281250
2595    -14348.300781
2596    -14348.320312
2597    -14348.340820
2598    -14348.361328
2599    -14348.380859
2600    -14348.402344
2601    -14348.421875
2602    -14348.441406
2603    -14348.460938
2604    -14348.480469
2605    -14348.500977
2606    -14348.521484
2607    -14348.540039
2608    -14348.560547
2609    -14348.580078
2610    -14348.599609
2611    -14348.620117
2612    -14348.638672
2613    -14348.658203
2614    -14348.678711
2615    -14348.699219
2616    -14348.717773
2617    -14348.738281
2618    -14348.756836
2619    -14348.777344
2620    -14348.796875
2621    -14348.816406
2622    -14348.835938
2623    -14348.855469
2624    -14348.875000
2625    -14348.894531
2626    -14348.912109
2627    -14348.932617
2628    -14348.951172
2629    -14348.970703
2630    -14348.990234
2631    -14349.009766
2632    -14349.029297
2633    -14349.047852
2634    -14349.067383
2635    -14349.087891
2636    -14349.105469
2637    -14349.125000
2638    -14349.144531
2639    -14349.164062
2640    -14349.183594
2641    -14349.203125
2642    -14349.222656
2643    -14349.240234
2644    -14349.257812
2645    -14349.274414
2646    -14349.290039
2647    -14349.306641
2648    -14349.323242
2649    -14349.339844
2650    -14349.356445
2651    -14349.373047
2652    -14349.388672
2653    -14349.406250
2654    -14349.422852
2655    -14349.439453
2656    -14349.456055
2657    -14349.472656
2658    -14349.490234
2659    -14349.506836
2660    -14349.523438
2661    -14349.540039
2662    -14349.556641
2663    -14349.573242
2664    -14349.589844
2665    -14349.607422
2666    -14349.625000
2667    -14349.642578
2668    -14349.659180
2669    -14349.676758
2670    -14349.693359
2671    -14349.710938
2672    -14349.728516
2673    -14349.745117
2674    -14349.763672
2675    -14349.781250
2676    -14349.798828
2677    -14349.815430
2678    -14349.833008
2679    -14349.851562
2680    -14349.869141
2681    -14349.886719
2682    -14349.904297
2683    -14349.922852
2684    -14349.940430
2685    -14349.958984
2686    -14349.976562
2687    -14349.995117
2688    -14350.012695
2689    -14350.031250
2690    -14350.049805
2691    -14350.068359
2692    -14350.085938
2693    -14350.104492
2694    -14350.123047
2695    -14350.142578
2696    -14350.160156
2697    -14350.179688
2698    -14350.199219
2699    -14350.218750
2700    -14350.237305
2701    -14350.255859
2702    -14350.275391
2703    -14350.294922
2704    -14350.314453
2705    -14350.333984
2706    -14350.353516
2707    -14350.373047
2708    -14350.392578
2709    -14350.412109
2710    -14350.432617
2711    -14350.452148
2712    -14350.471680
2713    -14350.492188
2714    -14350.512695
2715    -14350.533203
2716    -14350.553711
2717    -14350.573242
2718    -14350.593750
2719    -14350.615234
2720    -14350.634766
2721    -14350.656250
2722    -14350.676758
2723    -14350.698242
2724    -14350.719727
2725    -14350.741211
2726    -14350.761719
2727    -14350.783203
2728    -14350.805664
2729    -14350.827148
2730    -14350.848633
2731    -14350.869141
2732    -14350.892578
2733    -14350.914062
2734    -14350.936523
2735    -14350.958984
2736    -14350.980469
2737    -14351.003906
2738    -14351.026367
2739    -14351.049805
2740    -14351.072266
2741    -14351.094727
2742    -14351.117188
2743    -14351.140625
2744    -14351.164062
2745    -14351.187500
2746    -14351.210938
2747    -14351.234375
2748    -14351.257812
2749    -14351.281250
2750    -14351.304688
2751    -14351.329102
2752    -14351.353516
2753    -14351.378906
2754    -14351.402344
2755    -14351.426758
2756    -14351.451172
2757    -14351.476562
2758    -14351.501953
2759    -14351.525391
2760    -14351.550781
2761    -14351.576172
2762    -14351.601562
2763    -14351.626953
2764    -14351.652344
2765    -14351.677734
2766    -14351.703125
2767    -14351.728516
2768    -14351.753906
2769    -14351.779297
2770    -14351.806641
2771    -14351.832031
2772    -14351.857422
2773    -14351.883789
2774    -14351.910156
2775    -14351.936523
2776    -14351.962891
2777    -14351.989258
2778    -14352.016602
2779    -14352.042969
2780    -14352.069336
2781    -14352.097656
2782    -14352.125000
2783    -14352.151367
2784    -14352.179688
2785    -14352.207031
2786    -14352.234375
2787    -14352.261719
2788    -14352.289062
2789    -14352.318359
2790    -14352.345703
2791    -14352.373047
2792    -14352.401367
2793    -14352.429688
2794    -14352.458984
2795    -14352.487305
2796    -14352.515625
2797    -14352.544922
2798    -14352.573242
2799    -14352.602539
2800    -14352.630859
2801    -14352.660156
2802    -14352.690430
2803    -14352.718750
2804    -14352.748047
2805    -14352.778320
2806    -14352.808594
2807    -14352.837891
2808    -14352.867188
2809    -14352.898438
2810    -14352.927734
2811    -14352.958984
2812    -14352.989258
2813    -14353.019531
2814    -14353.050781
2815    -14353.081055
2816    -14353.112305
2817    -14353.142578
2818    -14353.173828
2819    -14353.204102
2820    -14353.236328
2821    -14353.267578
2822    -14353.298828
2823    -14353.330078
2824    -14353.361328
2825    -14353.393555
2826    -14353.424805
2827    -14353.457031
2828    -14353.488281
2829    -14353.520508
2830    -14353.553711
2831    -14353.585938
2832    -14353.617188
2833    -14353.650391
2834    -14353.682617
2835    -14353.714844
2836    -14353.748047
2837    -14353.781250
2838    -14353.814453
2839    -14353.847656
2840    -14353.879883
2841    -14353.914062
2842    -14353.948242
2843    -14353.980469
2844    -14354.014648
2845    -14354.048828
2846    -14354.083008
2847    -14354.117188
2848    -14354.150391
2849    -14354.184570
2850    -14354.219727
2851    -14354.253906
2852    -14354.289062
2853    -14354.323242
2854    -14354.357422
2855    -14354.392578
2856    -14354.428711
2857    -14354.462891
2858    -14354.498047
2859    -14354.534180
2860    -14354.570312
2861    -14354.605469
2862    -14354.641602
2863    -14354.677734
2864    -14354.713867
2865    -14354.750977
2866    -14354.787109
2867    -14354.823242
2868    -14354.860352
2869    -14354.896484
2870    -14354.934570
2871    -14354.972656
2872    -14355.009766
2873    -14355.046875
2874    -14355.084961
2875    -14355.123047
2876    -14355.162109
2877    -14355.199219
2878    -14355.238281
2879    -14355.276367
2880    -14355.315430
2881    -14355.354492
2882    -14355.394531
2883    -14355.434570
2884    -14355.473633
2885    -14355.513672
2886    -14355.553711
2887    -14355.595703
2888    -14355.634766
2889    -14355.675781
2890    -14355.717773
2891    -14355.758789
2892    -14355.800781
2893    -14355.841797
2894    -14355.884766
2895    -14355.927734
2896    -14355.970703
2897    -14356.013672
2898    -14356.056641
2899    -14356.099609
2900    -14356.143555
2901    -14356.187500
2902    -14356.232422
2903    -14356.277344
2904    -14356.322266
2905    -14356.368164
2906    -14356.414062
2907    -14356.459961
2908    -14356.506836
2909    -14356.552734
2910    -14356.599609
2911    -14356.647461
2912    -14356.695312
2913    -14356.743164
2914    -14356.792969
2915    -14356.841797
2916    -14356.890625
2917    -14356.941406
2918    -14356.991211
2919    -14357.041016
2920    -14357.092773
2921    -14357.144531
2922    -14357.195312
2923    -14357.248047
2924    -14357.301758
2925    -14357.355469
2926    -14357.408203
2927    -14357.462891
2928    -14357.517578
2929    -14357.572266
2930    -14357.627930
2931    -14357.685547
2932    -14357.740234
2933    -14357.798828
2934    -14357.856445
2935    -14357.915039
2936    -14357.973633
2937    -14358.033203
2938    -14358.092773
2939    -14358.153320
2940    -14358.212891
2941    -14358.275391
2942    -14358.337891
2943    -14358.400391
2944    -14358.462891
2945    -14358.527344
2946    -14358.591797
2947    -14358.656250
2948    -14358.722656
2949    -14358.788086
2950    -14358.854492
2951    -14358.921875
2952    -14358.989258
2953    -14359.058594
2954    -14359.126953
2955    -14359.195312
2956    -14359.265625
2957    -14359.335938
2958    -14359.406250
2959    -14359.478516
2960    -14359.550781
2961    -14359.625000
2962    -14359.698242
2963    -14359.772461
2964    -14359.847656
2965    -14359.922852
2966    -14359.998047
2967    -14360.075195
2968    -14360.152344
2969    -14360.231445
2970    -14360.308594
2971    -14360.387695
2972    -14360.468750
2973    -14360.548828
2974    -14360.628906
2975    -14360.709961
2976    -14360.791992
2977    -14360.874023
2978    -14360.957031
2979    -14361.041016
2980    -14361.125000
2981    -14361.208984
2982    -14361.294922
2983    -14361.379883
2984    -14361.465820
2985    -14361.552734
2986    -14361.639648
2987    -14361.726562
2988    -14361.814453
2989    -14361.902344
2990    -14361.990234
2991    -14362.078125
2992    -14362.165039
2993    -14362.253906
2994    -14362.342773
2995    -14362.431641
2996    -14362.520508
2997    -14362.610352
2998    -14362.699219
2999    -14362.789062
3000    -14362.880859
3001    -14362.970703
3002    -14363.061523
3003    -14363.152344
3004    -14363.244141
3005    -14363.334961
3006    -14363.426758
3007    -14363.517578
3008    -14363.609375
3009    -14363.701172
3010    -14363.792969
3011    -14363.884766
3012    -14363.976562
3013    -14364.068359
3014    -14364.160156
3015    -14364.252930
3016    -14364.343750
3017    -14364.435547
3018    -14364.527344
3019    -14364.618164
3020    -14364.709961
3021    -14364.800781
3022    -14364.892578
3023    -14364.984375
3024    -14365.074219
3025    -14365.165039
3026    -14365.255859
3027    -14365.345703
3028    -14365.435547
3029    -14365.525391
3030    -14365.615234
3031    -14365.705078
3032    -14365.793945
3033    -14365.882812
3034    -14365.970703
3035    -14366.058594
3036    -14366.146484
3037    -14366.234375
3038    -14366.320312
3039    -14366.406250
3040    -14366.492188
3041    -14366.577148
3042    -14366.663086
3043    -14366.748047
3044    -14366.831055
3045    -14366.915039
3046    -14366.998047
3047    -14367.081055
3048    -14367.164062
3049    -14367.246094
3050    -14367.327148
3051    -14367.408203
3052    -14367.488281
3053    -14367.568359
3054    -14367.648438
3055    -14367.728516
3056    -14367.806641
3057    -14367.884766
3058    -14367.962891
3059    -14368.040039
3060    -14368.117188
3061    -14368.192383
3062    -14368.267578
3063    -14368.337891
3064    -14368.406250
3065    -14368.476562
3066    -14368.544922
3067    -14368.613281
3068    -14368.681641
3069    -14368.748047
3070    -14368.814453
3071    -14368.880859
3072    -14368.946289
3073    -14369.013672
3074    -14369.077148
3075    -14369.142578
3076    -14369.206055
3077    -14369.269531
3078    -14369.332031
3079    -14369.395508
3080    -14369.457031
3081    -14369.519531
3082    -14369.580078
3083    -14369.641602
3084    -14369.701172
3085    -14369.761719
3086    -14369.821289
3087    -14369.880859
3088    -14369.939453
3089    -14369.998047
3090    -14370.055664
3091    -14370.113281
3092    -14370.169922
3093    -14370.227539
3094    -14370.283203
3095    -14370.339844
3096    -14370.394531
3097    -14370.449219
3098    -14370.503906
3099    -14370.558594
3100    -14370.612305
3101    -14370.666016
3102    -14370.718750
3103    -14370.771484
3104    -14370.825195
3105    -14370.876953
3106    -14370.928711
3107    -14370.980469
3108    -14371.031250
3109    -14371.082031
3110    -14371.132812
3111    -14371.182617
3112    -14371.232422
3113    -14371.281250
3114    -14371.330078
3115    -14371.378906
3116    -14371.427734
3117    -14371.475586
3118    -14371.523438
3119    -14371.570312
3120    -14371.618164
3121    -14371.665039
3122    -14371.711914
3123    -14371.757812
3124    -14371.804688
3125    -14371.849609
3126    -14371.894531
3127    -14371.940430
3128    -14371.985352
3129    -14372.029297
3130    -14372.074219
3131    -14372.119141
3132    -14372.162109
3133    -14372.207031
3134    -14372.250000
3135    -14372.292969
3136    -14372.335938
3137    -14372.378906
3138    -14372.420898
3139    -14372.462891
3140    -14372.505859
3141    -14372.546875
3142    -14372.587891
3143    -14372.629883
3144    -14372.671875
3145    -14372.711914
3146    -14372.751953
3147    -14372.792969
3148    -14372.833008
3149    -14372.874023
3150    -14372.913086
3151    -14372.951172
3152    -14372.991211
3153    -14373.029297
3154    -14373.068359
3155    -14373.106445
3156    -14373.144531
3157    -14373.183594
3158    -14373.220703
3159    -14373.257812
3160    -14373.295898
3161    -14373.333008
3162    -14373.371094
3163    -14373.407227
3164    -14373.445312
3165    -14373.480469
3166    -14373.517578
3167    -14373.554688
3168    -14373.590820
3169    -14373.626953
3170    -14373.662109
3171    -14373.699219
3172    -14373.734375
3173    -14373.769531
3174    -14373.805664
3175    -14373.841797
3176    -14373.875000
3177    -14373.911133
3178    -14373.946289
3179    -14373.981445
3180    -14374.015625
3181    -14374.050781
3182    -14374.085938
3183    -14374.119141
3184    -14374.154297
3185    -14374.187500
3186    -14374.222656
3187    -14374.255859
3188    -14374.290039
3189    -14374.323242
3190    -14374.357422
3191    -14374.390625
3192    -14374.423828
3193    -14374.457031
3194    -14374.491211
3195    -14374.523438
3196    -14374.556641
3197    -14374.589844
3198    -14374.623047
3199    -14374.656250
3200    -14374.689453
3201    -14374.720703
3202    -14374.753906
3203    -14374.783203
3204    -14374.807617
3205    -14374.832031
3206    -14374.857422
3207    -14374.880859
3208    -14374.906250
3209    -14374.930664
3210    -14374.955078
3211    -14374.979492
3212    -14375.003906
3213    -14375.028320
3214    -14375.052734
3215    -14375.077148
3216    -14375.101562
3217    -14375.120117
3218    -14375.138672
3219    -14375.157227
3220    -14375.175781
3221    -14375.194336
3222    -14375.212891
3223    -14375.232422
3224    -14375.250977
3225    -14375.269531
3226    -14375.288086
3227    -14375.306641
3228    -14375.326172
3229    -14375.345703
3230    -14375.363281
3231    -14375.382812
3232    -14375.402344
3233    -14375.420898
3234    -14375.440430
3235    -14375.458984
3236    -14375.478516
3237    -14375.498047
3238    -14375.517578
3239    -14375.536133
3240    -14375.554688
3241    -14375.574219
3242    -14375.593750
3243    -14375.613281
3244    -14375.631836
3245    -14375.651367
3246    -14375.670898
3247    -14375.690430
3248    -14375.709961
3249    -14375.729492
3250    -14375.749023
3251    -14375.768555
3252    -14375.788086
3253    -14375.807617
3254    -14375.827148
3255    -14375.847656
3256    -14375.867188
3257    -14375.886719
3258    -14375.906250
3259    -14375.925781
3260    -14375.945312
3261    -14375.964844
3262    -14375.984375
3263    -14376.004883
3264    -14376.025391
3265    -14376.043945
3266    -14376.064453
3267    -14376.083984
3268    -14376.103516
3269    -14376.123047
3270    -14376.143555
3271    -14376.163086
3272    -14376.183594
3273    -14376.203125
3274    -14376.223633
3275    -14376.244141
3276    -14376.263672
3277    -14376.283203
3278    -14376.303711
3279    -14376.324219
3280    -14376.343750
3281    -14376.364258
3282    -14376.383789
3283    -14376.404297
3284    -14376.423828
3285    -14376.444336
3286    -14376.464844
3287    -14376.484375
3288    -14376.504883
3289    -14376.525391
3290    -14376.544922
3291    -14376.566406
3292    -14376.585938
3293    -14376.605469
3294    -14376.626953
3295    -14376.646484
3296    -14376.666016
3297    -14376.686523
3298    -14376.707031
3299    -14376.726562
3300    -14376.748047
3301    -14376.767578
3302    -14376.789062
3303    -14376.807617
3304    -14376.828125
3305    -14376.848633
3306    -14376.869141
3307    -14376.888672
3308    -14376.909180
3309    -14376.929688
3310    -14376.949219
3311    -14376.969727
3312    -14376.990234
3313    -14377.010742
3314    -14377.030273
3315    -14377.050781
3316    -14377.071289
3317    -14377.091797
3318    -14377.111328
3319    -14377.131836
3320    -14377.151367
3321    -14377.171875
3322    -14377.193359
3323    -14377.212891
3324    -14377.232422
3325    -14377.253906
3326    -14377.273438
3327    -14377.292969
3328    -14377.313477
3329    -14377.333984
3330    -14377.353516
3331    -14377.374023
3332    -14377.394531
3333    -14377.414062
3334    -14377.432617
3335    -14377.452148
3336    -14377.470703
3337    -14377.490234
3338    -14377.508789
3339    -14377.528320
3340    -14377.547852
3341    -14377.566406
3342    -14377.585938
3343    -14377.604492
3344    -14377.623047
3345    -14377.642578
3346    -14377.662109
3347    -14377.681641
3348    -14377.699219
3349    -14377.718750
3350    -14377.738281
3351    -14377.755859
3352    -14377.775391
3353    -14377.794922
3354    -14377.814453
3355    -14377.832031
3356    -14377.851562
3357    -14377.871094
3358    -14377.888672
3359    -14377.908203
3360    -14377.926758
3361    -14377.945312
3362    -14377.964844
3363    -14377.982422
3364    -14378.001953
3365    -14378.020508
3366    -14378.040039
3367    -14378.057617
3368    -14378.076172
3369    -14378.095703
3370    -14378.115234
3371    -14378.132812
3372    -14378.152344
3373    -14378.170898
3374    -14378.189453
3375    -14378.208008
3376    -14378.226562
3377    -14378.245117
3378    -14378.263672
3379    -14378.282227
3380    -14378.300781
3381    -14378.318359
3382    -14378.337891
3383    -14378.356445
3384    -14378.375000
3385    -14378.392578
3386    -14378.412109
3387    -14378.430664
3388    -14378.449219
3389    -14378.466797
3390    -14378.486328
3391    -14378.503906
3392    -14378.522461
3393    -14378.541016
3394    -14378.558594
3395    -14378.578125
3396    -14378.596680
3397    -14378.615234
3398    -14378.632812
3399    -14378.651367
3400    -14378.669922
3401    -14378.687500
3402    -14378.707031
3403    -14378.724609
3404    -14378.743164
3405    -14378.761719
3406    -14378.779297
3407    -14378.797852
3408    -14378.816406
3409    -14378.833984
3410    -14378.853516
3411    -14378.871094
3412    -14378.889648
3413    -14378.908203
3414    -14378.925781
3415    -14378.945312
3416    -14378.962891
3417    -14378.980469
3418    -14378.999023
3419    -14379.017578
3420    -14379.035156
3421    -14379.053711
3422    -14379.072266
3423    -14379.090820
3424    -14379.109375
3425    -14379.126953
3426    -14379.145508
3427    -14379.164062
3428    -14379.181641
3429    -14379.200195
3430    -14379.218750
3431    -14379.237305
3432    -14379.255859
3433    -14379.273438
3434    -14379.291992
3435    -14379.310547
3436    -14379.328125
3437    -14379.347656
3438    -14379.365234
3439    -14379.383789
3440    -14379.401367
3441    -14379.419922
3442    -14379.439453
3443    -14379.457031
3444    -14379.474609
3445    -14379.494141
3446    -14379.511719
3447    -14379.531250
3448    -14379.548828
3449    -14379.566406
3450    -14379.585938
3451    -14379.603516
3452    -14379.623047
3453    -14379.640625
3454    -14379.659180
3455    -14379.677734
3456    -14379.696289
3457    -14379.714844
3458    -14379.733398
3459    -14379.751953
3460    -14379.769531
3461    -14379.789062
3462    -14379.807617
3463    -14379.826172
3464    -14379.843750
3465    -14379.863281
3466    -14379.880859
3467    -14379.900391
3468    -14379.918945
3469    -14379.937500
3470    -14379.956055
3471    -14379.974609
3472    -14379.994141
3473    -14380.011719
3474    -14380.031250
3475    -14380.048828
3476    -14380.068359
3477    -14380.085938
3478    -14380.105469
3479    -14380.124023
3480    -14380.142578
3481    -14380.160156
3482    -14380.179688
3483    -14380.197266
3484    -14380.216797
3485    -14380.235352
3486    -14380.254883
3487    -14380.273438
3488    -14380.291992
3489    -14380.310547
3490    -14380.330078
3491    -14380.348633
3492    -14380.367188
3493    -14380.385742
3494    -14380.404297
3495    -14380.423828
3496    -14380.443359
3497    -14380.460938
3498    -14380.480469
3499    -14380.500000
3500    -14380.518555
3501    -14380.537109
3502    -14380.556641
3503    -14380.576172
3504    -14380.595703
3505    -14380.614258
3506    -14380.632812
3507    -14380.652344
3508    -14380.671875
3509    -14380.691406
3510    -14380.710938
3511    -14380.730469
3512    -14380.750000
3513    -14380.768555
3514    -14380.787109
3515    -14380.807617
3516    -14380.826172
3517    -14380.845703
3518    -14380.865234
3519    -14380.884766
3520    -14380.904297
3521    -14380.923828
3522    -14380.943359
3523    -14380.963867
3524    -14380.983398
3525    -14381.003906
3526    -14381.023438
3527    -14381.041992
3528    -14381.062500
3529    -14381.082031
3530    -14381.101562
3531    -14381.121094
3532    -14381.142578
3533    -14381.162109
3534    -14381.181641
3535    -14381.201172
3536    -14381.222656
3537    -14381.241211
3538    -14381.261719
3539    -14381.281250
3540    -14381.301758
3541    -14381.322266
3542    -14381.341797
3543    -14381.362305
3544    -14381.382812
3545    -14381.402344
3546    -14381.423828
3547    -14381.443359
3548    -14381.463867
3549    -14381.484375
3550    -14381.503906
3551    -14381.525391
3552    -14381.544922
3553    -14381.566406
3554    -14381.586914
3555    -14381.607422
3556    -14381.628906
3557    -14381.648438
3558    -14381.669922
3559    -14381.691406
3560    -14381.710938
3561    -14381.731445
3562    -14381.751953
3563    -14381.773438
3564    -14381.793945
3565    -14381.815430
3566    -14381.835938
3567    -14381.857422
3568    -14381.877930
3569    -14381.898438
3570    -14381.919922
3571    -14381.941406
3572    -14381.962891
3573    -14381.984375
3574    -14382.005859
3575    -14382.026367
3576    -14382.046875
3577    -14382.068359
3578    -14382.089844
3579    -14382.110352
3580    -14382.131836
3581    -14382.154297
3582    -14382.174805
3583    -14382.196289
3584    -14382.217773
3585    -14382.240234
3586    -14382.261719
3587    -14382.283203
3588    -14382.304688
3589    -14382.326172
3590    -14382.347656
3591    -14382.369141
3592    -14382.391602
3593    -14382.413086
3594    -14382.435547
3595    -14382.457031
3596    -14382.478516
3597    -14382.500977
3598    -14382.523438
3599    -14382.544922
3600    -14382.566406
3601    -14382.588867
3602    -14382.611328
3603    -14382.632812
3604    -14382.654297
3605    -14382.677734
3606    -14382.699219
3607    -14382.720703
3608    -14382.744141
3609    -14382.765625
3610    -14382.788086
3611    -14382.810547
3612    -14382.832031
3613    -14382.854492
3614    -14382.877930
3615    -14382.899414
3616    -14382.921875
3617    -14382.944336
3618    -14382.966797
3619    -14382.986328
3620    -14383.005859
3621    -14383.027344
3622    -14383.046875
3623    -14383.066406
3624    -14383.087891
3625    -14383.107422
3626    -14383.127930
3627    -14383.148438
3628    -14383.167969
3629    -14383.188477
3630    -14383.209961
3631    -14383.229492
3632    -14383.250000
3633    -14383.270508
3634    -14383.291016
3635    -14383.311523
3636    -14383.331055
3637    -14383.352539
3638    -14383.372070
3639    -14383.393555
3640    -14383.413086
3641    -14383.434570
3642    -14383.455078
3643    -14383.474609
3644    -14383.496094
3645    -14383.515625
3646    -14383.537109
3647    -14383.556641
3648    -14383.577148
3649    -14383.597656
3650    -14383.618164
3651    -14383.638672
3652    -14383.659180
3653    -14383.681641
3654    -14383.699219
3655    -14383.716797
3656    -14383.734375
3657    -14383.751953
3658    -14383.769531
3659    -14383.787109
3660    -14383.804688
3661    -14383.822266
3662    -14383.839844
3663    -14383.857422
3664    -14383.875000
3665    -14383.892578
3666    -14383.910156
3667    -14383.926758
3668    -14383.945312
3669    -14383.962891
3670    -14383.980469
3671    -14383.998047
3672    -14384.015625
3673    -14384.032227
3674    -14384.050781
3675    -14384.067383
3676    -14384.084961
3677    -14384.102539
3678    -14384.121094
3679    -14384.137695
3680    -14384.154297
3681    -14384.173828
3682    -14384.189453
3683    -14384.208008
3684    -14384.224609
3685    -14384.242188
3686    -14384.259766
3687    -14384.277344
3688    -14384.294922
3689    -14384.312500
3690    -14384.330078
3691    -14384.347656
3692    -14384.364258
3693    -14384.381836
3694    -14384.398438
3695    -14384.416016
3696    -14384.433594
3697    -14384.451172
3698    -14384.468750
3699    -14384.484375
3700    -14384.503906
3701    -14384.519531
3702    -14384.538086
3703    -14384.554688
3704    -14384.572266
3705    -14384.588867
3706    -14384.607422
3707    -14384.624023
3708    -14384.641602
3709    -14384.658203
3710    -14384.675781
3711    -14384.693359
3712    -14384.708984
3713    -14384.726562
3714    -14384.744141
3715    -14384.761719
3716    -14384.778320
3717    -14384.794922
3718    -14384.812500
3719    -14384.830078
3720    -14384.846680
3721    -14384.863281
3722    -14384.880859
3723    -14384.897461
3724    -14384.914062
3725    -14384.931641
3726    -14384.949219
3727    -14384.964844
3728    -14384.982422
3729    -14385.000000
3730    -14385.016602
3731    -14385.033203
3732    -14385.048828
3733    -14385.066406
3734    -14385.083984
3735    -14385.099609
3736    -14385.117188
3737    -14385.133789
3738    -14385.150391
3739    -14385.166992
3740    -14385.184570
3741    -14385.201172
3742    -14385.217773
3743    -14385.233398
3744    -14385.250977
3745    -14385.266602
3746    -14385.285156
3747    -14385.300781
3748    -14385.317383
3749    -14385.333984
3750    -14385.349609
3751    -14385.366211
3752    -14385.382812
3753    -14385.399414
3754    -14385.416016
3755    -14385.431641
3756    -14385.449219
3757    -14385.464844
3758    -14385.481445
3759    -14385.497070
3760    -14385.513672
3761    -14385.530273
3762    -14385.545898
3763    -14385.562500
3764    -14385.578125
3765    -14385.595703
3766    -14385.611328
3767    -14385.626953
3768    -14385.642578
3769    -14385.659180
3770    -14385.675781
3771    -14385.690430
3772    -14385.708008
3773    -14385.722656
3774    -14385.739258
3775    -14385.755859
3776    -14385.771484
3777    -14385.787109
3778    -14385.802734
3779    -14385.818359
3780    -14385.834961
3781    -14385.851562
3782    -14385.867188
3783    -14385.881836
3784    -14385.898438
3785    -14385.914062
3786    -14385.929688
3787    -14385.945312
3788    -14385.960938
3789    -14385.977539
3790    -14385.992188
3791    -14386.008789
3792    -14386.023438
3793    -14386.040039
3794    -14386.054688
3795    -14386.071289
3796    -14386.085938
3797    -14386.101562
3798    -14386.117188
3799    -14386.132812
3800    -14386.148438
3801    -14386.164062
3802    -14386.179688
3803    -14386.195312
3804    -14386.210938
3805    -14386.226562
3806    -14386.242188
3807    -14386.257812
3808    -14386.272461
3809    -14386.289062
3810    -14386.303711
3811    -14386.318359
3812    -14386.333984
3813    -14386.349609
3814    -14386.365234
3815    -14386.380859
3816    -14386.396484
3817    -14386.412109
3818    -14386.426758
3819    -14386.441406
3820    -14386.457031
3821    -14386.472656
3822    -14386.487305
3823    -14386.502930
3824    -14386.517578
3825    -14386.533203
3826    -14386.548828
3827    -14386.564453
3828    -14386.579102
3829    -14386.594727
3830    -14386.609375
3831    -14386.625000
3832    -14386.640625
3833    -14386.655273
3834    -14386.669922
3835    -14386.685547
3836    -14386.700195
3837    -14386.715820
3838    -14386.731445
3839    -14386.747070
3840    -14386.761719
3841    -14386.777344
3842    -14386.791016
3843    -14386.806641
3844    -14386.822266
3845    -14386.837891
3846    -14386.852539
3847    -14386.867188
3848    -14386.882812
3849    -14386.898438
3850    -14386.914062
3851    -14386.928711
3852    -14386.943359
3853    -14386.958984
3854    -14386.974609
3855    -14386.989258
3856    -14387.003906
3857    -14387.019531
3858    -14387.035156
3859    -14387.050781
3860    -14387.064453
3861    -14387.081055
3862    -14387.095703
3863    -14387.111328
3864    -14387.125977
3865    -14387.142578
3866    -14387.157227
3867    -14387.171875
3868    -14387.187500
3869    -14387.203125
3870    -14387.217773
3871    -14387.233398
3872    -14387.248047
3873    -14387.263672
3874    -14387.279297
3875    -14387.293945
3876    -14387.309570
3877    -14387.324219
3878    -14387.339844
3879    -14387.355469
3880    -14387.371094
3881    -14387.386719
3882    -14387.402344
3883    -14387.417969
3884    -14387.432617
3885    -14387.447266
3886    -14387.463867
3887    -14387.479492
3888    -14387.495117
3889    -14387.509766
3890    -14387.525391
3891    -14387.541016
3892    -14387.556641
3893    -14387.573242
3894    -14387.588867
3895    -14387.604492
3896    -14387.619141
3897    -14387.635742
3898    -14387.652344
3899    -14387.666992
3900    -14387.683594
3901    -14387.699219
3902    -14387.714844
3903    -14387.730469
3904    -14387.746094
3905    -14387.761719
3906    -14387.778320
3907    -14387.794922
3908    -14387.810547
3909    -14387.827148
3910    -14387.843750
3911    -14387.858398
3912    -14387.875000
3913    -14387.892578
3914    -14387.908203
3915    -14387.923828
3916    -14387.941406
3917    -14387.957031
3918    -14387.973633
3919    -14387.990234
3920    -14388.005859
3921    -14388.022461
3922    -14388.039062
3923    -14388.056641
3924    -14388.072266
3925    -14388.088867
3926    -14388.105469
3927    -14388.123047
3928    -14388.139648
3929    -14388.156250
3930    -14388.172852
3931    -14388.190430
3932    -14388.207031
3933    -14388.222656
3934    -14388.240234
3935    -14388.257812
3936    -14388.273438
3937    -14388.291016
3938    -14388.307617
3939    -14388.325195
3940    -14388.342773
3941    -14388.359375
3942    -14388.376953
3943    -14388.393555
3944    -14388.411133
3945    -14388.427734
3946    -14388.445312
3947    -14388.462891
3948    -14388.480469
3949    -14388.498047
3950    -14388.515625
3951    -14388.533203
3952    -14388.550781
3953    -14388.568359
3954    -14388.585938
3955    -14388.604492
3956    -14388.623047
3957    -14388.640625
3958    -14388.659180
3959    -14388.677734
3960    -14388.695312
3961    -14388.712891
3962    -14388.732422
3963    -14388.750000
3964    -14388.768555
3965    -14388.788086
3966    -14388.806641
3967    -14388.824219
3968    -14388.843750
3969    -14388.862305
3970    -14388.881836
3971    -14388.900391
3972    -14388.919922
3973    -14388.938477
3974    -14388.958008
3975    -14388.977539
3976    -14388.998047
3977    -14389.015625
3978    -14389.035156
3979    -14389.055664
3980    -14389.075195
3981    -14389.094727
3982    -14389.115234
3983    -14389.134766
3984    -14389.154297
3985    -14389.175781
3986    -14389.195312
3987    -14389.214844
3988    -14389.235352
3989    -14389.255859
3990    -14389.276367
3991    -14389.296875
3992    -14389.318359
3993    -14389.338867
3994    -14389.359375
3995    -14389.380859
3996    -14389.402344
3997    -14389.421875
3998    -14389.444336
3999    -14389.465820
4000    -14389.486328
4001    -14389.507812
4002    -14389.530273
4003    -14389.550781
4004    -14389.573242
4005    -14389.595703
4006    -14389.617188
4007    -14389.638672
4008    -14389.661133
4009    -14389.684570
4010    -14389.707031
4011    -14389.729492
4012    -14389.751953
4013    -14389.775391
4014    -14389.796875
4015    -14389.820312
4016    -14389.842773
4017    -14389.866211
4018    -14389.889648
4019    -14389.913086
4020    -14389.937500
4021    -14389.960938
4022    -14389.984375
4023    -14390.007812
4024    -14390.033203
4025    -14390.056641
4026    -14390.080078
4027    -14390.105469
4028    -14390.129883
4029    -14390.154297
4030    -14390.179688
4031    -14390.204102
4032    -14390.228516
4033    -14390.253906
4034    -14390.279297
4035    -14390.304688
4036    -14390.330078
4037    -14390.356445
4038    -14390.381836
4039    -14390.408203
4040    -14390.433594
4041    -14390.460938
4042    -14390.486328
4043    -14390.513672
4044    -14390.539062
4045    -14390.566406
4046    -14390.593750
4047    -14390.621094
4048    -14390.647461
4049    -14390.675781
4050    -14390.703125
4051    -14390.730469
4052    -14390.757812
4053    -14390.786133
4054    -14390.814453
4055    -14390.842773
4056    -14390.871094
4057    -14390.899414
4058    -14390.928711
4059    -14390.958008
4060    -14390.987305
4061    -14391.015625
4062    -14391.045898
4063    -14391.075195
4064    -14391.105469
4065    -14391.135742
4066    -14391.166016
4067    -14391.196289
4068    -14391.226562
4069    -14391.257812
4070    -14391.288086
4071    -14391.318359
4072    -14391.350586
4073    -14391.381836
4074    -14391.414062
4075    -14391.445312
4076    -14391.476562
4077    -14391.509766
4078    -14391.541016
4079    -14391.574219
4080    -14391.605469
4081    -14391.638672
4082    -14391.671875
4083    -14391.706055
4084    -14391.738281
4085    -14391.772461
4086    -14391.806641
4087    -14391.840820
4088    -14391.875000
4089    -14391.910156
4090    -14391.945312
4091    -14391.980469
4092    -14392.015625
4093    -14392.050781
4094    -14392.085938
4095    -14392.122070
4096    -14392.158203
4097    -14392.194336
4098    -14392.231445
4099    -14392.267578
4100    -14392.304688
4101    -14392.341797
4102    -14392.379883
4103    -14392.417969
4104    -14392.455078
4105    -14392.493164
4106    -14392.533203
4107    -14392.570312
4108    -14392.610352
4109    -14392.648438
4110    -14392.687500
4111    -14392.728516
4112    -14392.767578
4113    -14392.808594
4114    -14392.848633
4115    -14392.888672
4116    -14392.929688
4117    -14392.970703
4118    -14393.011719
4119    -14393.053711
4120    -14393.095703
4121    -14393.137695
4122    -14393.179688
4123    -14393.221680
4124    -14393.264648
4125    -14393.306641
4126    -14393.349609
4127    -14393.392578
4128    -14393.437500
4129    -14393.480469
4130    -14393.524414
4131    -14393.568359
4132    -14393.612305
4133    -14393.656250
4134    -14393.701172
4135    -14393.746094
4136    -14393.791016
4137    -14393.836914
4138    -14393.881836
4139    -14393.927734
4140    -14393.972656
4141    -14394.019531
4142    -14394.065430
4143    -14394.110352
4144    -14394.158203
4145    -14394.203125
4146    -14394.250000
4147    -14394.297852
4148    -14394.343750
4149    -14394.390625
4150    -14394.438477
4151    -14394.484375
4152    -14394.532227
4153    -14394.580078
4154    -14394.626953
4155    -14394.674805
4156    -14394.721680
4157    -14394.769531
4158    -14394.817383
4159    -14394.864258
4160    -14394.912109
4161    -14394.959961
4162    -14395.007812
4163    -14395.056641
4164    -14395.103516
4165    -14395.152344
4166    -14395.200195
4167    -14395.248047
4168    -14395.294922
4169    -14395.343750
4170    -14395.391602
4171    -14395.439453
4172    -14395.486328
4173    -14395.533203
4174    -14395.582031
4175    -14395.628906
4176    -14395.676758
4177    -14395.723633
4178    -14395.771484
4179    -14395.818359
4180    -14395.865234
4181    -14395.913086
4182    -14395.958984
4183    -14396.005859
4184    -14396.052734
4185    -14396.099609
4186    -14396.145508
4187    -14396.192383
4188    -14396.238281
4189    -14396.285156
4190    -14396.330078
4191    -14396.375977
4192    -14396.421875
4193    -14396.466797
4194    -14396.512695
4195    -14396.557617
4196    -14396.602539
4197    -14396.647461
4198    -14396.691406
4199    -14396.736328
4200    -14396.780273
4201    -14396.824219
4202    -14396.867188
4203    -14396.912109
4204    -14396.955078
4205    -14396.998047
4206    -14397.041016
4207    -14397.083984
4208    -14397.126953
4209    -14397.167969
4210    -14397.210938
4211    -14397.252930
4212    -14397.294922
4213    -14397.335938
4214    -14397.376953
4215    -14397.417969
4216    -14397.458984
4217    -14397.500000
4218    -14397.540039
4219    -14397.580078
4220    -14397.620117
4221    -14397.660156
4222    -14397.699219
4223    -14397.738281
4224    -14397.777344
4225    -14397.816406
4226    -14397.854492
4227    -14397.892578
4228    -14397.930664
4229    -14397.968750
4230    -14398.005859
4231    -14398.044922
4232    -14398.081055
4233    -14398.117188
4234    -14398.154297
4235    -14398.190430
4236    -14398.228516
4237    -14398.263672
4238    -14398.298828
4239    -14398.334961
4240    -14398.370117
4241    -14398.405273
4242    -14398.441406
4243    -14398.474609
4244    -14398.509766
4245    -14398.544922
4246    -14398.578125
4247    -14398.613281
4248    -14398.646484
4249    -14398.679688
4250    -14398.712891
4251    -14398.746094
4252    -14398.779297
4253    -14398.811523
4254    -14398.843750
4255    -14398.876953
4256    -14398.908203
4257    -14398.939453
4258    -14398.970703
4259    -14399.001953
4260    -14399.031250
4261    -14399.061523
4262    -14399.091797
4263    -14399.121094
4264    -14399.150391
4265    -14399.179688
4266    -14399.208008
4267    -14399.236328
4268    -14399.265625
4269    -14399.293945
4270    -14399.322266
4271    -14399.351562
4272    -14399.378906
4273    -14399.406250
4274    -14399.434570
4275    -14399.460938
4276    -14399.489258
4277    -14399.516602
4278    -14399.542969
4279    -14399.570312
4280    -14399.596680
4281    -14399.624023
4282    -14399.650391
4283    -14399.673828
4284    -14399.699219
4285    -14399.722656
4286    -14399.748047
4287    -14399.771484
4288    -14399.794922
4289    -14399.819336
4290    -14399.841797
4291    -14399.866211
4292    -14399.888672
4293    -14399.912109
4294    -14399.935547
4295    -14399.958008
4296    -14399.981445
4297    -14400.002930
4298    -14400.025391
4299    -14400.048828
4300    -14400.070312
4301    -14400.091797
4302    -14400.115234
4303    -14400.136719
4304    -14400.158203
4305    -14400.179688
4306    -14400.201172
4307    -14400.222656
4308    -14400.244141
4309    -14400.265625
4310    -14400.287109
4311    -14400.307617
4312    -14400.328125
4313    -14400.349609
4314    -14400.370117
4315    -14400.390625
4316    -14400.410156
4317    -14400.431641
4318    -14400.452148
4319    -14400.471680
4320    -14400.492188
4321    -14400.511719
4322    -14400.532227
4323    -14400.552734
4324    -14400.571289
4325    -14400.591797
4326    -14400.611328
4327    -14400.630859
4328    -14400.650391
4329    -14400.668945
4330    -14400.688477
4331    -14400.708984
4332    -14400.726562
4333    -14400.746094
4334    -14400.765625
4335    -14400.783203
4336    -14400.802734
4337    -14400.822266
4338    -14400.839844
4339    -14400.858398
4340    -14400.876953
4341    -14400.895508
4342    -14400.914062
4343    -14400.932617
4344    -14400.951172
4345    -14400.968750
4346    -14400.986328
4347    -14401.004883
4348    -14401.023438
4349    -14401.041016
4350    -14401.058594
4351    -14401.075195
4352    -14401.093750
4353    -14401.110352
4354    -14401.128906
4355    -14401.146484
4356    -14401.164062
4357    -14401.181641
4358    -14401.198242
4359    -14401.214844
4360    -14401.232422
4361    -14401.250000
4362    -14401.266602
4363    -14401.284180
4364    -14401.300781
4365    -14401.318359
4366    -14401.333984
4367    -14401.349609
4368    -14401.363281
4369    -14401.378906
4370    -14401.392578
4371    -14401.406250
4372    -14401.421875
4373    -14401.437500
4374    -14401.450195
4375    -14401.464844
4376    -14401.479492
4377    -14401.493164
4378    -14401.507812
4379    -14401.522461
4380    -14401.537109
4381    -14401.550781
4382    -14401.563477
4383    -14401.578125
4384    -14401.591797
4385    -14401.606445
4386    -14401.621094
4387    -14401.633789
4388    -14401.648438
4389    -14401.662109
4390    -14401.674805
4391    -14401.687500
4392    -14401.702148
4393    -14401.716797
4394    -14401.728516
4395    -14401.742188
4396    -14401.755859
4397    -14401.769531
4398    -14401.783203
4399    -14401.795898
4400    -14401.808594
4401    -14401.823242
4402    -14401.835938
4403    -14401.847656
4404    -14401.861328
4405    -14401.875000
4406    -14401.888672
4407    -14401.900391
4408    -14401.914062
4409    -14401.926758
4410    -14401.939453
4411    -14401.953125
4412    -14401.964844
4413    -14401.977539
4414    -14401.990234
4415    -14402.003906
4416    -14402.015625
4417    -14402.028320
4418    -14402.041016
4419    -14402.053711
4420    -14402.066406
4421    -14402.078125
4422    -14402.089844
4423    -14402.103516
4424    -14402.115234
4425    -14402.126953
4426    -14402.139648
4427    -14402.151367
4428    -14402.164062
4429    -14402.175781
4430    -14402.187500
4431    -14402.199219
4432    -14402.210938
4433    -14402.223633
4434    -14402.236328
4435    -14402.247070
4436    -14402.258789
4437    -14402.269531
4438    -14402.282227
4439    -14402.293945
4440    -14402.306641
4441    -14402.316406
4442    -14402.328125
4443    -14402.339844
4444    -14402.351562
4445    -14402.363281
4446    -14402.375000
4447    -14402.385742
4448    -14402.396484
4449    -14402.408203
4450    -14402.419922
4451    -14402.429688
4452    -14402.441406
4453    -14402.453125
4454    -14402.463867
4455    -14402.474609
4456    -14402.485352
4457    -14402.496094
4458    -14402.506836
4459    -14402.517578
4460    -14402.528320
