Step            Loss
--------------------
1           1.579407
2         -26.616043
3         -54.806015
4         -82.990280
5        -111.168907
6        -139.341843
7        -167.509399
8        -195.671387
9        -223.828278
10       -251.980530
11       -280.128571
12       -308.272705
13       -336.413452
14       -364.551331
15       -392.686859
16       -420.820679
17       -448.953369
18       -477.085938
19       -505.218658
20       -533.352539
21       -561.488281
22       -589.626709
23       -617.768799
24       -645.915100
25       -674.066772
26       -702.224731
27       -730.389832
28       -758.563171
29       -786.745544
30       -814.938049
31       -843.141846
32       -871.357727
33       -899.586853
34       -927.830322
35       -956.089111
36       -984.364197
37      -1012.656616
38      -1040.967529
39      -1069.298096
40      -1097.649048
41      -1126.021484
42      -1154.416504
43      -1182.835083
44      -1211.278320
45      -1239.747070
46      -1268.242432
47      -1296.765137
48      -1325.316650
49      -1353.897339
50      -1382.508301
51      -1411.150757
52      -1439.825317
53      -1468.532959
54      -1497.274536
55      -1526.050781
56      -1554.862793
57      -1583.711182
58      -1612.596436
59      -1641.520020
60      -1670.482300
61      -1699.483887
62      -1728.525879
63      -1757.608643
64      -1786.732910
65      -1815.899414
66      -1845.108887
67      -1874.361572
68      -1903.658447
69      -1933.000000
70      -1962.386719
71      -1991.819336
72      -2021.297974
73      -2050.823486
74      -2080.396240
75      -2110.016602
76      -2139.685059
77      -2169.402100
78      -2199.167969
79      -2228.983398
80      -2258.848145
81      -2288.763184
82      -2318.728516
83      -2348.744141
84      -2378.810791
85      -2408.928711
86      -2439.097656
87      -2469.318604
88      -2499.591309
89      -2529.915527
90      -2560.292236
91      -2590.721191
92      -2621.202393
93      -2651.736328
94      -2682.322754
95      -2712.961426
96      -2743.653320
97      -2774.397461
98      -2805.194824
99      -2836.044678
100     -2866.947266
101     -2897.902832
102     -2928.911133
103     -2959.971191
104     -2991.084473
105     -3022.249512
106     -3053.467285
107     -3084.736816
108     -3116.058838
109     -3147.432373
110     -3178.857178
111     -3210.333496
112     -3241.861328
113     -3273.440186
114     -3305.069336
115     -3336.749512
116     -3368.479248
117     -3400.258789
118     -3432.088379
119     -3463.966797
120     -3495.894287
121     -3527.870117
122     -3559.894531
123     -3591.966797
124     -3624.086182
125     -3656.252686
126     -3688.465820
127     -3720.725098
128     -3753.030273
129     -3785.380371
130     -3817.775879
131     -3850.215332
132     -3882.698730
133     -3915.225342
134     -3947.794922
135     -3980.407227
136     -4013.060547
137     -4045.755859
138     -4078.489014
139     -4111.258789
140     -4144.067383
141     -4176.915527
142     -4209.801758
143     -4242.726074
144     -4275.687012
145     -4308.685059
146     -4341.718750
147     -4374.788086
148     -4407.891602
149     -4441.029297
150     -4474.200195
151     -4507.403320
152     -4540.638672
153     -4573.905273
154     -4607.202637
155     -4640.528809
156     -4673.884766
157     -4707.269043
158     -4740.680664
159     -4774.119141
160     -4807.583008
161     -4841.073242
162     -4874.587891
163     -4908.125488
164     -4941.686523
165     -4975.269531
166     -5008.874023
167     -5042.499023
168     -5076.143555
169     -5109.807617
170     -5143.488281
171     -5177.187500
172     -5210.902344
173     -5244.633301
174     -5278.378906
175     -5312.137695
176     -5345.910156
177     -5379.693848
178     -5413.489258
179     -5447.295410
180     -5481.110352
181     -5514.934570
182     -5548.766602
183     -5582.604980
184     -5616.449219
185     -5650.298828
186     -5684.152344
187     -5718.009277
188     -5751.868164
189     -5785.728516
190     -5819.589844
191     -5853.420898
192     -5887.246094
193     -5921.068848
194     -5954.888672
195     -5988.704590
196     -6022.515625
197     -6056.320312
198     -6090.118164
199     -6123.909180
200     -6157.684082
201     -6191.442383
202     -6225.188965
203     -6258.924805
204     -6292.648926
205     -6326.358887
206     -6360.055176
207     -6393.735840
208     -6427.400391
209     -6461.048340
210     -6494.679199
211     -6528.290039
212     -6561.882324
213     -6595.453613
214     -6629.003418
215     -6662.531250
216     -6696.030273
217     -6729.480469
218     -6762.905762
219     -6796.305176
220     -6829.677734
221     -6863.023438
222     -6896.339844
223     -6929.627441
224     -6962.885254
225     -6996.111328
226     -7029.305664
227     -7062.467773
228     -7095.595703
229     -7128.689941
230     -7161.739746
231     -7194.748047
232     -7227.720703
233     -7260.655273
234     -7293.550781
235     -7326.407715
236     -7359.224121
237     -7392.000000
238     -7424.734375
239     -7457.425781
240     -7490.065918
241     -7522.660156
242     -7555.208984
243     -7587.712891
244     -7620.164062
245     -7652.561523
246     -7684.911133
247     -7717.212891
248     -7749.464844
249     -7781.659668
250     -7813.783691
251     -7845.856934
252     -7877.877930
253     -7909.833984
254     -7941.733398
255     -7973.579102
256     -8005.369629
257     -8037.105469
258     -8068.785156
259     -8100.408203
260     -8131.974121
261     -8163.470215
262     -8194.896484
263     -8226.265625
264     -8257.573242
265     -8288.821289
266     -8320.008789
267     -8351.130859
268     -8382.176758
269     -8413.160156
270     -8444.064453
271     -8474.899414
272     -8505.669922
273     -8536.359375
274     -8566.967773
275     -8597.500977
276     -8627.958984
277     -8658.303711
278     -8688.580078
279     -8718.789062
280     -8748.898438
281     -8778.933594
282     -8808.894531
283     -8838.783203
284     -8868.602539
285     -8898.350586
286     -8928.028320
287     -8957.634766
288     -8987.169922
289     -9016.632812
290     -9046.024414
291     -9075.334961
292     -9104.572266
293     -9133.736328
294     -9162.826172
295     -9191.829102
296     -9220.740234
297     -9249.576172
298     -9278.335938
299     -9307.021484
300     -9335.611328
301     -9364.124023
302     -9392.554688
303     -9420.904297
304     -9449.177734
305     -9477.367188
306     -9505.475586
307     -9533.488281
308     -9561.404297
309     -9589.235352
310     -9616.976562
311     -9644.638672
312     -9672.193359
313     -9699.648438
314     -9727.010742
315     -9754.262695
316     -9781.429688
317     -9808.505859
318     -9835.500000
319     -9862.394531
320     -9889.209961
321     -9915.945312
322     -9942.597656
323     -9969.160156
324     -9995.632812
325     -10022.007812
326     -10048.289062
327     -10074.455078
328     -10100.513672
329     -10126.469727
330     -10152.342773
331     -10178.112305
332     -10203.789062
333     -10229.385742
334     -10254.900391
335     -10280.332031
336     -10305.681641
337     -10330.933594
338     -10356.076172
339     -10381.111328
340     -10405.992188
341     -10430.783203
342     -10455.486328
343     -10480.080078
344     -10504.572266
345     -10528.975586
346     -10553.281250
347     -10577.500000
348     -10601.575195
349     -10625.519531
350     -10649.375000
351     -10673.135742
352     -10696.814453
353     -10720.398438
354     -10743.867188
355     -10767.251953
356     -10790.531250
357     -10813.693359
358     -10836.739258
359     -10859.701172
360     -10882.532227
361     -10905.259766
362     -10927.869141
363     -10950.364258
364     -10972.719727
365     -10994.987305
366     -11017.162109
367     -11039.229492
368     -11061.202148
369     -11083.095703
370     -11104.904297
371     -11126.625000
372     -11148.230469
373     -11169.730469
374     -11191.111328
375     -11212.398438
376     -11233.575195
377     -11254.644531
378     -11275.637695
379     -11296.553711
380     -11317.390625
381     -11338.127930
382     -11358.776367
383     -11379.320312
384     -11399.742188
385     -11420.078125
386     -11440.315430
387     -11460.460938
388     -11480.464844
389     -11500.394531
390     -11520.220703
391     -11539.958984
392     -11559.595703
393     -11579.090820
394     -11598.466797
395     -11617.695312
396     -11636.818359
397     -11655.804688
398     -11674.677734
399     -11693.371094
400     -11711.947266
401     -11730.414062
402     -11748.781250
403     -11767.044922
404     -11785.214844
405     -11803.284180
406     -11821.279297
407     -11839.163086
408     -11856.937500
409     -11874.595703
410     -11892.137695
411     -11909.568359
412     -11926.865234
413     -11944.069336
414     -11961.181641
415     -11978.215820
416     -11995.179688
417     -12012.065430
418     -12028.861328
419     -12045.570312
420     -12062.204102
421     -12078.769531
422     -12095.268555
423     -12111.679688
424     -12127.979492
425     -12144.192383
426     -12160.335938
427     -12176.409180
428     -12192.402344
429     -12208.306641
430     -12224.122070
431     -12239.861328
432     -12255.484375
433     -12271.025391
434     -12286.422852
435     -12301.679688
436     -12316.848633
437     -12331.916016
438     -12346.876953
439     -12361.761719
440     -12376.535156
441     -12391.234375
442     -12405.825195
443     -12420.304688
444     -12434.690430
445     -12448.945312
446     -12463.064453
447     -12477.082031
448     -12491.007812
449     -12504.831055
450     -12518.540039
451     -12532.171875
452     -12545.748047
453     -12559.250977
454     -12572.638672
455     -12585.904297
456     -12599.099609
457     -12612.203125
458     -12625.228516
459     -12638.142578
460     -12650.941406
461     -12663.668945
462     -12676.306641
463     -12688.833984
464     -12701.233398
465     -12713.560547
466     -12725.767578
467     -12737.917969
468     -12750.004883
469     -12761.978516
470     -12773.898438
471     -12785.748047
472     -12797.505859
473     -12809.140625
474     -12820.681641
475     -12832.145508
476     -12843.558594
477     -12854.892578
478     -12866.117188
479     -12877.250000
480     -12888.292969
481     -12899.269531
482     -12910.178711
483     -12921.005859
484     -12931.767578
485     -12942.457031
486     -12953.083984
487     -12963.632812
488     -12974.085938
489     -12984.400391
490     -12994.651367
491     -13004.842773
492     -13014.948242
493     -13024.921875
494     -13034.794922
495     -13044.620117
496     -13054.336914
497     -13063.996094
498     -13073.556641
499     -13083.033203
500     -13092.460938
501     -13101.820312
502     -13111.122070
503     -13120.386719
504     -13129.595703
505     -13138.745117
506     -13147.816406
507     -13156.818359
508     -13165.726562
509     -13174.478516
510     -13183.156250
511     -13191.772461
512     -13200.300781
513     -13208.753906
514     -13217.147461
515     -13225.501953
516     -13233.824219
517     -13242.103516
518     -13250.339844
519     -13258.515625
520     -13266.640625
521     -13274.726562
522     -13282.763672
523     -13290.716797
524     -13298.597656
525     -13306.421875
526     -13314.087891
527     -13321.706055
528     -13329.268555
529     -13336.755859
530     -13344.065430
531     -13351.324219
532     -13358.525391
533     -13365.644531
534     -13372.696289
535     -13379.695312
536     -13386.642578
537     -13393.538086
538     -13400.357422
539     -13407.115234
540     -13413.839844
541     -13420.537109
542     -13427.199219
543     -13433.798828
544     -13440.365234
545     -13446.896484
546     -13453.392578
547     -13459.832031
548     -13466.167969
549     -13472.460938
550     -13478.700195
551     -13484.843750
552     -13490.927734
553     -13496.986328
554     -13502.997070
555     -13508.956055
556     -13514.883789
557     -13520.750000
558     -13526.576172
559     -13532.318359
560     -13537.990234
561     -13543.630859
562     -13549.203125
563     -13554.714844
564     -13560.185547
565     -13565.611328
566     -13570.980469
567     -13576.304688
568     -13581.569336
569     -13586.785156
570     -13591.965820
571     -13597.091797
572     -13602.187500
573     -13607.248047
574     -13612.285156
575     -13617.273438
576     -13622.225586
577     -13627.132812
578     -13632.000977
579     -13636.833984
580     -13641.617188
581     -13646.345703
582     -13651.048828
583     -13655.707031
584     -13660.335938
585     -13664.936523
586     -13669.492188
587     -13674.008789
588     -13678.472656
589     -13682.892578
590     -13687.285156
591     -13691.658203
592     -13695.983398
593     -13700.273438
594     -13704.551758
595     -13708.804688
596     -13713.030273
597     -13717.202148
598     -13721.333008
599     -13725.400391
600     -13729.417969
601     -13733.383789
602     -13737.307617
603     -13741.183594
604     -13745.000000
605     -13748.771484
606     -13752.507812
607     -13756.231445
608     -13759.939453
609     -13763.635742
610     -13767.309570
611     -13770.948242
612     -13774.549805
613     -13778.121094
614     -13781.667969
615     -13785.175781
616     -13788.648438
617     -13792.094727
618     -13795.509766
619     -13798.900391
620     -13802.242188
621     -13805.560547
622     -13808.845703
623     -13812.096680
624     -13815.320312
625     -13818.525391
626     -13821.714844
627     -13824.857422
628     -13827.947266
629     -13831.012695
630     -13834.057617
631     -13837.074219
632     -13840.070312
633     -13843.046875
634     -13845.976562
635     -13848.863281
636     -13851.734375
637     -13854.585938
638     -13857.421875
639     -13860.245117
640     -13863.060547
641     -13865.865234
642     -13868.639648
643     -13871.388672
644     -13874.113281
645     -13876.829102
646     -13879.536133
647     -13882.220703
648     -13884.850586
649     -13887.449219
650     -13890.017578
651     -13892.574219
652     -13895.120117
653     -13897.652344
654     -13900.164062
655     -13902.646484
656     -13905.119141
657     -13907.576172
658     -13910.005859
659     -13912.388672
660     -13914.740234
661     -13917.083008
662     -13919.413086
663     -13921.715820
664     -13924.011719
665     -13926.292969
666     -13928.552734
667     -13930.779297
668     -13932.977539
669     -13935.149414
670     -13937.309570
671     -13939.449219
672     -13941.576172
673     -13943.691406
674     -13945.777344
675     -13947.857422
676     -13949.931641
677     -13951.979492
678     -13954.009766
679     -13956.035156
680     -13958.041016
681     -13960.015625
682     -13961.960938
683     -13963.884766
684     -13965.771484
685     -13967.647461
686     -13969.517578
687     -13971.385742
688     -13973.247070
689     -13975.098633
690     -13976.937500
691     -13978.771484
692     -13980.593750
693     -13982.413086
694     -13984.215820
695     -13986.000000
696     -13987.779297
697     -13989.550781
698     -13991.304688
699     -13993.044922
700     -13994.773438
701     -13996.496094
702     -13998.216797
703     -13999.930664
704     -14001.618164
705     -14003.300781
706     -14004.980469
707     -14006.650391
708     -14008.313477
709     -14009.972656
710     -14011.628906
711     -14013.281250
712     -14014.929688
713     -14016.574219
714     -14018.215820
715     -14019.853516
716     -14021.482422
717     -14023.096680
718     -14024.704102
719     -14026.306641
720     -14027.902344
721     -14029.493164
722     -14031.080078
723     -14032.656250
724     -14034.191406
725     -14035.705078
726     -14037.208008
727     -14038.693359
728     -14040.166016
729     -14041.632812
730     -14043.096680
731     -14044.556641
732     -14046.000977
733     -14047.431641
734     -14048.859375
735     -14050.275391
736     -14051.664062
737     -14053.044922
738     -14054.418945
739     -14055.786133
740     -14057.150391
741     -14058.502930
742     -14059.841797
743     -14061.175781
744     -14062.500000
745     -14063.818359
746     -14065.132812
747     -14066.445312
748     -14067.744141
749     -14069.034180
750     -14070.321289
751     -14071.606445
752     -14072.888672
753     -14074.167969
754     -14075.443359
755     -14076.716797
756     -14077.984375
757     -14079.248047
758     -14080.505859
759     -14081.759766
760     -14083.007812
761     -14084.251953
762     -14085.494141
763     -14086.732422
764     -14087.968750
765     -14089.201172
766     -14090.425781
767     -14091.642578
768     -14092.855469
769     -14094.064453
770     -14095.263672
771     -14096.445312
772     -14097.623047
773     -14098.794922
774     -14099.960938
775     -14101.115234
776     -14102.250000
777     -14103.377930
778     -14104.499023
779     -14105.611328
780     -14106.716797
781     -14107.818359
782     -14108.912109
783     -14110.001953
784     -14111.082031
785     -14112.152344
786     -14113.218750
787     -14114.283203
788     -14115.345703
789     -14116.398438
790     -14117.445312
791     -14118.490234
792     -14119.533203
793     -14120.573242
794     -14121.611328
795     -14122.648438
796     -14123.680664
797     -14124.710938
798     -14125.738281
799     -14126.760742
800     -14127.770508
801     -14128.742188
802     -14129.695312
803     -14130.649414
804     -14131.599609
805     -14132.541992
806     -14133.478516
807     -14134.412109
808     -14135.339844
809     -14136.256836
810     -14137.171875
811     -14138.085938
812     -14138.996094
813     -14139.901367
814     -14140.796875
815     -14141.689453
816     -14142.580078
817     -14143.466797
818     -14144.346680
819     -14145.218750
820     -14146.082031
821     -14146.945312
822     -14147.804688
823     -14148.654297
824     -14149.502930
825     -14150.341797
826     -14151.175781
827     -14152.007812
828     -14152.823242
829     -14153.632812
830     -14154.437500
831     -14155.232422
832     -14156.023438
833     -14156.813477
834     -14157.601562
835     -14158.388672
836     -14159.173828
837     -14159.951172
838     -14160.726562
839     -14161.498047
840     -14162.267578
841     -14163.031250
842     -14163.785156
843     -14164.531250
844     -14165.275391
845     -14166.014648
846     -14166.751953
847     -14167.484375
848     -14168.215820
849     -14168.939453
850     -14169.661133
851     -14170.381836
852     -14171.097656
853     -14171.810547
854     -14172.520508
855     -14173.230469
856     -14173.937500
857     -14174.644531
858     -14175.349609
859     -14176.048828
860     -14176.744141
861     -14177.437500
862     -14178.127930
863     -14178.818359
864     -14179.507812
865     -14180.195312
866     -14180.883789
867     -14181.570312
868     -14182.251953
869     -14182.931641
870     -14183.611328
871     -14184.290039
872     -14184.967773
873     -14185.643555
874     -14186.317383
875     -14186.991211
876     -14187.660156
877     -14188.328125
878     -14188.998047
879     -14189.664062
880     -14190.330078
881     -14190.996094
882     -14191.657227
883     -14192.318359
884     -14192.977539
885     -14193.636719
886     -14194.292969
887     -14194.947266
888     -14195.600586
889     -14196.253906
890     -14196.905273
891     -14197.556641
892     -14198.206055
893     -14198.856445
894     -14199.503906
895     -14200.141602
896     -14200.773438
897     -14201.398438
898     -14202.022461
899     -14202.641602
900     -14203.255859
901     -14203.870117
902     -14204.482422
903     -14205.094727
904     -14205.707031
905     -14206.317383
906     -14206.923828
907     -14207.529297
908     -14208.130859
909     -14208.724609
910     -14209.311523
911     -14209.890625
912     -14210.461914
913     -14211.031250
914     -14211.599609
915     -14212.167969
916     -14212.734375
917     -14213.298828
918     -14213.864258
919     -14214.427734
920     -14214.992188
921     -14215.554688
922     -14216.115234
923     -14216.671875
924     -14217.226562
925     -14217.765625
926     -14218.298828
927     -14218.829102
928     -14219.356445
929     -14219.882812
930     -14220.404297
931     -14220.923828
932     -14221.441406
933     -14221.953125
934     -14222.464844
935     -14222.976562
936     -14223.486328
937     -14223.994141
938     -14224.501953
939     -14225.008789
940     -14225.514648
941     -14226.020508
942     -14226.524414
943     -14227.027344
944     -14227.530273
945     -14228.031250
946     -14228.533203
947     -14229.030273
948     -14229.524414
949     -14230.017578
950     -14230.510742
951     -14231.003906
952     -14231.493164
953     -14231.978516
954     -14232.463867
955     -14232.947266
956     -14233.427734
957     -14233.908203
958     -14234.385742
959     -14234.862305
960     -14235.337891
961     -14235.814453
962     -14236.284180
963     -14236.751953
964     -14237.218750
965     -14237.681641
966     -14238.143555
967     -14238.605469
968     -14239.065430
969     -14239.523438
970     -14239.979492
971     -14240.433594
972     -14240.888672
973     -14241.341797
974     -14241.794922
975     -14242.246094
976     -14242.694336
977     -14243.142578
978     -14243.590820
979     -14244.035156
980     -14244.477539
981     -14244.919922
982     -14245.361328
983     -14245.800781
984     -14246.240234
985     -14246.677734
986     -14247.115234
987     -14247.549805
988     -14247.985352
989     -14248.419922
990     -14248.852539
991     -14249.285156
992     -14249.716797
993     -14250.146484
994     -14250.576172
995     -14251.005859
996     -14251.433594
997     -14251.859375
998     -14252.285156
999     -14252.710938
1000    -14253.132812
1001    -14253.552734
1002    -14253.970703
1003    -14254.384766
1004    -14254.798828
1005    -14255.210938
1006    -14255.622070
1007    -14256.033203
1008    -14256.443359
1009    -14256.851562
1010    -14257.259766
1011    -14257.665039
1012    -14258.070312
1013    -14258.476562
1014    -14258.879883
1015    -14259.281250
1016    -14259.679688
1017    -14260.076172
1018    -14260.472656
1019    -14260.867188
1020    -14261.262695
1021    -14261.656250
1022    -14262.044922
1023    -14262.432617
1024    -14262.818359
1025    -14263.203125
1026    -14263.585938
1027    -14263.963867
1028    -14264.341797
1029    -14264.712891
1030    -14265.080078
1031    -14265.447266
1032    -14265.809570
1033    -14266.166992
1034    -14266.523438
1035    -14266.878906
1036    -14267.232422
1037    -14267.583984
1038    -14267.936523
1039    -14268.287109
1040    -14268.636719
1041    -14268.986328
1042    -14269.333008
1043    -14269.679688
1044    -14270.025391
1045    -14270.371094
1046    -14270.714844
1047    -14271.058594
1048    -14271.400391
1049    -14271.742188
1050    -14272.082031
1051    -14272.421875
1052    -14272.760742
1053    -14273.097656
1054    -14273.433594
1055    -14273.770508
1056    -14274.105469
1057    -14274.437500
1058    -14274.767578
1059    -14275.092773
1060    -14275.417969
1061    -14275.742188
1062    -14276.064453
1063    -14276.386719
1064    -14276.708984
1065    -14277.029297
1066    -14277.348633
1067    -14277.667969
1068    -14277.986328
1069    -14278.303711
1070    -14278.619141
1071    -14278.935547
1072    -14279.250000
1073    -14279.561523
1074    -14279.872070
1075    -14280.181641
1076    -14280.490234
1077    -14280.796875
1078    -14281.103516
1079    -14281.410156
1080    -14281.716797
1081    -14282.021484
1082    -14282.324219
1083    -14282.626953
1084    -14282.929688
1085    -14283.230469
1086    -14283.531250
1087    -14283.831055
1088    -14284.129883
1089    -14284.427734
1090    -14284.722656
1091    -14285.013672
1092    -14285.301758
1093    -14285.588867
1094    -14285.875977
1095    -14286.162109
1096    -14286.447266
1097    -14286.730469
1098    -14287.011719
1099    -14287.283203
1100    -14287.552734
1101    -14287.820312
1102    -14288.085938
1103    -14288.347656
1104    -14288.611328
1105    -14288.873047
1106    -14289.134766
1107    -14289.395508
1108    -14289.656250
1109    -14289.916016
1110    -14290.171875
1111    -14290.424805
1112    -14290.677734
1113    -14290.929688
1114    -14291.179688
1115    -14291.431641
1116    -14291.681641
1117    -14291.930664
1118    -14292.180664
1119    -14292.429688
1120    -14292.677734
1121    -14292.925781
1122    -14293.172852
1123    -14293.418945
1124    -14293.666016
1125    -14293.912109
1126    -14294.156250
1127    -14294.398438
1128    -14294.634766
1129    -14294.866211
1130    -14295.096680
1131    -14295.328125
1132    -14295.558594
1133    -14295.789062
1134    -14296.018555
1135    -14296.248047
1136    -14296.476562
1137    -14296.705078
1138    -14296.933594
1139    -14297.161133
1140    -14297.388672
1141    -14297.616211
1142    -14297.841797
1143    -14298.068359
1144    -14298.294922
1145    -14298.520508
1146    -14298.746094
1147    -14298.970703
1148    -14299.195312
1149    -14299.420898
1150    -14299.644531
1151    -14299.868164
1152    -14300.091797
1153    -14300.314453
1154    -14300.537109
1155    -14300.759766
1156    -14300.982422
1157    -14301.205078
1158    -14301.425781
1159    -14301.647461
1160    -14301.868164
1161    -14302.087891
1162    -14302.308594
1163    -14302.528320
1164    -14302.748047
1165    -14302.966797
1166    -14303.186523
1167    -14303.405273
1168    -14303.624023
1169    -14303.839844
1170    -14304.056641
1171    -14304.273438
1172    -14304.488281
1173    -14304.705078
1174    -14304.919922
1175    -14305.132812
1176    -14305.341797
1177    -14305.549805
1178    -14305.759766
1179    -14305.967773
1180    -14306.175781
1181    -14306.384766
1182    -14306.590820
1183    -14306.798828
1184    -14307.005859
1185    -14307.212891
1186    -14307.418945
1187    -14307.620117
1188    -14307.821289
1189    -14308.023438
1190    -14308.224609
1191    -14308.425781
1192    -14308.626953
1193    -14308.828125
1194    -14309.029297
1195    -14309.225586
1196    -14309.417969
1197    -14309.611328
1198    -14309.804688
1199    -14309.999023
1200    -14310.191406
1201    -14310.384766
1202    -14310.578125
1203    -14310.770508
1204    -14310.964844
1205    -14311.157227
1206    -14311.348633
1207    -14311.539062
1208    -14311.722656
1209    -14311.906250
1210    -14312.086914
1211    -14312.266602
1212    -14312.443359
1213    -14312.617188
1214    -14312.791016
1215    -14312.964844
1216    -14313.138672
1217    -14313.310547
1218    -14313.482422
1219    -14313.654297
1220    -14313.825195
1221    -14313.998047
1222    -14314.169922
1223    -14314.341797
1224    -14314.513672
1225    -14314.685547
1226    -14314.858398
1227    -14315.030273
1228    -14315.202148
1229    -14315.375000
1230    -14315.546875
1231    -14315.720703
1232    -14315.892578
1233    -14316.064453
1234    -14316.237305
1235    -14316.410156
1236    -14316.583008
1237    -14316.754883
1238    -14316.927734
1239    -14317.100586
1240    -14317.273438
1241    -14317.445312
1242    -14317.618164
1243    -14317.791016
1244    -14317.962891
1245    -14318.128906
1246    -14318.296875
1247    -14318.464844
1248    -14318.630859
1249    -14318.798828
1250    -14318.965820
1251    -14319.133789
1252    -14319.300781
1253    -14319.468750
1254    -14319.636719
1255    -14319.804688
1256    -14319.971680
1257    -14320.139648
1258    -14320.307617
1259    -14320.474609
1260    -14320.642578
1261    -14320.810547
1262    -14320.978516
1263    -14321.146484
1264    -14321.314453
1265    -14321.481445
1266    -14321.648438
1267    -14321.817383
1268    -14321.984375
1269    -14322.152344
1270    -14322.320312
1271    -14322.486328
1272    -14322.654297
1273    -14322.822266
1274    -14322.986328
1275    -14323.151367
1276    -14323.316406
1277    -14323.480469
1278    -14323.646484
1279    -14323.810547
1280    -14323.976562
1281    -14324.141602
1282    -14324.304688
1283    -14324.469727
1284    -14324.633789
1285    -14324.798828
1286    -14324.962891
1287    -14325.126953
1288    -14325.291016
1289    -14325.455078
1290    -14325.619141
1291    -14325.783203
1292    -14325.947266
1293    -14326.111328
1294    -14326.275391
1295    -14326.440430
1296    -14326.603516
1297    -14326.767578
1298    -14326.930664
1299    -14327.094727
1300    -14327.258789
1301    -14327.421875
1302    -14327.585938
1303    -14327.750000
1304    -14327.912109
1305    -14328.076172
1306    -14328.238281
1307    -14328.402344
1308    -14328.564453
1309    -14328.727539
1310    -14328.889648
1311    -14329.051758
1312    -14329.213867
1313    -14329.375000
1314    -14329.537109
1315    -14329.699219
1316    -14329.861328
1317    -14330.023438
1318    -14330.184570
1319    -14330.345703
1320    -14330.505859
1321    -14330.662109
1322    -14330.816406
1323    -14330.970703
1324    -14331.125000
1325    -14331.277344
1326    -14331.431641
1327    -14331.585938
1328    -14331.738281
1329    -14331.892578
1330    -14332.044922
1331    -14332.199219
1332    -14332.351562
1333    -14332.503906
1334    -14332.657227
1335    -14332.809570
1336    -14332.961914
1337    -14333.115234
1338    -14333.267578
1339    -14333.418945
1340    -14333.570312
1341    -14333.722656
1342    -14333.874023
1343    -14334.025391
1344    -14334.175781
1345    -14334.322266
1346    -14334.468750
1347    -14334.616211
1348    -14334.763672
1349    -14334.909180
1350    -14335.054688
1351    -14335.198242
1352    -14335.341797
1353    -14335.486328
1354    -14335.630859
1355    -14335.773438
1356    -14335.917969
1357    -14336.060547
1358    -14336.203125
1359    -14336.343750
1360    -14336.486328
1361    -14336.627930
1362    -14336.768555
1363    -14336.909180
1364    -14337.050781
1365    -14337.191406
1366    -14337.332031
1367    -14337.472656
1368    -14337.613281
1369    -14337.753906
1370    -14337.893555
1371    -14338.033203
1372    -14338.173828
1373    -14338.313477
1374    -14338.453125
1375    -14338.591797
1376    -14338.731445
1377    -14338.870117
1378    -14339.009766
1379    -14339.148438
1380    -14339.287109
1381    -14339.425781
1382    -14339.564453
1383    -14339.703125
1384    -14339.839844
1385    -14339.978516
1386    -14340.115234
1387    -14340.251953
1388    -14340.388672
1389    -14340.525391
1390    -14340.661133
1391    -14340.796875
1392    -14340.933594
1393    -14341.068359
1394    -14341.204102
1395    -14341.338867
1396    -14341.474609
1397    -14341.609375
1398    -14341.744141
1399    -14341.878906
1400    -14342.013672
1401    -14342.148438
1402    -14342.282227
1403    -14342.416016
1404    -14342.550781
1405    -14342.683594
1406    -14342.818359
1407    -14342.951172
1408    -14343.083984
1409    -14343.217773
1410    -14343.349609
1411    -14343.481445
1412    -14343.613281
1413    -14343.746094
1414    -14343.876953
1415    -14344.008789
1416    -14344.140625
1417    -14344.269531
1418    -14344.398438
1419    -14344.527344
1420    -14344.656250
1421    -14344.784180
1422    -14344.912109
1423    -14345.041016
1424    -14345.167969
1425    -14345.296875
1426    -14345.423828
1427    -14345.551758
1428    -14345.679688
1429    -14345.807617
1430    -14345.934570
1431    -14346.060547
1432    -14346.189453
1433    -14346.316406
1434    -14346.439453
1435    -14346.561523
1436    -14346.683594
1437    -14346.805664
1438    -14346.928711
1439    -14347.050781
1440    -14347.172852
1441    -14347.294922
1442    -14347.417969
1443    -14347.539062
1444    -14347.661133
1445    -14347.782227
1446    -14347.904297
1447    -14348.026367
1448    -14348.147461
1449    -14348.267578
1450    -14348.390625
1451    -14348.511719
1452    -14348.632812
1453    -14348.753906
1454    -14348.875000
1455    -14348.996094
1456    -14349.116211
1457    -14349.238281
1458    -14349.358398
1459    -14349.478516
1460    -14349.599609
1461    -14349.718750
1462    -14349.837891
1463    -14349.957031
1464    -14350.076172
1465    -14350.196289
1466    -14350.314453
1467    -14350.433594
1468    -14350.552734
1469    -14350.669922
1470    -14350.788086
1471    -14350.906250
1472    -14351.024414
1473    -14351.141602
1474    -14351.259766
1475    -14351.377930
1476    -14351.495117
1477    -14351.613281
1478    -14351.730469
1479    -14351.848633
1480    -14351.966797
1481    -14352.083984
1482    -14352.201172
1483    -14352.318359
1484    -14352.432617
1485    -14352.546875
1486    -14352.661133
1487    -14352.775391
1488    -14352.888672
1489    -14353.001953
1490    -14353.117188
1491    -14353.230469
1492    -14353.344727
1493    -14353.457031
1494    -14353.572266
1495    -14353.685547
1496    -14353.799805
1497    -14353.914062
1498    -14354.027344
1499    -14354.140625
1500    -14354.253906
1501    -14354.368164
1502    -14354.482422
1503    -14354.595703
1504    -14354.708984
1505    -14354.824219
1506    -14354.937500
1507    -14355.051758
1508    -14355.166016
1509    -14355.279297
1510    -14355.392578
1511    -14355.507812
1512    -14355.621094
1513    -14355.735352
1514    -14355.848633
1515    -14355.962891
1516    -14356.076172
1517    -14356.189453
1518    -14356.303711
1519    -14356.417969
1520    -14356.532227
1521    -14356.645508
1522    -14356.759766
1523    -14356.874023
1524    -14356.988281
1525    -14357.101562
1526    -14357.216797
1527    -14357.330078
1528    -14357.443359
1529    -14357.556641
1530    -14357.670898
1531    -14357.785156
1532    -14357.899414
1533    -14358.013672
1534    -14358.126953
1535    -14358.240234
1536    -14358.355469
1537    -14358.468750
1538    -14358.582031
1539    -14358.696289
1540    -14358.810547
1541    -14358.921875
1542    -14359.029297
1543    -14359.134766
1544    -14359.241211
1545    -14359.345703
1546    -14359.451172
1547    -14359.555664
1548    -14359.660156
1549    -14359.765625
1550    -14359.870117
1551    -14359.974609
1552    -14360.080078
1553    -14360.185547
1554    -14360.289062
1555    -14360.394531
1556    -14360.498047
1557    -14360.602539
1558    -14360.707031
1559    -14360.810547
1560    -14360.916016
1561    -14361.019531
1562    -14361.123047
1563    -14361.226562
1564    -14361.332031
1565    -14361.435547
1566    -14361.539062
1567    -14361.644531
1568    -14361.748047
1569    -14361.851562
1570    -14361.956055
1571    -14362.060547
1572    -14362.164062
1573    -14362.268555
1574    -14362.372070
1575    -14362.474609
1576    -14362.580078
1577    -14362.682617
1578    -14362.787109
1579    -14362.890625
1580    -14362.994141
1581    -14363.097656
1582    -14363.201172
1583    -14363.304688
1584    -14363.408203
1585    -14363.511719
1586    -14363.615234
1587    -14363.717773
1588    -14363.821289
1589    -14363.923828
1590    -14364.025391
1591    -14364.128906
1592    -14364.231445
1593    -14364.333984
1594    -14364.437500
1595    -14364.537109
1596    -14364.638672
1597    -14364.738281
1598    -14364.837891
1599    -14364.937500
1600    -14365.037109
1601    -14365.136719
1602    -14365.235352
1603    -14365.335938
1604    -14365.435547
1605    -14365.535156
1606    -14365.632812
1607    -14365.732422
1608    -14365.831055
1609    -14365.929688
1610    -14366.028320
1611    -14366.126953
1612    -14366.224609
1613    -14366.321289
1614    -14366.416992
1615    -14366.512695
1616    -14366.607422
1617    -14366.703125
1618    -14366.798828
1619    -14366.894531
1620    -14366.989258
1621    -14367.083984
1622    -14367.179688
1623    -14367.273438
1624    -14367.367188
1625    -14367.460938
1626    -14367.555664
1627    -14367.650391
1628    -14367.744141
1629    -14367.836914
1630    -14367.931641
1631    -14368.023438
1632    -14368.117188
1633    -14368.209961
1634    -14368.302734
1635    -14368.394531
1636    -14368.488281
1637    -14368.580078
1638    -14368.671875
1639    -14368.763672
1640    -14368.855469
1641    -14368.947266
1642    -14369.038086
1643    -14369.128906
1644    -14369.220703
1645    -14369.310547
1646    -14369.401367
1647    -14369.492188
1648    -14369.582031
1649    -14369.671875
1650    -14369.761719
1651    -14369.851562
1652    -14369.941406
1653    -14370.029297
1654    -14370.119141
1655    -14370.207031
1656    -14370.294922
1657    -14370.383789
1658    -14370.472656
1659    -14370.560547
1660    -14370.647461
1661    -14370.735352
1662    -14370.822266
1663    -14370.910156
1664    -14370.996094
1665    -14371.083008
1666    -14371.169922
1667    -14371.255859
1668    -14371.341797
1669    -14371.427734
1670    -14371.513672
1671    -14371.598633
1672    -14371.683594
1673    -14371.769531
1674    -14371.853516
1675    -14371.938477
1676    -14372.021484
1677    -14372.105469
1678    -14372.188477
1679    -14372.271484
1680    -14372.353516
1681    -14372.435547
1682    -14372.517578
1683    -14372.599609
1684    -14372.681641
1685    -14372.762695
1686    -14372.842773
1687    -14372.923828
1688    -14373.004883
1689    -14373.085938
1690    -14373.166016
1691    -14373.246094
1692    -14373.326172
1693    -14373.406250
1694    -14373.482422
1695    -14373.558594
1696    -14373.634766
1697    -14373.710938
1698    -14373.783203
1699    -14373.853516
1700    -14373.925781
1701    -14373.996094
1702    -14374.067383
1703    -14374.138672
1704    -14374.208008
1705    -14374.278320
1706    -14374.348633
1707    -14374.417969
1708    -14374.488281
1709    -14374.558594
1710    -14374.627930
1711    -14374.697266
1712    -14374.765625
1713    -14374.834961
1714    -14374.903320
1715    -14374.972656
1716    -14375.041016
1717    -14375.108398
1718    -14375.175781
1719    -14375.244141
1720    -14375.312500
1721    -14375.378906
1722    -14375.444336
1723    -14375.506836
1724    -14375.568359
1725    -14375.630859
1726    -14375.692383
1727    -14375.755859
1728    -14375.816406
1729    -14375.878906
1730    -14375.941406
1731    -14376.001953
1732    -14376.063477
1733    -14376.125000
1734    -14376.186523
1735    -14376.248047
1736    -14376.308594
1737    -14376.369141
1738    -14376.429688
1739    -14376.491211
1740    -14376.550781
1741    -14376.609375
1742    -14376.668945
1743    -14376.728516
1744    -14376.787109
1745    -14376.845703
1746    -14376.904297
1747    -14376.962891
1748    -14377.021484
1749    -14377.080078
1750    -14377.138672
1751    -14377.196289
1752    -14377.254883
1753    -14377.312500
1754    -14377.370117
1755    -14377.428711
1756    -14377.486328
1757    -14377.543945
1758    -14377.602539
1759    -14377.660156
1760    -14377.717773
1761    -14377.775391
1762    -14377.832031
1763    -14377.889648
1764    -14377.947266
1765    -14378.003906
1766    -14378.061523
1767    -14378.117188
1768    -14378.175781
1769    -14378.232422
1770    -14378.289062
1771    -14378.346680
1772    -14378.402344
1773    -14378.459961
1774    -14378.516602
1775    -14378.573242
1776    -14378.628906
1777    -14378.686523
1778    -14378.742188
1779    -14378.798828
1780    -14378.852539
1781    -14378.906250
1782    -14378.958984
1783    -14379.013672
1784    -14379.068359
1785    -14379.121094
1786    -14379.174805
1787    -14379.228516
1788    -14379.283203
1789    -14379.335938
1790    -14379.390625
1791    -14379.443359
1792    -14379.496094
1793    -14379.550781
1794    -14379.604492
1795    -14379.658203
1796    -14379.710938
1797    -14379.763672
1798    -14379.816406
1799    -14379.870117
1800    -14379.923828
1801    -14379.977539
1802    -14380.030273
1803    -14380.083984
1804    -14380.136719
1805    -14380.189453
1806    -14380.244141
1807    -14380.296875
1808    -14380.349609
1809    -14380.402344
1810    -14380.455078
1811    -14380.507812
1812    -14380.562500
1813    -14380.615234
1814    -14380.667969
1815    -14380.720703
1816    -14380.773438
1817    -14380.826172
1818    -14380.878906
1819    -14380.932617
1820    -14380.985352
1821    -14381.039062
1822    -14381.090820
1823    -14381.144531
1824    -14381.197266
1825    -14381.250000
1826    -14381.302734
1827    -14381.355469
1828    -14381.408203
1829    -14381.460938
1830    -14381.513672
1831    -14381.567383
1832    -14381.620117
1833    -14381.671875
1834    -14381.725586
1835    -14381.778320
1836    -14381.830078
1837    -14381.882812
1838    -14381.935547
1839    -14381.990234
1840    -14382.041992
1841    -14382.093750
1842    -14382.147461
1843    -14382.200195
1844    -14382.251953
1845    -14382.304688
1846    -14382.357422
1847    -14382.410156
1848    -14382.462891
1849    -14382.515625
1850    -14382.568359
1851    -14382.621094
1852    -14382.673828
1853    -14382.726562
1854    -14382.778320
1855    -14382.832031
1856    -14382.882812
1857    -14382.936523
1858    -14382.989258
1859    -14383.041016
1860    -14383.093750
1861    -14383.146484
1862    -14383.197266
1863    -14383.249023
1864    -14383.299805
1865    -14383.349609
1866    -14383.400391
1867    -14383.450195
1868    -14383.501953
1869    -14383.551758
1870    -14383.602539
1871    -14383.652344
1872    -14383.703125
1873    -14383.753906
1874    -14383.803711
1875    -14383.853516
1876    -14383.903320
1877    -14383.955078
1878    -14384.004883
1879    -14384.053711
1880    -14384.105469
1881    -14384.155273
1882    -14384.204102
1883    -14384.253906
1884    -14384.304688
1885    -14384.353516
1886    -14384.404297
1887    -14384.454102
1888    -14384.503906
1889    -14384.552734
1890    -14384.603516
1891    -14384.652344
1892    -14384.703125
1893    -14384.751953
1894    -14384.800781
1895    -14384.849609
1896    -14384.900391
1897    -14384.949219
1898    -14384.999023
1899    -14385.046875
1900    -14385.097656
1901    -14385.146484
1902    -14385.195312
1903    -14385.244141
1904    -14385.292969
1905    -14385.341797
1906    -14385.392578
1907    -14385.440430
1908    -14385.489258
1909    -14385.537109
1910    -14385.585938
1911    -14385.634766
1912    -14385.683594
1913    -14385.730469
1914    -14385.779297
1915    -14385.828125
1916    -14385.875977
1917    -14385.923828
1918    -14385.972656
1919    -14386.019531
1920    -14386.068359
1921    -14386.115234
1922    -14386.162109
1923    -14386.209961
1924    -14386.257812
1925    -14386.304688
1926    -14386.351562
1927    -14386.399414
1928    -14386.445312
1929    -14386.492188
1930    -14386.539062
1931    -14386.585938
1932    -14386.632812
1933    -14386.677734
1934    -14386.725586
1935    -14386.771484
1936    -14386.817383
1937    -14386.863281
1938    -14386.909180
1939    -14386.955078
1940    -14387.000977
1941    -14387.046875
1942    -14387.091797
1943    -14387.136719
1944    -14387.182617
1945    -14387.227539
1946    -14387.272461
1947    -14387.318359
1948    -14387.362305
1949    -14387.406250
1950    -14387.451172
1951    -14387.496094
1952    -14387.540039
1953    -14387.583984
1954    -14387.627930
1955    -14387.672852
1956    -14387.716797
1957    -14387.759766
1958    -14387.803711
1959    -14387.847656
1960    -14387.889648
1961    -14387.933594
1962    -14387.975586
1963    -14388.019531
1964    -14388.060547
1965    -14388.103516
1966    -14388.144531
1967    -14388.187500
1968    -14388.228516
1969    -14388.271484
1970    -14388.312500
1971    -14388.353516
1972    -14388.394531
1973    -14388.436523
1974    -14388.477539
1975    -14388.518555
1976    -14388.559570
1977    -14388.599609
1978    -14388.640625
1979    -14388.681641
1980    -14388.721680
1981    -14388.761719
1982    -14388.801758
1983    -14388.841797
1984    -14388.880859
1985    -14388.920898
1986    -14388.959961
1987    -14389.000000
1988    -14389.039062
1989    -14389.078125
1990    -14389.117188
1991    -14389.155273
1992    -14389.193359
1993    -14389.233398
1994    -14389.271484
1995    -14389.308594
1996    -14389.341797
1997    -14389.375000
1998    -14389.408203
1999    -14389.441406
2000    -14389.473633
2001    -14389.505859
2002    -14389.539062
2003    -14389.571289
2004    -14389.604492
2005    -14389.635742
2006    -14389.667969
2007    -14389.699219
2008    -14389.732422
2009    -14389.763672
2010    -14389.794922
2011    -14389.826172
2012    -14389.857422
2013    -14389.888672
2014    -14389.916992
2015    -14389.945312
2016    -14389.974609
2017    -14390.000977
2018    -14390.029297
2019    -14390.056641
2020    -14390.084961
2021    -14390.113281
2022    -14390.140625
2023    -14390.167969
2024    -14390.195312
2025    -14390.222656
2026    -14390.250000
2027    -14390.277344
2028    -14390.303711
2029    -14390.330078
2030    -14390.357422
2031    -14390.383789
2032    -14390.410156
2033    -14390.437500
2034    -14390.462891
2035    -14390.490234
2036    -14390.516602
2037    -14390.541992
2038    -14390.568359
2039    -14390.593750
2040    -14390.619141
2041    -14390.644531
2042    -14390.670898
2043    -14390.697266
2044    -14390.722656
2045    -14390.748047
2046    -14390.773438
2047    -14390.796875
2048    -14390.823242
2049    -14390.847656
2050    -14390.873047
2051    -14390.898438
2052    -14390.922852
2053    -14390.947266
2054    -14390.972656
2055    -14390.997070
2056    -14391.021484
2057    -14391.045898
2058    -14391.070312
2059    -14391.093750
2060    -14391.119141
2061    -14391.142578
2062    -14391.166016
2063    -14391.189453
2064    -14391.213867
2065    -14391.238281
2066    -14391.260742
2067    -14391.285156
2068    -14391.308594
2069    -14391.332031
2070    -14391.355469
2071    -14391.378906
2072    -14391.402344
2073    -14391.425781
2074    -14391.448242
2075    -14391.471680
2076    -14391.494141
2077    -14391.517578
2078    -14391.539062
2079    -14391.562500
2080    -14391.585938
2081    -14391.608398
2082    -14391.630859
2083    -14391.652344
2084    -14391.675781
2085    -14391.699219
2086    -14391.720703
2087    -14391.744141
2088    -14391.765625
2089    -14391.787109
2090    -14391.810547
2091    -14391.832031
2092    -14391.853516
2093    -14391.876953
2094    -14391.898438
2095    -14391.919922
2096    -14391.942383
2097    -14391.962891
2098    -14391.985352
2099    -14392.007812
2100    -14392.029297
2101    -14392.049805
2102    -14392.071289
2103    -14392.093750
2104    -14392.115234
2105    -14392.136719
2106    -14392.157227
2107    -14392.178711
2108    -14392.199219
2109    -14392.220703
2110    -14392.242188
2111    -14392.263672
2112    -14392.285156
2113    -14392.305664
2114    -14392.326172
2115    -14392.347656
2116    -14392.369141
2117    -14392.388672
2118    -14392.410156
2119    -14392.430664
2120    -14392.452148
2121    -14392.472656
2122    -14392.493164
2123    -14392.513672
2124    -14392.534180
2125    -14392.555664
2126    -14392.575195
2127    -14392.595703
2128    -14392.615234
2129    -14392.637695
2130    -14392.657227
2131    -14392.678711
2132    -14392.699219
2133    -14392.718750
2134    -14392.739258
2135    -14392.759766
2136    -14392.779297
2137    -14392.799805
2138    -14392.820312
2139    -14392.839844
2140    -14392.861328
2141    -14392.880859
2142    -14392.900391
2143    -14392.919922
2144    -14392.940430
2145    -14392.960938
2146    -14392.980469
2147    -14393.000977
2148    -14393.021484
2149    -14393.041016
2150    -14393.060547
2151    -14393.080078
2152    -14393.099609
2153    -14393.121094
2154    -14393.140625
2155    -14393.160156
2156    -14393.179688
2157    -14393.199219
2158    -14393.218750
2159    -14393.240234
2160    -14393.259766
2161    -14393.278320
2162    -14393.298828
2163    -14393.318359
2164    -14393.337891
2165    -14393.357422
2166    -14393.376953
2167    -14393.396484
2168    -14393.416016
2169    -14393.436523
2170    -14393.455078
2171    -14393.474609
2172    -14393.495117
2173    -14393.513672
2174    -14393.534180
2175    -14393.553711
2176    -14393.573242
2177    -14393.592773
2178    -14393.611328
2179    -14393.630859
2180    -14393.650391
2181    -14393.669922
2182    -14393.690430
2183    -14393.708984
2184    -14393.728516
2185    -14393.748047
2186    -14393.767578
2187    -14393.788086
2188    -14393.806641
2189    -14393.826172
2190    -14393.844727
2191    -14393.865234
2192    -14393.884766
2193    -14393.904297
2194    -14393.922852
2195    -14393.942383
2196    -14393.961914
2197    -14393.981445
2198    -14394.000977
2199    -14394.019531
2200    -14394.039062
2201    -14394.059570
2202    -14394.078125
2203    -14394.096680
2204    -14394.117188
2205    -14394.136719
2206    -14394.156250
2207    -14394.175781
2208    -14394.194336
2209    -14394.213867
2210    -14394.233398
2211    -14394.252930
2212    -14394.271484
2213    -14394.291016
2214    -14394.310547
2215    -14394.330078
2216    -14394.349609
2217    -14394.369141
2218    -14394.388672
2219    -14394.408203
2220    -14394.427734
2221    -14394.446289
2222    -14394.466797
2223    -14394.485352
2224    -14394.504883
2225    -14394.524414
2226    -14394.542969
2227    -14394.562500
2228    -14394.582031
2229    -14394.602539
2230    -14394.621094
2231    -14394.640625
2232    -14394.660156
2233    -14394.679688
2234    -14394.699219
2235    -14394.718750
2236    -14394.738281
2237    -14394.757812
2238    -14394.777344
2239    -14394.796875
2240    -14394.816406
2241    -14394.835938
2242    -14394.855469
2243    -14394.875000
2244    -14394.895508
2245    -14394.914062
2246    -14394.933594
2247    -14394.953125
2248    -14394.972656
2249    -14394.993164
2250    -14395.011719
2251    -14395.032227
2252    -14395.051758
2253    -14395.072266
2254    -14395.091797
2255    -14395.111328
2256    -14395.130859
2257    -14395.150391
2258    -14395.170898
2259    -14395.189453
2260    -14395.209961
2261    -14395.229492
2262    -14395.250000
2263    -14395.269531
2264    -14395.290039
2265    -14395.308594
2266    -14395.329102
2267    -14395.349609
2268    -14395.369141
2269    -14395.389648
2270    -14395.409180
2271    -14395.429688
2272    -14395.449219
2273    -14395.468750
2274    -14395.489258
2275    -14395.509766
2276    -14395.529297
2277    -14395.549805
2278    -14395.569336
2279    -14395.589844
2280    -14395.610352
2281    -14395.630859
2282    -14395.650391
2283    -14395.669922
2284    -14395.691406
2285    -14395.710938
2286    -14395.732422
2287    -14395.751953
2288    -14395.772461
2289    -14395.791992
2290    -14395.813477
2291    -14395.833984
2292    -14395.854492
2293    -14395.875000
2294    -14395.894531
2295    -14395.915039
2296    -14395.936523
2297    -14395.957031
2298    -14395.978516
2299    -14395.998047
2300    -14396.019531
2301    -14396.040039
2302    -14396.060547
2303    -14396.082031
2304    -14396.101562
2305    -14396.123047
2306    -14396.142578
2307    -14396.164062
2308    -14396.185547
2309    -14396.207031
2310    -14396.227539
2311    -14396.248047
2312    -14396.269531
2313    -14396.291016
2314    -14396.312500
2315    -14396.333008
2316    -14396.355469
2317    -14396.375977
2318    -14396.397461
2319    -14396.417969
2320    -14396.440430
2321    -14396.460938
2322    -14396.483398
2323    -14396.504883
2324    -14396.526367
2325    -14396.547852
2326    -14396.570312
2327    -14396.590820
2328    -14396.612305
2329    -14396.634766
2330    -14396.656250
2331    -14396.678711
2332    -14396.700195
2333    -14396.722656
2334    -14396.744141
2335    -14396.767578
2336    -14396.789062
2337    -14396.810547
2338    -14396.833984
2339    -14396.855469
2340    -14396.878906
2341    -14396.900391
2342    -14396.922852
2343    -14396.946289
2344    -14396.968750
2345    -14396.991211
2346    -14397.013672
2347    -14397.037109
2348    -14397.060547
2349    -14397.083008
2350    -14397.105469
2351    -14397.128906
2352    -14397.152344
2353    -14397.175781
2354    -14397.199219
2355    -14397.221680
2356    -14397.244141
2357    -14397.268555
2358    -14397.291992
2359    -14397.316406
2360    -14397.339844
2361    -14397.363281
2362    -14397.387695
2363    -14397.412109
2364    -14397.435547
2365    -14397.458984
2366    -14397.482422
2367    -14397.507812
2368    -14397.532227
2369    -14397.556641
2370    -14397.581055
2371    -14397.605469
2372    -14397.630859
2373    -14397.654297
2374    -14397.679688
2375    -14397.705078
2376    -14397.730469
2377    -14397.755859
2378    -14397.781250
2379    -14397.805664
2380    -14397.832031
2381    -14397.856445
2382    -14397.882812
2383    -14397.908203
2384    -14397.934570
2385    -14397.959961
2386    -14397.986328
2387    -14398.011719
2388    -14398.039062
2389    -14398.064453
2390    -14398.091797
2391    -14398.118164
2392    -14398.144531
2393    -14398.171875
2394    -14398.199219
2395    -14398.225586
2396    -14398.252930
2397    -14398.280273
2398    -14398.308594
2399    -14398.335938
2400    -14398.362305
2401    -14398.390625
2402    -14398.417969
2403    -14398.446289
2404    -14398.475586
2405    -14398.502930
2406    -14398.531250
2407    -14398.560547
2408    -14398.588867
2409    -14398.618164
2410    -14398.647461
2411    -14398.675781
2412    -14398.705078
2413    -14398.734375
2414    -14398.764648
2415    -14398.794922
2416    -14398.824219
2417    -14398.853516
2418    -14398.884766
2419    -14398.915039
2420    -14398.945312
2421    -14398.975586
2422    -14399.007812
2423    -14399.037109
2424    -14399.068359
2425    -14399.100586
2426    -14399.131836
2427    -14399.164062
2428    -14399.195312
2429    -14399.226562
2430    -14399.259766
2431    -14399.291016
2432    -14399.324219
2433    -14399.356445
2434    -14399.388672
2435    -14399.421875
2436    -14399.455078
2437    -14399.488281
2438    -14399.523438
2439    -14399.556641
2440    -14399.589844
2441    -14399.625000
2442    -14399.658203
2443    -14399.693359
2444    -14399.727539
2445    -14399.761719
2446    -14399.796875
2447    -14399.832031
2448    -14399.867188
2449    -14399.903320
2450    -14399.938477
2451    -14399.974609
2452    -14400.011719
2453    -14400.046875
2454    -14400.083984
2455    -14400.120117
2456    -14400.158203
2457    -14400.195312
2458    -14400.230469
2459    -14400.268555
2460    -14400.306641
2461    -14400.343750
2462    -14400.382812
2463    -14400.420898
2464    -14400.458984
2465    -14400.498047
2466    -14400.537109
2467    -14400.576172
2468    -14400.615234
2469    -14400.654297
2470    -14400.694336
2471    -14400.732422
2472    -14400.773438
2473    -14400.814453
2474    -14400.853516
2475    -14400.894531
2476    -14400.934570
2477    -14400.975586
2478    -14401.017578
2479    -14401.058594
2480    -14401.099609
2481    -14401.140625
2482    -14401.183594
2483    -14401.224609
2484    -14401.267578
2485    -14401.308594
2486    -14401.351562
2487    -14401.394531
2488    -14401.437500
2489    -14401.480469
2490    -14401.523438
2491    -14401.565430
2492    -14401.607422
2493    -14401.650391
2494    -14401.693359
2495    -14401.735352
2496    -14401.779297
2497    -14401.821289
2498    -14401.865234
2499    -14401.908203
2500    -14401.952148
2501    -14401.996094
2502    -14402.039062
2503    -14402.083984
2504    -14402.127930
2505    -14402.171875
2506    -14402.216797
2507    -14402.261719
2508    -14402.306641
2509    -14402.351562
2510    -14402.395508
2511    -14402.440430
2512    -14402.485352
2513    -14402.531250
2514    -14402.576172
2515    -14402.622070
2516    -14402.667969
2517    -14402.713867
2518    -14402.759766
2519    -14402.805664
2520    -14402.851562
2521    -14402.898438
2522    -14402.944336
2523    -14402.991211
2524    -14403.037109
2525    -14403.083984
2526    -14403.130859
2527    -14403.176758
2528    -14403.224609
2529    -14403.271484
2530    -14403.318359
2531    -14403.365234
2532    -14403.412109
2533    -14403.458984
2534    -14403.506836
2535    -14403.553711
2536    -14403.601562
2537    -14403.646484
2538    -14403.694336
2539    -14403.741211
2540    -14403.788086
2541    -14403.835938
2542    -14403.882812
2543    -14403.929688
2544    -14403.976562
2545    -14404.024414
2546    -14404.071289
2547    -14404.118164
2548    -14404.166016
2549    -14404.212891
2550    -14404.259766
2551    -14404.307617
2552    -14404.355469
2553    -14404.402344
2554    -14404.450195
2555    -14404.498047
2556    -14404.544922
2557    -14404.592773
2558    -14404.638672
2559    -14404.687500
2560    -14404.733398
2561    -14404.781250
2562    -14404.829102
2563    -14404.875977
2564    -14404.923828
2565    -14404.970703
2566    -14405.017578
2567    -14405.065430
2568    -14405.112305
2569    -14405.159180
2570    -14405.207031
2571    -14405.253906
2572    -14405.300781
2573    -14405.347656
2574    -14405.394531
2575    -14405.442383
2576    -14405.488281
2577    -14405.535156
2578    -14405.582031
2579    -14405.629883
2580    -14405.676758
2581    -14405.722656
2582    -14405.770508
2583    -14405.816406
2584    -14405.863281
2585    -14405.910156
2586    -14405.957031
2587    -14406.003906
2588    -14406.050781
2589    -14406.095703
2590    -14406.142578
2591    -14406.189453
2592    -14406.236328
2593    -14406.281250
2594    -14406.327148
2595    -14406.374023
2596    -14406.419922
2597    -14406.465820
2598    -14406.512695
2599    -14406.558594
2600    -14406.604492
2601    -14406.650391
2602    -14406.696289
2603    -14406.742188
2604    -14406.788086
2605    -14406.833008
2606    -14406.878906
2607    -14406.924805
2608    -14406.969727
2609    -14407.015625
2610    -14407.061523
2611    -14407.106445
2612    -14407.152344
2613    -14407.197266
2614    -14407.242188
2615    -14407.288086
2616    -14407.333984
2617    -14407.377930
2618    -14407.423828
2619    -14407.468750
2620    -14407.513672
2621    -14407.558594
2622    -14407.603516
2623    -14407.648438
2624    -14407.693359
2625    -14407.738281
2626    -14407.783203
2627    -14407.827148
2628    -14407.872070
2629    -14407.916992
2630    -14407.960938
2631    -14408.005859
2632    -14408.050781
2633    -14408.095703
2634    -14408.138672
2635    -14408.183594
2636    -14408.228516
2637    -14408.271484
2638    -14408.317383
2639    -14408.361328
2640    -14408.406250
2641    -14408.449219
2642    -14408.494141
2643    -14408.538086
2644    -14408.582031
2645    -14408.625977
2646    -14408.669922
2647    -14408.714844
2648    -14408.757812
2649    -14408.801758
2650    -14408.845703
2651    -14408.890625
2652    -14408.933594
2653    -14408.977539
2654    -14409.021484
2655    -14409.064453
2656    -14409.110352
2657    -14409.153320
2658    -14409.197266
2659    -14409.240234
2660    -14409.285156
2661    -14409.329102
2662    -14409.372070
2663    -14409.416016
2664    -14409.458984
2665    -14409.503906
2666    -14409.546875
2667    -14409.590820
2668    -14409.634766
2669    -14409.678711
2670    -14409.722656
2671    -14409.765625
2672    -14409.808594
2673    -14409.853516
2674    -14409.896484
2675    -14409.940430
2676    -14409.984375
2677    -14410.027344
2678    -14410.072266
2679    -14410.116211
2680    -14410.160156
2681    -14410.203125
2682    -14410.248047
2683    -14410.291016
2684    -14410.335938
2685    -14410.378906
2686    -14410.422852
2687    -14410.466797
2688    -14410.511719
2689    -14410.554688
2690    -14410.599609
2691    -14410.642578
2692    -14410.687500
2693    -14410.730469
2694    -14410.775391
2695    -14410.819336
2696    -14410.863281
2697    -14410.908203
2698    -14410.953125
2699    -14410.996094
2700    -14411.040039
2701    -14411.082031
2702    -14411.124023
2703    -14411.166016
2704    -14411.207031
2705    -14411.249023
2706    -14411.291016
2707    -14411.333984
2708    -14411.375000
2709    -14411.416992
2710    -14411.459961
2711    -14411.501953
2712    -14411.543945
2713    -14411.585938
2714    -14411.628906
2715    -14411.669922
2716    -14411.712891
2717    -14411.755859
2718    -14411.797852
2719    -14411.841797
2720    -14411.883789
2721    -14411.925781
2722    -14411.969727
2723    -14412.012695
2724    -14412.055664
2725    -14412.097656
2726    -14412.140625
2727    -14412.184570
2728    -14412.227539
2729    -14412.271484
2730    -14412.314453
2731    -14412.357422
2732    -14412.400391
2733    -14412.443359
2734    -14412.487305
2735    -14412.531250
2736    -14412.574219
2737    -14412.619141
2738    -14412.662109
2739    -14412.705078
2740    -14412.750000
2741    -14412.793945
2742    -14412.837891
2743    -14412.880859
2744    -14412.925781
2745    -14412.970703
2746    -14413.013672
2747    -14413.057617
2748    -14413.101562
2749    -14413.146484
2750    -14413.190430
2751    -14413.234375
2752    -14413.279297
2753    -14413.324219
2754    -14413.367188
2755    -14413.412109
2756    -14413.457031
2757    -14413.500000
2758    -14413.544922
2759    -14413.589844
2760    -14413.632812
2761    -14413.671875
2762    -14413.708008
2763    -14413.745117
2764    -14413.783203
2765    -14413.818359
2766    -14413.855469
2767    -14413.892578
2768    -14413.929688
2769    -14413.966797
2770    -14414.003906
2771    -14414.041016
2772    -14414.078125
2773    -14414.115234
2774    -14414.152344
2775    -14414.189453
2776    -14414.226562
2777    -14414.263672
2778    -14414.300781
2779    -14414.337891
2780    -14414.375000
2781    -14414.412109
2782    -14414.447266
2783    -14414.486328
2784    -14414.522461
2785    -14414.558594
2786    -14414.594727
2787    -14414.629883
2788    -14414.665039
2789    -14414.699219
2790    -14414.735352
2791    -14414.769531
2792    -14414.804688
2793    -14414.839844
2794    -14414.875000
2795    -14414.910156
2796    -14414.944336
2797    -14414.978516
2798    -14415.012695
2799    -14415.046875
2800    -14415.082031
2801    -14415.116211
2802    -14415.150391
2803    -14415.184570
2804    -14415.219727
2805    -14415.252930
2806    -14415.288086
2807    -14415.322266
2808    -14415.355469
2809    -14415.388672
2810    -14415.422852
2811    -14415.457031
2812    -14415.491211
2813    -14415.523438
2814    -14415.558594
2815    -14415.590820
2816    -14415.625000
2817    -14415.658203
2818    -14415.691406
2819    -14415.724609
2820    -14415.757812
2821    -14415.791016
2822    -14415.823242
2823    -14415.856445
2824    -14415.888672
2825    -14415.922852
2826    -14415.955078
2827    -14415.988281
2828    -14416.020508
2829    -14416.052734
2830    -14416.085938
2831    -14416.117188
2832    -14416.150391
2833    -14416.181641
2834    -14416.212891
2835    -14416.245117
2836    -14416.275391
2837    -14416.307617
2838    -14416.337891
2839    -14416.369141
2840    -14416.400391
2841    -14416.431641
2842    -14416.462891
2843    -14416.494141
2844    -14416.524414
2845    -14416.554688
2846    -14416.585938
2847    -14416.617188
2848    -14416.647461
2849    -14416.677734
2850    -14416.708008
2851    -14416.739258
2852    -14416.769531
2853    -14416.800781
2854    -14416.832031
2855    -14416.862305
2856    -14416.892578
2857    -14416.922852
2858    -14416.954102
2859    -14416.984375
2860    -14417.013672
2861    -14417.044922
2862    -14417.075195
2863    -14417.105469
2864    -14417.136719
2865    -14417.167969
2866    -14417.198242
2867    -14417.228516
2868    -14417.258789
2869    -14417.290039
2870    -14417.320312
2871    -14417.350586
2872    -14417.381836
2873    -14417.412109
2874    -14417.441406
2875    -14417.472656
2876    -14417.503906
2877    -14417.535156
2878    -14417.566406
2879    -14417.597656
2880    -14417.628906
2881    -14417.658203
2882    -14417.690430
2883    -14417.721680
2884    -14417.752930
2885    -14417.784180
2886    -14417.814453
2887    -14417.846680
2888    -14417.878906
2889    -14417.910156
2890    -14417.942383
2891    -14417.974609
2892    -14418.004883
2893    -14418.037109
2894    -14418.070312
2895    -14418.101562
2896    -14418.133789
2897    -14418.166016
2898    -14418.198242
2899    -14418.231445
2900    -14418.263672
2901    -14418.296875
2902    -14418.330078
2903    -14418.363281
2904    -14418.396484
2905    -14418.429688
2906    -14418.463867
2907    -14418.497070
2908    -14418.530273
2909    -14418.564453
2910    -14418.598633
2911    -14418.632812
2912    -14418.666016
2913    -14418.701172
2914    -14418.736328
2915    -14418.771484
2916    -14418.805664
2917    -14418.839844
2918    -14418.875000
2919    -14418.911133
2920    -14418.946289
2921    -14418.982422
2922    -14419.017578
2923    -14419.053711
2924    -14419.089844
2925    -14419.125977
2926    -14419.162109
2927    -14419.199219
2928    -14419.236328
2929    -14419.272461
2930    -14419.309570
2931    -14419.347656
2932    -14419.384766
2933    -14419.421875
2934    -14419.458984
2935    -14419.498047
2936    -14419.536133
2937    -14419.574219
2938    -14419.612305
2939    -14419.651367
2940    -14419.689453
2941    -14419.728516
2942    -14419.767578
2943    -14419.806641
2944    -14419.845703
2945    -14419.885742
2946    -14419.924805
2947    -14419.964844
2948    -14420.004883
2949    -14420.044922
2950    -14420.084961
2951    -14420.125977
2952    -14420.166016
2953    -14420.206055
2954    -14420.247070
2955    -14420.289062
2956    -14420.330078
2957    -14420.371094
2958    -14420.412109
2959    -14420.453125
2960    -14420.494141
2961    -14420.535156
2962    -14420.577148
2963    -14420.619141
2964    -14420.660156
2965    -14420.703125
2966    -14420.744141
2967    -14420.787109
2968    -14420.828125
2969    -14420.871094
2970    -14420.913086
2971    -14420.955078
2972    -14420.996094
2973    -14421.039062
2974    -14421.082031
2975    -14421.125000
2976    -14421.166016
2977    -14421.208984
2978    -14421.251953
2979    -14421.293945
2980    -14421.336914
2981    -14421.378906
2982    -14421.421875
2983    -14421.464844
2984    -14421.506836
2985    -14421.548828
2986    -14421.591797
2987    -14421.633789
2988    -14421.676758
2989    -14421.718750
2990    -14421.761719
2991    -14421.803711
2992    -14421.845703
2993    -14421.887695
2994    -14421.929688
2995    -14421.972656
2996    -14422.013672
2997    -14422.055664
2998    -14422.097656
2999    -14422.139648
3000    -14422.180664
3001    -14422.222656
3002    -14422.263672
3003    -14422.304688
3004    -14422.345703
3005    -14422.387695
3006    -14422.427734
3007    -14422.468750
3008    -14422.509766
3009    -14422.549805
3010    -14422.589844
3011    -14422.630859
3012    -14422.671875
3013    -14422.710938
3014    -14422.750977
3015    -14422.791016
3016    -14422.830078
3017    -14422.870117
3018    -14422.908203
3019    -14422.947266
3020    -14422.985352
3021    -14423.021484
3022    -14423.056641
3023    -14423.091797
3024    -14423.125000
3025    -14423.160156
3026    -14423.195312
3027    -14423.228516
3028    -14423.263672
3029    -14423.297852
3030    -14423.331055
3031    -14423.365234
3032    -14423.398438
3033    -14423.431641
3034    -14423.465820
3035    -14423.498047
3036    -14423.531250
3037    -14423.564453
3038    -14423.597656
3039    -14423.628906
3040    -14423.662109
3041    -14423.694336
3042    -14423.726562
3043    -14423.757812
3044    -14423.789062
3045    -14423.820312
3046    -14423.852539
3047    -14423.883789
3048    -14423.914062
3049    -14423.945312
3050    -14423.976562
3051    -14424.007812
3052    -14424.037109
3053    -14424.068359
3054    -14424.097656
3055    -14424.127930
3056    -14424.157227
3057    -14424.187500
3058    -14424.215820
3059    -14424.246094
3060    -14424.275391
3061    -14424.303711
3062    -14424.332031
3063    -14424.360352
3064    -14424.389648
3065    -14424.417969
3066    -14424.445312
3067    -14424.474609
3068    -14424.501953
3069    -14424.529297
3070    -14424.556641
3071    -14424.583984
3072    -14424.612305
3073    -14424.639648
3074    -14424.666016
3075    -14424.692383
3076    -14424.719727
3077    -14424.746094
3078    -14424.772461
3079    -14424.798828
3080    -14424.825195
3081    -14424.851562
3082    -14424.876953
3083    -14424.903320
3084    -14424.927734
3085    -14424.953125
3086    -14424.978516
3087    -14425.003906
3088    -14425.029297
3089    -14425.054688
3090    -14425.080078
3091    -14425.103516
3092    -14425.127930
3093    -14425.152344
3094    -14425.177734
3095    -14425.201172
3096    -14425.225586
3097    -14425.249023
3098    -14425.273438
3099    -14425.296875
3100    -14425.320312
3101    -14425.343750
3102    -14425.367188
3103    -14425.390625
3104    -14425.414062
3105    -14425.437500
3106    -14425.459961
3107    -14425.482422
3108    -14425.505859
3109    -14425.529297
3110    -14425.550781
3111    -14425.573242
3112    -14425.595703
3113    -14425.617188
3114    -14425.640625
3115    -14425.662109
3116    -14425.685547
3117    -14425.706055
3118    -14425.728516
3119    -14425.750000
3120    -14425.771484
3121    -14425.792969
3122    -14425.814453
3123    -14425.835938
3124    -14425.857422
3125    -14425.877930
3126    -14425.899414
3127    -14425.919922
3128    -14425.941406
3129    -14425.961914
3130    -14425.982422
3131    -14426.003906
3132    -14426.024414
3133    -14426.044922
3134    -14426.065430
3135    -14426.085938
3136    -14426.105469
3137    -14426.126953
3138    -14426.146484
3139    -14426.166016
3140    -14426.186523
3141    -14426.207031
3142    -14426.226562
3143    -14426.246094
3144    -14426.265625
3145    -14426.286133
3146    -14426.305664
3147    -14426.325195
3148    -14426.345703
3149    -14426.364258
3150    -14426.383789
3151    -14426.402344
3152    -14426.422852
3153    -14426.441406
3154    -14426.460938
3155    -14426.480469
3156    -14426.499023
3157    -14426.517578
3158    -14426.537109
3159    -14426.555664
3160    -14426.574219
3161    -14426.593750
3162    -14426.611328
3163    -14426.629883
3164    -14426.649414
3165    -14426.667969
3166    -14426.686523
3167    -14426.705078
3168    -14426.722656
3169    -14426.742188
3170    -14426.757812
3171    -14426.771484
3172    -14426.786133
3173    -14426.800781
3174    -14426.814453
3175    -14426.828125
3176    -14426.842773
3177    -14426.857422
3178    -14426.871094
3179    -14426.884766
3180    -14426.898438
3181    -14426.912109
3182    -14426.926758
3183    -14426.940430
3184    -14426.955078
3185    -14426.968750
3186    -14426.982422
3187    -14426.996094
3188    -14427.009766
3189    -14427.023438
3190    -14427.037109
3191    -14427.050781
3192    -14427.064453
3193    -14427.078125
3194    -14427.089844
3195    -14427.100586
3196    -14427.110352
3197    -14427.120117
3198    -14427.130859
3199    -14427.140625
3200    -14427.150391
3201    -14427.160156
3202    -14427.170898
3203    -14427.179688
3204    -14427.190430
3205    -14427.201172
3206    -14427.210938
3207    -14427.220703
3208    -14427.230469
3209    -14427.240234
3210    -14427.250000
3211    -14427.259766
3212    -14427.269531
3213    -14427.279297
3214    -14427.289062
3215    -14427.299805
3216    -14427.310547
3217    -14427.319336
3218    -14427.330078
3219    -14427.339844
3220    -14427.349609
3221    -14427.358398
3222    -14427.369141
3223    -14427.378906
3224    -14427.388672
3225    -14427.398438
3226    -14427.408203
3227    -14427.417969
3228    -14427.427734
3229    -14427.437500
3230    -14427.447266
3231    -14427.456055
3232    -14427.465820
3233    -14427.475586
3234    -14427.485352
3235    -14427.495117
3236    -14427.503906
3237    -14427.513672
3238    -14427.522461
3239    -14427.533203
3240    -14427.541016
3241    -14427.550781
3242    -14427.560547
3243    -14427.568359
3244    -14427.578125
3245    -14427.586914
3246    -14427.595703
3247    -14427.605469
3248    -14427.614258
3249    -14427.623047
3250    -14427.630859
