Step            Loss
--------------------
1         240.909790
2        -162.397705
3        -565.309082
4        -969.632202
5       -1371.598145
6       -1775.384521
7       -2179.169434
8       -2582.296143
9       -2985.886230
10      -3388.581055
11      -3792.187256
12      -4195.571289
13      -4599.528809
14      -5002.958496
15      -5407.052734
16      -5811.250977
17      -6215.248047
18      -6618.854980
19      -7023.505371
20      -7427.926270
21      -7832.766113
22      -8237.371094
23      -8642.882812
24      -9049.235352
25      -9453.980469
26      -9859.985352
27      -10265.566406
28      -10672.834961
29      -11079.923828
30      -11486.793945
31      -11895.064453
32      -12302.773438
33      -12711.568359
34      -13119.592773
35      -13529.821289
36      -13939.523438
37      -14349.323242
38      -14760.794922
39      -15172.181641
40      -15584.189453
41      -15996.814453
42      -16409.048828
43      -16823.343750
44      -17237.234375
45      -17652.210938
46      -18067.501953
47      -18484.285156
48      -18901.214844
49      -19318.898438
50      -19736.628906
51      -20156.082031
52      -20575.515625
53      -20996.203125
54      -21417.955078
55      -21839.242188
56      -22262.785156
57      -22685.871094
58      -23110.613281
59      -23535.574219
60      -23961.273438
61      -24388.869141
62      -24815.919922
63      -25245.496094
64      -25674.621094
65      -26105.330078
66      -26536.312500
67      -26968.750000
68      -27401.453125
69      -27835.203125
70      -28271.158203
71      -28706.158203
72      -29143.423828
73      -29580.773438
74      -30019.796875
75      -30459.341797
76      -30900.031250
77      -31341.341797
78      -31783.789062
79      -32227.509766
80      -32672.750000
81      -33117.210938
82      -33563.843750
83      -34011.648438
84      -34459.886719
85      -34908.355469
86      -35360.585938
87      -35811.320312
88      -36263.156250
89      -36717.312500
90      -37171.402344
91      -37627.062500
92      -38083.117188
93      -38540.593750
94      -38999.308594
95      -39458.628906
96      -39919.242188
97      -40381.019531
98      -40842.460938
99      -41306.937500
100     -41771.148438
101     -42236.273438
102     -42702.335938
103     -43170.132812
104     -43638.554688
105     -44107.750000
106     -44579.152344
107     -45049.605469
108     -45521.640625
109     -45995.187500
110     -46469.511719
111     -46944.500000
112     -47421.007812
113     -47897.949219
114     -48375.203125
115     -48855.050781
116     -49334.429688
117     -49814.976562
118     -50297.035156
119     -50780.140625
120     -51262.953125
121     -51747.945312
122     -52233.078125
123     -52719.238281
124     -53205.843750
125     -53693.179688
126     -54182.609375
127     -54672.882812
128     -55162.492188
129     -55653.953125
130     -56146.539062
131     -56639.671875
132     -57132.933594
133     -57626.984375
134     -58122.035156
135     -58617.835938
136     -59114.578125
137     -59611.804688
138     -60110.578125
139     -60608.152344
140     -61107.765625
141     -61608.226562
142     -62109.394531
143     -62610.445312
144     -63112.285156
145     -63616.070312
146     -64118.359375
147     -64622.375000
148     -65127.371094
149     -65632.882812
150     -66138.117188
151     -66644.453125
152     -67152.765625
153     -67659.148438
154     -68167.710938
155     -68674.765625
156     -69184.242188
157     -69694.093750
158     -70204.062500
159     -70714.445312
160     -71224.578125
161     -71735.203125
162     -72246.984375
163     -72759.640625
164     -73270.945312
165     -73783.898438
166     -74296.375000
167     -74810.257812
168     -75323.945312
169     -75837.187500
170     -76351.687500
171     -76867.046875
172     -77382.218750
173     -77896.031250
174     -78411.265625
175     -78926.359375
176     -79440.984375
177     -79958.312500
178     -80473.656250
179     -80988.226562
180     -81504.671875
181     -82021.039062
182     -82537.187500
183     -83053.796875
184     -83570.234375
185     -84086.867188
186     -84603.328125
187     -85120.296875
188     -85635.570312
189     -86152.046875
190     -86669.109375
191     -87184.343750
192     -87701.468750
193     -88218.531250
194     -88734.703125
195     -89248.984375
196     -89765.601562
197     -90281.609375
198     -90797.414062
199     -91311.914062
200     -91827.664062
201     -92343.234375
202     -92855.429688
203     -93372.703125
204     -93886.890625
205     -94400.328125
206     -94913.000000
207     -95426.390625
208     -95939.812500
209     -96453.171875
210     -96963.796875
211     -97477.429688
212     -97987.906250
213     -98498.656250
214     -99010.781250
215     -99520.835938
216     -100029.750000
217     -100539.156250
218     -101048.875000
219     -101557.515625
220     -102065.640625
221     -102573.757812
222     -103078.882812
223     -103587.070312
224     -104093.632812
225     -104598.656250
226     -105102.226562
227     -105606.140625
228     -106110.468750
229     -106612.578125
230     -107115.140625
231     -107616.312500
232     -108116.695312
233     -108618.593750
234     -109117.421875
235     -109616.421875
236     -110114.062500
237     -110612.492188
238     -111107.734375
239     -111603.492188
240     -112098.218750
241     -112594.054688
242     -113086.468750
243     -113579.390625
244     -114070.734375
245     -114560.531250
246     -115050.796875
247     -115540.492188
248     -116028.828125
249     -116516.765625
250     -117003.382812
251     -117488.828125
252     -117973.687500
253     -118457.203125
254     -118938.468750
255     -119421.250000
256     -119901.632812
257     -120380.375000
258     -120859.031250
259     -121336.820312
260     -121812.875000
261     -122287.757812
262     -122763.601562
263     -123237.507812
264     -123709.632812
265     -124180.773438
266     -124651.187500
267     -125120.226562
268     -125589.390625
269     -126056.093750
270     -126522.304688
271     -126989.398438
272     -127451.921875
273     -127914.734375
274     -128376.609375
275     -128837.093750
276     -129296.984375
277     -129755.312500
278     -130212.406250
279     -130666.960938
280     -131122.890625
281     -131574.687500
282     -132026.218750
283     -132478.390625
284     -132926.281250
285     -133375.281250
286     -133821.968750
287     -134266.875000
288     -134711.625000
289     -135153.875000
290     -135595.718750
291     -136037.375000
292     -136476.140625
293     -136914.281250
294     -137349.125000
295     -137784.375000
296     -138219.218750
297     -138651.593750
298     -139083.093750
299     -139512.562500
300     -139942.562500
301     -140370.734375
302     -140795.687500
303     -141220.593750
304     -141644.140625
305     -142065.781250
306     -142487.234375
307     -142905.140625
308     -143324.750000
309     -143741.078125
310     -144156.093750
311     -144570.187500
312     -144982.500000
313     -145394.484375
314     -145803.296875
315     -146211.500000
316     -146617.812500
317     -147024.125000
318     -147427.203125
319     -147829.781250
320     -148231.796875
321     -148629.312500
322     -149029.000000
323     -149423.968750
324     -149819.750000
325     -150213.531250
326     -150606.031250
327     -150997.250000
328     -151386.593750
329     -151773.468750
330     -152160.015625
331     -152545.218750
332     -152927.968750
333     -153309.984375
334     -153691.406250
335     -154069.625000
336     -154447.546875
337     -154824.046875
338     -155199.281250
339     -155570.671875
340     -155942.843750
341     -156312.750000
342     -156682.468750
343     -157048.046875
344     -157413.968750
345     -157777.640625
346     -158140.296875
347     -158500.171875
348     -158859.062500
349     -159217.140625
350     -159573.828125
351     -159927.343750
352     -160281.156250
353     -160633.812500
354     -160982.468750
355     -161331.703125
356     -161678.562500
357     -162023.250000
358     -162366.781250
359     -162709.937500
360     -163050.500000
361     -163388.390625
362     -163725.468750
363     -164062.343750
364     -164396.328125
365     -164731.125000
366     -165062.750000
367     -165391.515625
368     -165721.125000
369     -166049.296875
370     -166375.437500
371     -166700.593750
372     -167022.812500
373     -167344.375000
374     -167663.750000
375     -167979.828125
376     -168297.218750
377     -168610.484375
378     -168925.187500
379     -169235.375000
380     -169545.906250
381     -169853.921875
382     -170160.015625
383     -170465.875000
384     -170768.406250
385     -171071.593750
386     -171371.531250
387     -171670.390625
388     -171966.375000
389     -172263.125000
390     -172558.250000
391     -172851.156250
392     -173143.406250
393     -173431.906250
394     -173719.781250
395     -174006.500000
396     -174291.281250
397     -174575.718750
398     -174857.296875
399     -175137.578125
400     -175417.312500
401     -175693.734375
402     -175971.625000
403     -176244.062500
404     -176518.421875
405     -176790.187500
406     -177060.171875
407     -177328.546875
408     -177596.062500
409     -177862.031250
410     -178127.250000
411     -178390.250000
412     -178649.468750
413     -178910.031250
414     -179168.906250
415     -179423.687500
416     -179679.828125
417     -179934.234375
418     -180187.125000
419     -180437.421875
420     -180686.781250
421     -180934.343750
422     -181180.468750
423     -181425.593750
424     -181670.421875
425     -181912.968750
426     -182152.015625
427     -182390.703125
428     -182629.546875
429     -182864.546875
430     -183100.218750
431     -183333.125000
432     -183563.843750
433     -183794.406250
434     -184024.468750
435     -184252.359375
436     -184478.031250
437     -184703.031250
438     -184924.828125
439     -185146.312500
440     -185367.000000
441     -185586.281250
442     -185804.093750
443     -186019.625000
444     -186234.484375
445     -186448.125000
446     -186661.156250
447     -186872.312500
448     -187080.312500
449     -187288.828125
450     -187495.500000
451     -187699.359375
452     -187904.218750
453     -188107.515625
454     -188308.093750
455     -188509.140625
456     -188708.484375
457     -188904.953125
458     -189101.187500
459     -189297.250000
460     -189491.000000
461     -189682.468750
462     -189873.859375
463     -190064.625000
464     -190251.484375
465     -190437.250000
466     -190624.218750
467     -190809.343750
468     -190993.171875
469     -191175.625000
470     -191356.562500
471     -191536.843750
472     -191714.250000
473     -191891.968750
474     -192067.734375
475     -192242.796875
476     -192418.312500
477     -192590.062500
478     -192761.031250
479     -192930.156250
480     -193098.328125
481     -193266.843750
482     -193431.156250
483     -193596.593750
484     -193759.390625
485     -193922.312500
486     -194082.718750
487     -194241.546875
488     -194400.500000
489     -194558.906250
490     -194713.890625
491     -194868.093750
492     -195023.062500
493     -195174.687500
494     -195325.890625
495     -195476.000000
496     -195625.484375
497     -195772.937500
498     -195920.562500
499     -196067.453125
500     -196212.093750
501     -196355.406250
502     -196498.437500
503     -196639.375000
504     -196780.062500
505     -196919.000000
506     -197057.781250
507     -197193.843750
508     -197330.156250
509     -197465.187500
510     -197598.718750
511     -197731.968750
512     -197863.218750
513     -197994.984375
514     -198124.125000
515     -198252.156250
516     -198378.906250
517     -198504.328125
518     -198630.500000
519     -198755.484375
520     -198878.203125
521     -199000.421875
522     -199121.843750
523     -199242.437500
524     -199361.531250
525     -199481.218750
526     -199597.125000
527     -199714.140625
528     -199830.859375
529     -199945.656250
530     -200057.984375
531     -200171.015625
532     -200282.218750
533     -200392.734375
534     -200503.343750
535     -200611.875000
536     -200720.015625
537     -200826.968750
538     -200931.765625
539     -201038.156250
540     -201141.250000
541     -201244.484375
542     -201347.250000
543     -201446.984375
544     -201547.468750
545     -201648.500000
546     -201746.343750
547     -201843.187500
548     -201939.750000
549     -202034.562500
550     -202129.406250
551     -202224.265625
552     -202316.312500
553     -202409.093750
554     -202498.937500
555     -202590.500000
556     -202680.203125
557     -202769.500000
558     -202857.250000
559     -202944.093750
560     -203030.328125
561     -203115.718750
562     -203201.203125
563     -203285.828125
564     -203368.250000
565     -203451.250000
566     -203533.062500
567     -203613.421875
568     -203693.031250
569     -203772.140625
570     -203848.968750
571     -203926.015625
572     -204002.187500
573     -204078.437500
574     -204153.906250
575     -204227.156250
576     -204301.218750
577     -204373.281250
578     -204445.406250
579     -204516.875000
580     -204588.000000
581     -204657.984375
582     -204727.468750
583     -204797.265625
584     -204864.312500
585     -204932.796875
586     -204999.437500
587     -205065.468750
588     -205131.250000
589     -205195.140625
590     -205261.093750
591     -205324.656250
592     -205388.375000
593     -205451.562500
594     -205513.968750
595     -205575.593750
596     -205636.750000
597     -205697.671875
598     -205757.750000
599     -205817.750000
600     -205876.796875
601     -205935.250000
602     -205993.218750
603     -206050.437500
604     -206107.781250
605     -206164.046875
606     -206220.234375
607     -206277.265625
608     -206331.625000
609     -206387.093750
610     -206441.281250
611     -206495.296875
612     -206548.359375
613     -206601.468750
614     -206653.531250
615     -206705.437500
616     -206756.781250
617     -206807.421875
618     -206858.750000
619     -206907.453125
620     -206958.093750
621     -207006.937500
622     -207055.281250
623     -207103.578125
624     -207151.218750
625     -207198.937500
626     -207246.312500
627     -207293.109375
628     -207338.953125
629     -207385.562500
630     -207431.265625
631     -207477.171875
632     -207522.093750
633     -207566.875000
634     -207610.812500
635     -207654.015625
636     -207697.093750
637     -207739.187500
638     -207780.953125
639     -207822.875000
640     -207863.765625
641     -207905.000000
642     -207945.656250
643     -207985.703125
644     -208025.562500
645     -208064.781250
646     -208103.593750
647     -208142.625000
648     -208180.906250
649     -208218.500000
650     -208255.500000
651     -208292.625000
652     -208328.765625
653     -208364.937500
654     -208401.437500
655     -208435.968750
656     -208471.812500
657     -208506.281250
658     -208540.906250
659     -208575.156250
660     -208609.093750
661     -208642.687500
662     -208675.296875
663     -208708.468750
664     -208741.031250
665     -208773.812500
666     -208805.312500
667     -208836.968750
668     -208868.031250
669     -208899.187500
670     -208929.703125
671     -208960.765625
672     -208991.125000
673     -209020.984375
674     -209051.437500
675     -209081.000000
676     -209110.078125
677     -209139.093750
678     -209167.937500
679     -209196.218750
680     -209224.031250
681     -209252.437500
682     -209279.937500
683     -209307.906250
684     -209335.375000
685     -209362.187500
686     -209389.437500
687     -209415.703125
688     -209442.375000
689     -209468.875000
690     -209494.828125
691     -209520.296875
692     -209546.140625
693     -209571.281250
694     -209596.234375
695     -209621.625000
696     -209646.062500
697     -209670.468750
698     -209695.296875
699     -209719.187500
700     -209743.343750
701     -209766.593750
702     -209790.656250
703     -209814.109375
704     -209837.015625
705     -209859.921875
706     -209882.937500
707     -209905.781250
708     -209927.968750
709     -209949.953125
710     -209972.000000
711     -209994.093750
712     -210015.750000
713     -210037.421875
714     -210058.656250
715     -210080.187500
716     -210101.500000
717     -210122.656250
718     -210143.718750
719     -210164.312500
720     -210185.359375
721     -210205.531250
722     -210225.890625
723     -210245.593750
724     -210265.890625
725     -210285.078125
726     -210305.375000
727     -210324.656250
728     -210344.359375
729     -210363.421875
730     -210382.687500
731     -210402.109375
732     -210421.156250
733     -210439.687500
734     -210458.718750
735     -210477.406250
736     -210495.687500
737     -210514.281250
738     -210532.625000
739     -210551.000000
740     -210569.046875
741     -210586.843750
742     -210604.531250
743     -210622.125000
744     -210639.609375
745     -210656.765625
746     -210674.343750
747     -210691.156250
748     -210708.312500
749     -210724.937500
750     -210741.437500
751     -210758.343750
752     -210774.781250
753     -210791.203125
754     -210807.562500
755     -210823.656250
756     -210839.593750
757     -210855.812500
758     -210871.578125
759     -210887.187500
760     -210902.984375
761     -210918.250000
762     -210933.890625
763     -210949.156250
764     -210964.093750
765     -210979.312500
766     -210994.187500
767     -211008.984375
768     -211023.468750
769     -211038.031250
770     -211052.531250
771     -211066.968750
772     -211081.343750
773     -211095.375000
774     -211109.406250
775     -211123.312500
776     -211137.218750
777     -211150.812500
778     -211164.875000
779     -211178.531250
780     -211192.281250
781     -211205.937500
782     -211219.218750
783     -211232.765625
784     -211246.156250
785     -211259.125000
786     -211272.453125
787     -211285.406250
788     -211298.406250
789     -211311.218750
790     -211324.156250
791     -211336.796875
792     -211349.375000
793     -211361.875000
794     -211374.406250
795     -211386.781250
796     -211399.156250
797     -211411.234375
798     -211423.437500
799     -211435.531250
800     -211447.625000
801     -211459.781250
802     -211471.656250
803     -211483.343750
804     -211495.359375
805     -211507.187500
806     -211518.687500
807     -211530.375000
808     -211542.062500
809     -211553.625000
810     -211564.828125
811     -211576.187500
812     -211587.562500
813     -211598.734375
814     -211610.171875
815     -211620.984375
816     -211631.937500
817     -211642.875000
818     -211653.906250
819     -211664.875000
820     -211675.359375
821     -211686.125000
822     -211696.531250
823     -211707.125000
824     -211717.750000
825     -211728.000000
826     -211738.640625
827     -211748.765625
828     -211758.828125
829     -211769.296875
830     -211779.093750
831     -211789.312500
832     -211799.171875
833     -211809.015625
834     -211819.187500
835     -211828.750000
836     -211838.531250
837     -211848.343750
838     -211858.031250
839     -211867.640625
840     -211877.390625
841     -211886.671875
842     -211896.187500
843     -211905.484375
844     -211914.875000
845     -211924.109375
846     -211933.328125
847     -211942.359375
848     -211951.750000
849     -211960.859375
850     -211969.906250
851     -211979.000000
852     -211988.125000
853     -211997.078125
854     -212005.937500
855     -212014.937500
856     -212023.625000
857     -212032.656250
858     -212041.468750
859     -212050.140625
860     -212059.093750
861     -212067.781250
862     -212076.343750
863     -212085.156250
864     -212093.718750
865     -212102.062500
866     -212110.625000
867     -212119.140625
868     -212127.484375
869     -212135.968750
870     -212144.250000
871     -212152.687500
872     -212160.875000
873     -212169.031250
874     -212177.187500
875     -212185.156250
876     -212192.937500
877     -212201.312500
878     -212209.093750
879     -212217.031250
880     -212225.093750
881     -212233.031250
882     -212240.781250
883     -212248.687500
884     -212256.375000
885     -212264.281250
886     -212272.000000
887     -212279.625000
888     -212287.281250
889     -212294.890625
890     -212302.500000
891     -212309.937500
892     -212317.531250
893     -212325.031250
894     -212332.437500
895     -212339.984375
896     -212347.250000
897     -212354.578125
898     -212362.000000
899     -212369.406250
900     -212376.562500
901     -212383.937500
902     -212391.093750
903     -212398.593750
904     -212405.453125
905     -212412.718750
906     -212419.750000
907     -212426.984375
908     -212434.000000
909     -212441.000000
910     -212448.046875
911     -212455.015625
912     -212461.875000
913     -212468.828125
914     -212475.593750
915     -212482.343750
916     -212489.234375
917     -212495.906250
918     -212502.718750
919     -212509.375000
920     -212515.968750
921     -212522.718750
922     -212529.250000
923     -212536.015625
924     -212542.359375
925     -212548.921875
926     -212555.296875
927     -212561.718750
928     -212568.406250
929     -212574.843750
930     -212581.156250
931     -212587.828125
932     -212593.890625
933     -212600.328125
934     -212606.750000
935     -212612.937500
936     -212619.125000
937     -212625.343750
938     -212631.578125
939     -212637.921875
940     -212644.062500
941     -212650.265625
942     -212656.562500
943     -212662.718750
944     -212668.859375
945     -212674.875000
946     -212680.937500
947     -212687.406250
948     -212693.281250
949     -212699.375000
950     -212705.390625
951     -212711.500000
952     -212717.281250
953     -212723.203125
954     -212729.406250
955     -212735.062500
956     -212741.000000
957     -212746.875000
958     -212752.843750
959     -212758.640625
960     -212764.406250
961     -212770.062500
962     -212775.781250
963     -212781.750000
964     -212787.468750
965     -212793.187500
966     -212798.718750
967     -212804.718750
968     -212810.375000
969     -212815.875000
970     -212821.656250
971     -212827.250000
972     -212832.375000
973     -212838.171875
974     -212843.906250
975     -212849.375000
976     -212854.656250
977     -212860.156250
978     -212865.640625
979     -212871.015625
980     -212876.296875
981     -212881.656250
982     -212887.312500
983     -212892.718750
984     -212898.031250
985     -212903.218750
986     -212908.343750
987     -212913.718750
988     -212919.093750
989     -212924.515625
990     -212929.531250
991     -212934.906250
992     -212940.093750
993     -212945.203125
994     -212950.437500
995     -212955.531250
996     -212960.796875
997     -212965.781250
998     -212971.312500
999     -212976.218750
1000    -212981.343750
1001    -212986.437500
1002    -212991.531250
1003    -212996.671875
1004    -213001.562500
1005    -213006.703125
1006    -213011.500000
1007    -213016.406250
1008    -213021.750000
1009    -213026.640625
1010    -213031.453125
1011    -213036.437500
1012    -213041.406250
1013    -213046.125000
1014    -213051.187500
1015    -213056.000000
1016    -213060.812500
1017    -213065.703125
1018    -213070.593750
1019    -213075.234375
1020    -213079.937500
1021    -213084.968750
1022    -213089.578125
1023    -213094.390625
1024    -213099.234375
1025    -213103.890625
1026    -213108.593750
1027    -213113.468750
1028    -213118.125000
1029    -213122.906250
1030    -213127.468750
1031    -213132.125000
1032    -213136.843750
1033    -213141.515625
1034    -213146.156250
1035    -213150.937500
1036    -213155.468750
1037    -213160.218750
1038    -213164.781250
1039    -213169.500000
1040    -213173.921875
1041    -213178.578125
1042    -213183.140625
1043    -213187.718750
1044    -213192.281250
1045    -213196.812500
1046    -213201.140625
1047    -213205.796875
1048    -213210.125000
1049    -213214.718750
1050    -213219.109375
1051    -213223.562500
1052    -213228.218750
1053    -213232.468750
1054    -213236.781250
1055    -213241.359375
1056    -213245.656250
1057    -213250.078125
1058    -213254.281250
1059    -213258.890625
1060    -213263.156250
1061    -213267.500000
1062    -213271.828125
1063    -213275.843750
1064    -213280.312500
1065    -213284.406250
1066    -213288.578125
1067    -213292.875000
1068    -213297.156250
1069    -213301.312500
1070    -213305.484375
1071    -213309.718750
1072    -213313.687500
1073    -213317.890625
1074    -213322.109375
1075    -213326.328125
1076    -213330.343750
1077    -213334.375000
1078    -213338.625000
1079    -213342.843750
1080    -213346.734375
1081    -213350.843750
1082    -213355.125000
1083    -213359.156250
1084    -213363.156250
1085    -213367.250000
1086    -213371.156250
1087    -213375.171875
1088    -213379.281250
1089    -213383.281250
1090    -213387.281250
1091    -213391.250000
1092    -213395.187500
1093    -213399.156250
1094    -213402.984375
1095    -213406.906250
1096    -213410.687500
1097    -213414.812500
1098    -213418.718750
1099    -213422.515625
1100    -213426.328125
1101    -213430.187500
1102    -213434.015625
1103    -213437.750000
1104    -213441.687500
1105    -213445.468750
1106    -213449.437500
1107    -213453.000000
1108    -213457.078125
1109    -213460.812500
1110    -213464.562500
1111    -213468.218750
1112    -213472.125000
1113    -213475.875000
1114    -213479.562500
1115    -213483.296875
1116    -213487.140625
1117    -213490.875000
1118    -213494.687500
1119    -213498.312500
1120    -213502.031250
1121    -213505.593750
1122    -213509.437500
1123    -213513.031250
1124    -213516.718750
1125    -213520.125000
1126    -213524.000000
1127    -213527.625000
1128    -213531.375000
1129    -213534.890625
1130    -213538.609375
1131    -213542.140625
1132    -213545.515625
1133    -213548.953125
1134    -213552.593750
1135    -213556.125000
1136    -213559.765625
1137    -213563.281250
1138    -213566.718750
1139    -213570.250000
1140    -213573.765625
1141    -213577.281250
1142    -213580.812500
1143    -213584.218750
1144    -213587.546875
1145    -213591.062500
1146    -213594.328125
1147    -213597.859375
1148    -213601.343750
1149    -213604.718750
1150    -213608.031250
1151    -213611.468750
1152    -213614.781250
1153    -213618.125000
1154    -213621.531250
1155    -213624.812500
1156    -213628.156250
1157    -213631.578125
1158    -213634.906250
1159    -213638.218750
1160    -213641.437500
1161    -213644.687500
1162    -213647.937500
1163    -213651.281250
1164    -213654.734375
1165    -213657.953125
1166    -213661.187500
1167    -213664.421875
1168    -213667.718750
1169    -213670.953125
1170    -213674.156250
1171    -213677.328125
1172    -213680.562500
1173    -213683.906250
1174    -213686.906250
1175    -213690.078125
1176    -213693.312500
1177    -213696.562500
1178    -213699.828125
1179    -213702.906250
1180    -213705.968750
1181    -213709.156250
1182    -213712.343750
1183    -213715.484375
1184    -213718.562500
1185    -213721.562500
1186    -213724.718750
1187    -213727.906250
1188    -213731.031250
1189    -213734.125000
1190    -213737.218750
1191    -213740.250000
1192    -213743.281250
1193    -213746.375000
1194    -213749.625000
1195    -213752.484375
1196    -213755.656250
1197    -213758.656250
1198    -213761.671875
1199    -213764.875000
1200    -213767.906250
1201    -213770.937500
1202    -213773.875000
1203    -213776.968750
1204    -213779.890625
1205    -213782.906250
1206    -213786.000000
1207    -213788.859375
1208    -213791.859375
1209    -213794.625000
1210    -213797.687500
1211    -213800.500000
1212    -213803.500000
1213    -213806.343750
1214    -213809.484375
1215    -213812.250000
1216    -213815.125000
1217    -213818.156250
1218    -213820.906250
1219    -213823.890625
1220    -213826.890625
1221    -213829.781250
1222    -213832.718750
1223    -213835.437500
1224    -213838.359375
1225    -213841.375000
1226    -213844.296875
1227    -213847.093750
1228    -213849.937500
1229    -213852.906250
1230    -213855.656250
1231    -213858.453125
1232    -213861.156250
1233    -213864.000000
1234    -213866.875000
1235    -213869.718750
1236    -213872.406250
1237    -213875.093750
1238    -213878.031250
1239    -213880.828125
1240    -213883.562500
1241    -213886.218750
1242    -213889.031250
1243    -213891.765625
1244    -213894.562500
1245    -213897.109375
1246    -213899.968750
1247    -213902.515625
1248    -213905.421875
1249    -213908.093750
1250    -213910.937500
1251    -213913.453125
1252    -213916.250000
1253    -213918.875000
1254    -213921.718750
1255    -213924.500000
1256    -213927.015625
1257    -213929.687500
1258    -213932.390625
1259    -213935.187500
1260    -213937.718750
1261    -213940.453125
1262    -213943.093750
1263    -213945.671875
1264    -213948.500000
1265    -213951.031250
1266    -213953.718750
1267    -213956.187500
1268    -213958.921875
1269    -213961.656250
1270    -213964.125000
1271    -213966.875000
1272    -213969.562500
1273    -213972.140625
1274    -213974.750000
1275    -213977.437500
1276    -213979.937500
1277    -213982.640625
1278    -213985.171875
1279    -213987.750000
1280    -213990.453125
1281    -213993.125000
1282    -213995.656250
1283    -213998.296875
1284    -214000.718750
1285    -214003.406250
1286    -214006.156250
1287    -214008.546875
1288    -214011.218750
1289    -214013.703125
1290    -214016.312500
1291    -214018.843750
1292    -214021.640625
1293    -214023.984375
1294    -214026.562500
1295    -214029.140625
1296    -214031.968750
1297    -214034.328125
1298    -214036.812500
1299    -214039.375000
1300    -214041.812500
1301    -214044.484375
1302    -214046.968750
1303    -214049.390625
1304    -214052.093750
1305    -214054.531250
1306    -214057.140625
1307    -214059.625000
1308    -214062.031250
1309    -214064.625000
1310    -214067.218750
1311    -214069.859375
1312    -214072.343750
1313    -214074.656250
1314    -214077.171875
1315    -214079.750000
1316    -214082.140625
1317    -214084.703125
1318    -214087.375000
1319    -214089.625000
1320    -214092.156250
1321    -214094.625000
1322    -214097.109375
1323    -214099.406250
1324    -214102.000000
1325    -214104.328125
1326    -214106.812500
1327    -214109.390625
1328    -214111.625000
1329    -214114.093750
1330    -214116.687500
1331    -214119.109375
1332    -214121.562500
1333    -214124.000000
1334    -214126.296875
1335    -214128.812500
1336    -214131.218750
1337    -214133.531250
1338    -214135.953125
1339    -214138.375000
1340    -214140.843750
1341    -214143.390625
1342    -214145.718750
1343    -214148.078125
1344    -214150.531250
1345    -214153.015625
1346    -214155.375000
1347    -214157.812500
1348    -214160.093750
1349    -214162.468750
1350    -214165.000000
1351    -214167.250000
1352    -214169.875000
1353    -214172.093750
1354    -214174.406250
1355    -214176.843750
1356    -214179.187500
1357    -214181.625000
1358    -214183.953125
1359    -214186.218750
1360    -214188.828125
1361    -214190.984375
1362    -214193.312500
1363    -214195.781250
1364    -214198.062500
1365    -214200.421875
1366    -214202.828125
1367    -214205.250000
1368    -214207.609375
1369    -214209.796875
1370    -214212.328125
1371    -214214.515625
1372    -214216.843750
1373    -214219.250000
1374    -214221.546875
1375    -214224.125000
1376    -214226.312500
1377    -214228.718750
1378    -214231.000000
1379    -214233.468750
1380    -214235.843750
1381    -214238.031250
1382    -214240.281250
1383    -214242.718750
1384    -214245.031250
1385    -214247.281250
1386    -214249.656250
1387    -214252.125000
1388    -214254.468750
1389    -214256.718750
1390    -214258.906250
1391    -214261.343750
1392    -214263.531250
1393    -214265.875000
1394    -214268.203125
1395    -214270.593750
1396    -214272.781250
1397    -214275.187500
1398    -214277.531250
1399    -214279.796875
1400    -214282.109375
1401    -214284.500000
1402    -214286.765625
1403    -214289.125000
1404    -214291.437500
1405    -214293.765625
1406    -214296.171875
1407    -214298.437500
1408    -214300.718750
1409    -214303.062500
1410    -214305.437500
1411    -214307.578125
1412    -214310.093750
1413    -214312.265625
1414    -214314.578125
1415    -214317.015625
1416    -214319.125000
1417    -214321.562500
1418    -214323.734375
1419    -214326.062500
1420    -214328.359375
1421    -214330.609375
1422    -214332.968750
1423    -214335.078125
1424    -214337.312500
1425    -214339.609375
1426    -214341.734375
1427    -214344.125000
1428    -214346.468750
1429    -214348.578125
1430    -214350.937500
1431    -214353.125000
1432    -214355.281250
1433    -214357.546875
1434    -214359.609375
1435    -214361.875000
1436    -214364.000000
1437    -214366.281250
1438    -214368.468750
1439    -214370.500000
1440    -214372.937500
1441    -214375.125000
1442    -214377.421875
1443    -214379.406250
1444    -214381.734375
1445    -214383.906250
1446    -214386.046875
1447    -214388.156250
1448    -214390.437500
1449    -214392.625000
1450    -214394.750000
1451    -214396.796875
1452    -214399.031250
1453    -214401.171875
1454    -214403.343750
1455    -214405.671875
1456    -214407.718750
1457    -214409.843750
1458    -214411.937500
1459    -214414.281250
1460    -214416.328125
1461    -214418.406250
1462    -214420.625000
1463    -214422.687500
1464    -214424.828125
1465    -214426.875000
1466    -214428.937500
1467    -214431.046875
1468    -214433.265625
1469    -214435.250000
1470    -214437.453125
1471    -214439.531250
1472    -214441.515625
1473    -214443.625000
1474    -214445.843750
1475    -214447.859375
1476    -214450.062500
1477    -214452.078125
1478    -214454.312500
1479    -214456.296875
1480    -214458.250000
1481    -214460.500000
1482    -214462.531250
1483    -214464.593750
1484    -214466.531250
1485    -214468.656250
1486    -214470.812500
1487    -214472.812500
1488    -214474.812500
1489    -214476.843750
1490    -214478.953125
1491    -214481.000000
1492    -214483.062500
1493    -214485.031250
1494    -214487.046875
1495    -214489.046875
1496    -214491.125000
1497    -214493.125000
1498    -214495.234375
1499    -214497.109375
1500    -214499.281250
1501    -214501.187500
1502    -214503.156250
1503    -214505.250000
1504    -214507.046875
1505    -214509.187500
1506    -214511.031250
1507    -214513.031250
1508    -214515.046875
1509    -214517.031250
1510    -214518.968750
1511    -214521.000000
1512    -214523.015625
1513    -214524.968750
1514    -214526.843750
1515    -214529.000000
1516    -214531.031250
1517    -214532.843750
1518    -214534.875000
1519    -214536.812500
1520    -214538.703125
1521    -214540.718750
1522    -214542.718750
1523    -214544.593750
1524    -214546.531250
1525    -214548.406250
1526    -214550.562500
1527    -214552.406250
1528    -214554.343750
1529    -214556.203125
1530    -214558.250000
1531    -214559.968750
1532    -214561.906250
1533    -214563.812500
1534    -214565.812500
1535    -214567.546875
1536    -214569.593750
1537    -214571.468750
1538    -214573.312500
1539    -214575.125000
1540    -214577.000000
1541    -214578.968750
1542    -214580.656250
1543    -214582.593750
1544    -214584.468750
1545    -214586.312500
1546    -214588.125000
1547    -214590.062500
1548    -214591.906250
1549    -214593.781250
1550    -214595.531250
1551    -214597.437500
1552    -214599.062500
1553    -214601.062500
1554    -214602.828125
1555    -214604.703125
1556    -214606.562500
1557    -214608.500000
1558    -214610.281250
1559    -214612.031250
1560    -214613.812500
1561    -214615.671875
1562    -214617.437500
1563    -214619.109375
1564    -214620.937500
1565    -214622.687500
1566    -214624.406250
1567    -214626.281250
1568    -214627.937500
1569    -214629.781250
1570    -214631.453125
1571    -214633.312500
1572    -214634.968750
1573    -214636.703125
1574    -214638.562500
1575    -214640.265625
1576    -214642.000000
1577    -214643.718750
1578    -214645.453125
1579    -214647.218750
1580    -214648.890625
1581    -214650.765625
1582    -214652.484375
1583    -214654.156250
1584    -214655.906250
1585    -214657.718750
1586    -214659.375000
1587    -214661.031250
1588    -214662.750000
1589    -214664.375000
1590    -214666.187500
1591    -214667.843750
1592    -214669.531250
1593    -214671.281250
1594    -214672.968750
1595    -214674.781250
1596    -214676.218750
1597    -214678.062500
1598    -214679.718750
1599    -214681.359375
1600    -214683.156250
1601    -214684.890625
1602    -214686.406250
1603    -214688.171875
1604    -214689.750000
1605    -214691.484375
1606    -214692.984375
1607    -214694.593750
1608    -214696.250000
1609    -214697.781250
1610    -214699.500000
1611    -214701.031250
1612    -214702.718750
1613    -214704.312500
1614    -214705.968750
1615    -214707.468750
1616    -214709.187500
1617    -214710.765625
1618    -214712.359375
1619    -214713.984375
1620    -214715.421875
1621    -214717.156250
1622    -214718.609375
1623    -214720.218750
1624    -214721.734375
1625    -214723.281250
1626    -214724.937500
1627    -214726.484375
1628    -214728.031250
1629    -214729.625000
1630    -214731.125000
1631    -214732.656250
1632    -214734.125000
1633    -214735.750000
1634    -214737.359375
1635    -214738.781250
1636    -214740.250000
1637    -214741.812500
1638    -214743.234375
1639    -214744.875000
1640    -214746.359375
1641    -214747.890625
1642    -214749.421875
1643    -214750.781250
1644    -214752.343750
1645    -214753.843750
1646    -214755.234375
1647    -214756.718750
1648    -214758.328125
1649    -214759.718750
1650    -214761.187500
1651    -214762.656250
1652    -214764.187500
1653    -214765.671875
1654    -214767.125000
1655    -214768.562500
1656    -214769.937500
1657    -214771.375000
1658    -214772.828125
1659    -214774.406250
1660    -214775.718750
1661    -214777.203125
1662    -214778.562500
1663    -214780.062500
1664    -214781.375000
1665    -214782.781250
1666    -214784.234375
1667    -214785.703125
1668    -214787.078125
1669    -214788.531250
1670    -214789.921875
1671    -214791.187500
1672    -214792.656250
1673    -214793.953125
1674    -214795.437500
1675    -214796.875000
1676    -214798.250000
1677    -214799.406250
1678    -214800.921875
1679    -214802.187500
1680    -214803.703125
1681    -214804.937500
1682    -214806.250000
1683    -214807.593750
1684    -214809.078125
1685    -214810.375000
1686    -214811.718750
1687    -214813.031250
1688    -214814.281250
1689    -214815.625000
1690    -214817.000000
1691    -214818.296875
1692    -214819.671875
1693    -214820.937500
1694    -214822.218750
1695    -214823.343750
1696    -214824.812500
1697    -214826.031250
1698    -214827.437500
1699    -214828.640625
1700    -214829.906250
1701    -214831.218750
1702    -214832.578125
1703    -214833.750000
1704    -214834.921875
1705    -214836.312500
1706    -214837.406250
1707    -214838.843750
1708    -214840.078125
1709    -214841.406250
1710    -214842.593750
1711    -214843.703125
1712    -214845.046875
1713    -214846.140625
1714    -214847.453125
1715    -214848.687500
1716    -214849.843750
1717    -214851.125000
1718    -214852.312500
1719    -214853.593750
1720    -214854.656250
1721    -214855.843750
1722    -214857.093750
1723    -214858.187500
1724    -214859.437500
1725    -214860.687500
1726    -214861.765625
1727    -214863.000000
1728    -214864.281250
1729    -214865.359375
1730    -214866.609375
1731    -214867.750000
1732    -214868.875000
1733    -214870.015625
1734    -214871.234375
1735    -214872.406250
1736    -214873.578125
1737    -214874.703125
1738    -214875.875000
1739    -214877.062500
1740    -214878.171875
1741    -214879.421875
1742    -214880.609375
1743    -214881.718750
1744    -214882.875000
1745    -214884.000000
1746    -214885.062500
1747    -214886.156250
1748    -214887.312500
1749    -214888.343750
1750    -214889.593750
1751    -214890.703125
1752    -214891.781250
1753    -214892.875000
1754    -214893.968750
1755    -214895.015625
1756    -214896.234375
1757    -214897.296875
1758    -214898.312500
1759    -214899.468750
1760    -214900.562500
1761    -214901.703125
1762    -214902.875000
1763    -214903.937500
1764    -214905.000000
1765    -214906.031250
1766    -214907.156250
1767    -214908.343750
1768    -214909.343750
1769    -214910.437500
1770    -214911.468750
1771    -214912.593750
1772    -214913.687500
1773    -214914.734375
1774    -214915.781250
1775    -214916.843750
1776    -214918.000000
1777    -214919.000000
1778    -214920.000000
1779    -214921.062500
1780    -214922.140625
1781    -214923.203125
1782    -214924.343750
1783    -214925.312500
1784    -214926.484375
1785    -214927.406250
1786    -214928.500000
1787    -214929.468750
1788    -214930.515625
1789    -214931.515625
1790    -214932.578125
1791    -214933.593750
1792    -214934.562500
1793    -214935.593750
1794    -214936.687500
1795    -214937.750000
1796    -214938.812500
1797    -214939.750000
1798    -214940.718750
1799    -214941.781250
1800    -214942.750000
1801    -214943.796875
1802    -214944.812500
1803    -214945.828125
1804    -214946.656250
1805    -214947.843750
1806    -214948.828125
1807    -214949.843750
1808    -214950.765625
1809    -214951.765625
1810    -214952.875000
1811    -214953.781250
1812    -214954.625000
1813    -214955.671875
1814    -214956.734375
1815    -214957.609375
1816    -214958.562500
1817    -214959.578125
1818    -214960.500000
1819    -214961.437500
1820    -214962.312500
1821    -214963.296875
1822    -214964.250000
1823    -214965.062500
1824    -214966.031250
1825    -214967.000000
1826    -214967.890625
1827    -214968.843750
1828    -214969.812500
1829    -214970.750000
1830    -214971.593750
1831    -214972.468750
1832    -214973.343750
1833    -214974.343750
1834    -214975.203125
1835    -214975.968750
1836    -214977.000000
1837    -214977.843750
1838    -214978.921875
1839    -214979.750000
1840    -214980.687500
1841    -214981.578125
1842    -214982.500000
1843    -214983.421875
1844    -214984.328125
1845    -214985.218750
1846    -214986.031250
1847    -214987.078125
1848    -214987.875000
1849    -214988.812500
1850    -214989.734375
1851    -214990.500000
1852    -214991.421875
1853    -214992.296875
1854    -214993.218750
1855    -214994.140625
1856    -214994.968750
1857    -214995.843750
1858    -214996.781250
1859    -214997.656250
1860    -214998.453125
1861    -214999.265625
1862    -215000.187500
1863    -215001.093750
1864    -215001.921875
1865    -215002.796875
1866    -215003.500000
1867    -215004.562500
1868    -215005.296875
1869    -215006.171875
1870    -215006.984375
1871    -215007.765625
1872    -215008.656250
1873    -215009.500000
1874    -215010.296875
1875    -215011.281250
1876    -215012.046875
1877    -215012.890625
1878    -215013.671875
1879    -215014.593750
1880    -215015.375000
1881    -215016.140625
1882    -215017.062500
1883    -215017.796875
1884    -215018.781250
1885    -215019.468750
1886    -215020.343750
1887    -215021.093750
1888    -215021.937500
1889    -215022.796875
1890    -215023.593750
1891    -215024.468750
1892    -215025.156250
1893    -215025.968750
1894    -215026.703125
1895    -215027.687500
1896    -215028.375000
1897    -215029.296875
1898    -215029.953125
1899    -215030.875000
1900    -215031.562500
1901    -215032.406250
1902    -215033.062500
1903    -215034.031250
1904    -215034.687500
1905    -215035.531250
1906    -215036.250000
1907    -215037.125000
1908    -215037.875000
1909    -215038.703125
1910    -215039.390625
1911    -215040.156250
1912    -215040.937500
1913    -215041.812500
1914    -215042.484375
1915    -215043.250000
1916    -215043.984375
1917    -215044.750000
1918    -215045.421875
1919    -215046.312500
1920    -215047.000000
1921    -215047.718750
1922    -215048.531250
1923    -215049.312500
1924    -215050.015625
1925    -215050.718750
1926    -215051.546875
1927    -215052.281250
1928    -215053.125000
1929    -215053.750000
1930    -215054.546875
1931    -215055.187500
1932    -215056.000000
1933    -215056.750000
1934    -215057.437500
1935    -215058.156250
1936    -215058.765625
1937    -215059.656250
1938    -215060.250000
1939    -215061.062500
1940    -215061.750000
1941    -215062.562500
1942    -215063.125000
1943    -215063.875000
1944    -215064.578125
1945    -215065.375000
1946    -215065.968750
1947    -215066.765625
1948    -215067.531250
1949    -215068.156250
1950    -215068.859375
1951    -215069.562500
1952    -215070.250000
1953    -215071.062500
1954    -215071.656250
1955    -215072.437500
1956    -215073.093750
1957    -215073.843750
1958    -215074.484375
1959    -215075.250000
1960    -215075.968750
1961    -215076.593750
1962    -215077.218750
1963    -215078.031250
1964    -215078.734375
1965    -215079.359375
1966    -215080.093750
1967    -215080.703125
1968    -215081.406250
1969    -215082.125000
1970    -215082.843750
1971    -215083.500000
1972    -215084.250000
1973    -215084.937500
1974    -215085.578125
1975    -215086.390625
1976    -215087.000000
1977    -215087.718750
1978    -215088.359375
1979    -215089.093750
1980    -215089.750000
1981    -215090.578125
1982    -215091.218750
1983    -215091.968750
1984    -215092.578125
1985    -215093.312500
1986    -215093.968750
1987    -215094.578125
1988    -215095.250000
1989    -215096.031250
1990    -215096.656250
1991    -215097.390625
1992    -215098.031250
1993    -215098.765625
1994    -215099.500000
1995    -215100.093750
1996    -215100.812500
1997    -215101.500000
1998    -215102.250000
1999    -215102.875000
2000    -215103.562500
2001    -215104.281250
2002    -215104.968750
2003    -215105.734375
2004    -215106.468750
2005    -215107.062500
2006    -215107.718750
2007    -215108.406250
2008    -215109.156250
2009    -215109.812500
2010    -215110.500000
2011    -215111.234375
2012    -215112.000000
2013    -215112.593750
2014    -215113.281250
2015    -215113.937500
2016    -215114.656250
2017    -215115.296875
2018    -215115.968750
2019    -215116.687500
2020    -215117.390625
2021    -215118.031250
2022    -215118.843750
2023    -215119.453125
2024    -215120.250000
2025    -215120.937500
2026    -215121.546875
2027    -215122.250000
2028    -215122.968750
2029    -215123.593750
2030    -215124.343750
2031    -215125.000000
2032    -215125.703125
2033    -215126.421875
2034    -215127.140625
2035    -215127.921875
2036    -215128.531250
2037    -215129.281250
2038    -215129.968750
2039    -215130.593750
2040    -215131.343750
2041    -215132.109375
2042    -215132.750000
2043    -215133.468750
2044    -215134.156250
2045    -215134.875000
2046    -215135.531250
2047    -215136.265625
2048    -215137.000000
2049    -215137.750000
2050    -215138.468750
2051    -215139.125000
2052    -215139.843750
2053    -215140.609375
2054    -215141.281250
2055    -215142.062500
2056    -215142.718750
2057    -215143.468750
2058    -215144.187500
2059    -215144.906250
2060    -215145.625000
2061    -215146.406250
2062    -215147.062500
2063    -215147.843750
2064    -215148.562500
2065    -215149.312500
2066    -215149.968750
2067    -215150.734375
2068    -215151.500000
2069    -215152.218750
2070    -215152.968750
2071    -215153.640625
2072    -215154.312500
2073    -215155.156250
2074    -215155.890625
2075    -215156.593750
2076    -215157.343750
2077    -215158.078125
2078    -215158.812500
2079    -215159.500000
2080    -215160.312500
2081    -215161.046875
2082    -215161.781250
2083    -215162.656250
2084    -215163.343750
2085    -215164.156250
2086    -215164.921875
2087    -215165.687500
2088    -215166.406250
2089    -215167.187500
2090    -215168.000000
2091    -215168.718750
2092    -215169.406250
2093    -215170.109375
2094    -215170.968750
2095    -215171.625000
2096    -215172.468750
2097    -215173.250000
2098    -215174.015625
2099    -215174.718750
2100    -215175.500000
2101    -215176.250000
2102    -215177.062500
2103    -215177.859375
2104    -215178.625000
2105    -215179.406250
2106    -215180.218750
2107    -215180.968750
2108    -215181.656250
2109    -215182.468750
2110    -215183.343750
2111    -215184.031250
2112    -215184.937500
2113    -215185.625000
2114    -215186.250000
2115    -215187.187500
2116    -215187.937500
2117    -215188.750000
2118    -215189.468750
2119    -215190.343750
2120    -215191.031250
2121    -215191.968750
2122    -215192.750000
2123    -215193.500000
2124    -215194.312500
2125    -215195.000000
2126    -215195.875000
2127    -215196.546875
2128    -215197.453125
2129    -215198.156250
2130    -215199.109375
2131    -215199.843750
2132    -215200.625000
2133    -215201.312500
2134    -215202.218750
2135    -215203.031250
2136    -215203.796875
2137    -215204.593750
2138    -215205.437500
2139    -215206.156250
2140    -215206.968750
2141    -215207.812500
2142    -215208.562500
2143    -215209.375000
2144    -215210.187500
2145    -215211.000000
2146    -215211.906250
2147    -215212.718750
2148    -215213.531250
2149    -215214.343750
2150    -215215.125000
2151    -215215.968750
2152    -215216.703125
2153    -215217.625000
2154    -215218.390625
2155    -215219.250000
2156    -215220.062500
2157    -215220.828125
2158    -215221.750000
2159    -215222.640625
2160    -215223.328125
2161    -215224.156250
2162    -215224.968750
2163    -215225.828125
2164    -215226.546875
2165    -215227.406250
2166    -215228.328125
2167    -215228.968750
2168    -215229.843750
2169    -215230.640625
2170    -215231.500000
2171    -215232.359375
2172    -215233.078125
2173    -215233.968750
2174    -215234.781250
2175    -215235.593750
2176    -215236.500000
2177    -215237.156250
2178    -215237.875000
2179    -215238.875000
2180    -215239.625000
2181    -215240.421875
2182    -215241.218750
2183    -215242.000000
2184    -215242.843750
2185    -215243.671875
2186    -215244.562500
2187    -215245.265625
2188    -215246.109375
2189    -215246.937500
2190    -215247.781250
2191    -215248.593750
2192    -215249.390625
2193    -215250.281250
2194    -215251.046875
2195    -215251.906250
2196    -215252.703125
2197    -215253.593750
2198    -215254.328125
2199    -215255.140625
2200    -215256.078125
2201    -215256.906250
2202    -215257.656250
2203    -215258.437500
2204    -215259.281250
2205    -215260.093750
2206    -215260.890625
2207    -215261.718750
2208    -215262.562500
2209    -215263.390625
2210    -215264.109375
2211    -215264.968750
2212    -215265.750000
2213    -215266.562500
2214    -215267.328125
2215    -215268.156250
2216    -215269.000000
2217    -215269.875000
2218    -215270.703125
2219    -215271.531250
2220    -215272.390625
2221    -215273.078125
2222    -215273.968750
2223    -215274.718750
2224    -215275.562500
2225    -215276.375000
2226    -215277.109375
2227    -215277.984375
2228    -215278.843750
2229    -215279.687500
2230    -215280.406250
2231    -215281.281250
2232    -215282.093750
2233    -215282.859375
2234    -215283.687500
2235    -215284.500000
2236    -215285.296875
2237    -215286.062500
2238    -215286.890625
2239    -215287.718750
2240    -215288.515625
2241    -215289.437500
2242    -215290.156250
2243    -215290.875000
2244    -215291.656250
2245    -215292.562500
2246    -215293.406250
2247    -215294.125000
2248    -215294.937500
2249    -215295.718750
2250    -215296.593750
2251    -215297.343750
2252    -215298.187500
2253    -215298.984375
2254    -215299.812500
2255    -215300.531250
2256    -215301.468750
2257    -215302.187500
2258    -215303.046875
2259    -215303.859375
2260    -215304.703125
2261    -215305.406250
2262    -215306.234375
2263    -215306.968750
2264    -215307.843750
2265    -215308.640625
2266    -215309.437500
2267    -215310.234375
2268    -215311.015625
2269    -215311.734375
2270    -215312.531250
2271    -215313.375000
2272    -215314.203125
2273    -215315.000000
2274    -215315.687500
2275    -215316.656250
2276    -215317.359375
2277    -215318.218750
2278    -215318.984375
2279    -215319.750000
2280    -215320.531250
2281    -215321.375000
2282    -215322.093750
2283    -215322.921875
2284    -215323.687500
2285    -215324.593750
2286    -215325.343750
2287    -215326.031250
2288    -215326.859375
2289    -215327.625000
2290    -215328.406250
2291    -215329.265625
2292    -215329.937500
2293    -215330.828125
2294    -215331.500000
2295    -215332.375000
2296    -215333.093750
2297    -215333.906250
2298    -215334.625000
2299    -215335.375000
2300    -215336.250000
2301    -215337.031250
2302    -215337.718750
2303    -215338.500000
2304    -215339.375000
2305    -215340.093750
2306    -215340.875000
2307    -215341.656250
2308    -215342.531250
2309    -215343.312500
2310    -215343.968750
2311    -215344.718750
2312    -215345.562500
2313    -215346.281250
2314    -215347.125000
2315    -215347.859375
2316    -215348.546875
2317    -215349.328125
2318    -215350.093750
2319    -215350.843750
2320    -215351.593750
2321    -215352.375000
2322    -215353.125000
2323    -215353.906250
2324    -215354.593750
2325    -215355.437500
2326    -215356.218750
2327    -215356.859375
2328    -215357.625000
2329    -215358.312500
2330    -215359.125000
2331    -215359.843750
2332    -215360.656250
2333    -215361.343750
2334    -215362.140625
2335    -215362.687500
2336    -215363.515625
2337    -215364.234375
2338    -215365.015625
2339    -215365.765625
2340    -215366.453125
2341    -215367.187500
2342    -215367.843750
2343    -215368.687500
2344    -215369.375000
2345    -215370.093750
2346    -215370.843750
2347    -215371.593750
2348    -215372.265625
2349    -215373.031250
2350    -215373.703125
2351    -215374.500000
2352    -215375.281250
2353    -215375.984375
2354    -215376.750000
2355    -215377.406250
2356    -215378.140625
2357    -215378.984375
2358    -215379.609375
2359    -215380.437500
2360    -215381.140625
2361    -215381.906250
2362    -215382.562500
2363    -215383.281250
2364    -215384.046875
2365    -215384.812500
2366    -215385.562500
2367    -215386.218750
2368    -215386.953125
2369    -215387.718750
2370    -215388.484375
2371    -215389.187500
2372    -215390.000000
2373    -215390.750000
2374    -215391.500000
2375    -215392.265625
2376    -215393.000000
2377    -215393.750000
2378    -215394.375000
2379    -215395.218750
2380    -215395.906250
2381    -215396.687500
2382    -215397.562500
2383    -215398.187500
2384    -215399.031250
2385    -215399.828125
2386    -215400.421875
2387    -215401.218750
2388    -215401.984375
2389    -215402.656250
2390    -215403.593750
2391    -215404.312500
2392    -215405.093750
2393    -215405.812500
2394    -215406.515625
2395    -215407.375000
2396    -215408.187500
2397    -215408.937500
2398    -215409.703125
2399    -215410.515625
2400    -215411.250000
2401    -215412.109375
2402    -215412.828125
2403    -215413.593750
2404    -215414.265625
2405    -215415.140625
2406    -215415.953125
2407    -215416.734375
2408    -215417.531250
2409    -215418.328125
2410    -215419.109375
2411    -215419.906250
2412    -215420.750000
2413    -215421.468750
2414    -215422.250000
2415    -215423.078125
2416    -215423.937500
2417    -215424.656250
2418    -215425.468750
2419    -215426.281250
2420    -215427.140625
2421    -215427.875000
2422    -215428.750000
2423    -215429.546875
2424    -215430.296875
2425    -215431.125000
2426    -215431.937500
2427    -215432.781250
2428    -215433.656250
2429    -215434.406250
2430    -215435.265625
2431    -215436.125000
2432    -215436.968750
2433    -215437.687500
2434    -215438.546875
2435    -215439.375000
2436    -215440.187500
2437    -215441.093750
2438    -215441.859375
2439    -215442.671875
2440    -215443.500000
2441    -215444.421875
2442    -215445.281250
2443    -215446.203125
2444    -215446.968750
2445    -215447.828125
2446    -215448.671875
2447    -215449.531250
2448    -215450.484375
2449    -215451.156250
2450    -215452.093750
2451    -215452.968750
2452    -215453.859375
2453    -215454.703125
2454    -215455.625000
2455    -215456.453125
2456    -215457.312500
2457    -215458.187500
2458    -215459.000000
2459    -215459.906250
2460    -215460.734375
2461    -215461.718750
2462    -215462.593750
2463    -215463.437500
2464    -215464.218750
2465    -215465.109375
2466    -215466.031250
2467    -215466.937500
2468    -215467.781250
2469    -215468.687500
2470    -215469.453125
2471    -215470.375000
2472    -215471.250000
2473    -215472.187500
2474    -215472.984375
2475    -215473.890625
2476    -215474.828125
2477    -215475.765625
2478    -215476.625000
2479    -215477.531250
2480    -215478.375000
2481    -215479.296875
2482    -215480.156250
2483    -215481.046875
2484    -215481.906250
2485    -215482.812500
2486    -215483.796875
2487    -215484.687500
2488    -215485.593750
2489    -215486.359375
2490    -215487.281250
2491    -215488.218750
2492    -215489.125000
2493    -215490.031250
2494    -215490.812500
2495    -215491.656250
2496    -215492.718750
2497    -215493.656250
2498    -215494.531250
2499    -215495.343750
2500    -215496.296875
2501    -215497.234375
2502    -215498.000000
2503    -215498.906250
2504    -215499.750000
2505    -215500.656250
2506    -215501.593750
2507    -215502.531250
2508    -215503.390625
2509    -215504.156250
2510    -215505.140625
2511    -215506.046875
2512    -215506.875000
2513    -215507.828125
2514    -215508.656250
2515    -215509.609375
2516    -215510.500000
2517    -215511.343750
2518    -215512.281250
2519    -215513.078125
2520    -215514.000000
2521    -215514.875000
2522    -215515.812500
2523    -215516.750000
2524    -215517.500000
2525    -215518.500000
2526    -215519.343750
2527    -215520.187500
2528    -215521.125000
2529    -215522.000000
2530    -215522.843750
2531    -215523.750000
2532    -215524.781250
2533    -215525.578125
2534    -215526.515625
2535    -215527.453125
2536    -215528.312500
2537    -215529.078125
2538    -215529.953125
2539    -215530.875000
2540    -215531.765625
2541    -215532.671875
2542    -215533.578125
2543    -215534.406250
2544    -215535.343750
2545    -215536.187500
2546    -215537.078125
2547    -215537.937500
2548    -215538.843750
2549    -215539.765625
2550    -215540.625000
2551    -215541.375000
2552    -215542.187500
2553    -215543.031250
2554    -215543.968750
2555    -215544.890625
2556    -215545.734375
2557    -215546.453125
2558    -215547.375000
2559    -215548.250000
2560    -215549.156250
2561    -215550.031250
2562    -215550.781250
2563    -215551.609375
2564    -215552.468750
2565    -215553.343750
2566    -215554.125000
2567    -215554.937500
2568    -215555.843750
2569    -215556.718750
2570    -215557.484375
2571    -215558.375000
2572    -215559.265625
2573    -215559.953125
2574    -215560.796875
2575    -215561.609375
2576    -215562.578125
2577    -215563.406250
2578    -215564.125000
2579    -215565.000000
2580    -215565.843750
2581    -215566.718750
2582    -215567.562500
2583    -215568.406250
2584    -215569.218750
2585    -215569.968750
2586    -215570.765625
2587    -215571.625000
2588    -215572.515625
2589    -215573.375000
2590    -215574.156250
2591    -215574.812500
2592    -215575.812500
2593    -215576.687500
2594    -215577.406250
2595    -215578.328125
2596    -215579.031250
2597    -215579.921875
2598    -215580.765625
2599    -215581.609375
2600    -215582.359375
2601    -215583.250000
2602    -215584.156250
2603    -215584.796875
2604    -215585.656250
2605    -215586.515625
2606    -215587.265625
2607    -215588.046875
2608    -215588.843750
2609    -215589.671875
2610    -215590.515625
2611    -215591.328125
2612    -215592.109375
2613    -215592.937500
2614    -215593.625000
2615    -215594.453125
2616    -215595.250000
2617    -215596.062500
2618    -215596.812500
2619    -215597.609375
2620    -215598.343750
2621    -215599.093750
2622    -215599.937500
2623    -215600.703125
2624    -215601.453125
2625    -215602.250000
2626    -215602.875000
2627    -215603.718750
2628    -215604.468750
2629    -215605.187500
2630    -215605.984375
2631    -215606.687500
2632    -215607.531250
2633    -215608.187500
2634    -215609.000000
2635    -215609.812500
2636    -215610.562500
2637    -215611.296875
2638    -215612.093750
2639    -215612.687500
2640    -215613.437500
2641    -215614.281250
2642    -215614.968750
2643    -215615.750000
2644    -215616.406250
2645    -215617.109375
2646    -215617.921875
2647    -215618.562500
2648    -215619.296875
2649    -215620.062500
2650    -215620.796875
2651    -215621.593750
2652    -215622.328125
2653    -215623.000000
2654    -215623.812500
2655    -215624.468750
2656    -215625.171875
2657    -215625.968750
2658    -215626.718750
2659    -215627.375000
2660    -215628.187500
2661    -215628.843750
2662    -215629.625000
2663    -215630.296875
2664    -215631.093750
2665    -215631.875000
2666    -215632.593750
2667    -215633.312500
2668    -215633.921875
2669    -215634.671875
2670    -215635.468750
2671    -215636.078125
2672    -215636.812500
2673    -215637.484375
2674    -215638.375000
2675    -215639.046875
2676    -215639.718750
2677    -215640.437500
2678    -215641.093750
2679    -215641.875000
2680    -215642.500000
2681    -215643.218750
2682    -215643.968750
2683    -215644.671875
2684    -215645.453125
2685    -215646.156250
2686    -215646.890625
2687    -215647.531250
2688    -215648.250000
2689    -215648.937500
2690    -215649.718750
2691    -215650.437500
2692    -215651.156250
2693    -215651.875000
2694    -215652.656250
2695    -215653.375000
2696    -215654.093750
2697    -215654.750000
2698    -215655.453125
2699    -215656.187500
2700    -215656.875000
2701    -215657.656250
2702    -215658.421875
2703    -215659.078125
2704    -215659.859375
2705    -215660.546875
2706    -215661.250000
2707    -215661.921875
2708    -215662.750000
2709    -215663.406250
2710    -215664.203125
2711    -215664.890625
2712    -215665.640625
2713    -215666.343750
2714    -215667.125000
2715    -215667.796875
2716    -215668.593750
2717    -215669.296875
2718    -215670.078125
2719    -215670.718750
2720    -215671.484375
2721    -215672.281250
2722    -215672.968750
2723    -215673.703125
2724    -215674.406250
2725    -215675.156250
2726    -215675.859375
2727    -215676.734375
2728    -215677.437500
2729    -215678.171875
2730    -215678.906250
2731    -215679.656250
2732    -215680.437500
2733    -215681.125000
2734    -215681.953125
2735    -215682.656250
2736    -215683.375000
2737    -215684.234375
2738    -215684.953125
2739    -215685.718750
2740    -215686.453125
2741    -215687.187500
2742    -215688.093750
2743    -215688.781250
2744    -215689.562500
2745    -215690.406250
2746    -215691.203125
2747    -215691.906250
2748    -215692.718750
2749    -215693.500000
2750    -215694.250000
2751    -215695.062500
2752    -215695.890625
2753    -215696.578125
2754    -215697.531250
2755    -215698.187500
2756    -215699.062500
2757    -215699.906250
2758    -215700.609375
2759    -215701.390625
2760    -215702.218750
2761    -215703.125000
2762    -215703.937500
2763    -215704.718750
2764    -215705.562500
2765    -215706.406250
2766    -215707.203125
2767    -215707.937500
2768    -215708.875000
2769    -215709.656250
2770    -215710.500000
2771    -215711.281250
2772    -215712.125000
2773    -215712.968750
2774    -215713.828125
2775    -215714.625000
2776    -215715.437500
2777    -215716.375000
2778    -215717.218750
2779    -215718.000000
2780    -215718.859375
2781    -215719.625000
2782    -215720.546875
2783    -215721.453125
2784    -215722.218750
2785    -215723.125000
2786    -215723.906250
2787    -215724.781250
2788    -215725.656250
2789    -215726.531250
2790    -215727.406250
2791    -215728.265625
2792    -215729.078125
2793    -215730.000000
2794    -215730.718750
2795    -215731.718750
2796    -215732.640625
2797    -215733.453125
2798    -215734.265625
2799    -215735.218750
2800    -215736.031250
2801    -215736.937500
2802    -215737.781250
2803    -215738.656250
2804    -215739.609375
2805    -215740.531250
2806    -215741.312500
2807    -215742.203125
2808    -215743.093750
2809    -215744.093750
2810    -215744.875000
2811    -215745.734375
2812    -215746.687500
2813    -215747.531250
2814    -215748.421875
2815    -215749.265625
2816    -215750.281250
2817    -215751.156250
2818    -215751.968750
2819    -215752.875000
2820    -215753.812500
2821    -215754.625000
2822    -215755.531250
2823    -215756.468750
2824    -215757.312500
2825    -215758.250000
2826    -215759.140625
2827    -215760.125000
2828    -215761.000000
2829    -215761.875000
2830    -215762.750000
2831    -215763.718750
2832    -215764.531250
2833    -215765.406250
2834    -215766.312500
2835    -215767.218750
2836    -215768.187500
2837    -215769.125000
2838    -215770.000000
2839    -215770.906250
2840    -215771.812500
2841    -215772.765625
2842    -215773.625000
2843    -215774.500000
2844    -215775.500000
2845    -215776.421875
2846    -215777.265625
2847    -215778.125000
2848    -215779.125000
2849    -215780.031250
2850    -215780.921875
2851    -215781.796875
2852    -215782.781250
2853    -215783.671875
2854    -215784.593750
2855    -215785.500000
2856    -215786.375000
2857    -215787.296875
2858    -215788.343750
2859    -215789.250000
2860    -215790.125000
2861    -215791.015625
2862    -215791.906250
2863    -215792.812500
2864    -215793.781250
2865    -215794.671875
2866    -215795.609375
2867    -215796.515625
2868    -215797.484375
2869    -215798.406250
2870    -215799.328125
2871    -215800.187500
2872    -215801.125000
2873    -215802.046875
2874    -215802.937500
2875    -215803.937500
2876    -215804.812500
2877    -215805.750000
2878    -215806.750000
2879    -215807.625000
2880    -215808.609375
2881    -215809.546875
2882    -215810.375000
2883    -215811.312500
2884    -215812.281250
2885    -215813.218750
2886    -215814.062500
2887    -215815.062500
2888    -215815.968750
2889    -215816.937500
2890    -215817.906250
2891    -215818.781250
2892    -215819.687500
2893    -215820.687500
2894    -215821.625000
2895    -215822.500000
2896    -215823.500000
2897    -215824.500000
2898    -215825.437500
2899    -215826.343750
2900    -215827.187500
2901    -215828.093750
2902    -215829.062500
2903    -215830.046875
2904    -215831.015625
2905    -215831.906250
2906    -215832.812500
2907    -215833.812500
2908    -215834.843750
2909    -215835.609375
2910    -215836.562500
2911    -215837.531250
2912    -215838.437500
2913    -215839.437500
2914    -215840.359375
2915    -215841.281250
2916    -215842.265625
2917    -215843.187500
2918    -215844.109375
2919    -215845.062500
2920    -215846.031250
2921    -215847.000000
2922    -215847.781250
2923    -215848.828125
2924    -215849.703125
2925    -215850.656250
2926    -215851.500000
2927    -215852.406250
2928    -215853.312500
2929    -215854.250000
2930    -215855.171875
2931    -215856.125000
2932    -215857.015625
2933    -215857.968750
2934    -215858.921875
2935    -215859.796875
2936    -215860.812500
2937    -215861.609375
2938    -215862.546875
2939    -215863.484375
2940    -215864.437500
2941    -215865.312500
2942    -215866.156250
2943    -215867.062500
2944    -215868.062500
2945    -215869.000000
2946    -215869.875000
2947    -215870.750000
2948    -215871.656250
2949    -215872.593750
2950    -215873.515625
2951    -215874.437500
2952    -215875.296875
2953    -215876.218750
2954    -215877.156250
2955    -215877.937500
2956    -215878.812500
2957    -215879.828125
2958    -215880.671875
2959    -215881.593750
2960    -215882.468750
2961    -215883.437500
2962    -215884.281250
2963    -215885.140625
2964    -215886.031250
2965    -215886.906250
2966    -215887.875000
2967    -215888.812500
2968    -215889.640625
2969    -215890.500000
2970    -215891.406250
2971    -215892.203125
2972    -215893.171875
2973    -215893.968750
2974    -215894.875000
2975    -215895.843750
2976    -215896.687500
2977    -215897.546875
2978    -215898.453125
2979    -215899.250000
2980    -215900.187500
2981    -215901.093750
2982    -215901.906250
2983    -215902.796875
2984    -215903.656250
2985    -215904.546875
2986    -215905.406250
2987    -215906.187500
2988    -215907.046875
2989    -215907.937500
2990    -215908.843750
2991    -215909.656250
2992    -215910.562500
2993    -215911.312500
2994    -215912.203125
2995    -215913.140625
2996    -215914.000000
2997    -215914.750000
2998    -215915.562500
2999    -215916.500000
3000    -215917.250000
3001    -215918.093750
3002    -215918.921875
3003    -215919.781250
3004    -215920.468750
3005    -215921.343750
3006    -215922.171875
3007    -215922.984375
3008    -215923.781250
3009    -215924.593750
3010    -215925.468750
3011    -215926.250000
3012    -215927.125000
3013    -215927.968750
3014    -215928.718750
3015    -215929.453125
3016    -215930.312500
3017    -215931.156250
3018    -215931.937500
3019    -215932.750000
3020    -215933.687500
3021    -215934.375000
3022    -215935.187500
3023    -215936.000000
3024    -215936.765625
3025    -215937.593750
3026    -215938.343750
3027    -215939.281250
3028    -215940.093750
3029    -215940.781250
3030    -215941.609375
3031    -215942.359375
3032    -215943.234375
3033    -215943.937500
3034    -215944.906250
3035    -215945.640625
3036    -215946.437500
3037    -215947.156250
3038    -215948.062500
3039    -215948.843750
3040    -215949.687500
3041    -215950.484375
3042    -215951.156250
3043    -215951.953125
3044    -215952.765625
3045    -215953.593750
3046    -215954.312500
3047    -215955.125000
3048    -215955.890625
3049    -215956.671875
3050    -215957.468750
3051    -215958.218750
3052    -215959.031250
3053    -215959.875000
3054    -215960.531250
3055    -215961.375000
3056    -215962.125000
3057    -215963.031250
3058    -215963.781250
3059    -215964.406250
3060    -215965.343750
3061    -215966.031250
3062    -215966.890625
3063    -215967.500000
3064    -215968.406250
3065    -215969.093750
3066    -215969.968750
3067    -215970.562500
3068    -215971.500000
3069    -215972.171875
3070    -215972.921875
3071    -215973.687500
3072    -215974.515625
3073    -215975.218750
3074    -215976.046875
3075    -215976.796875
3076    -215977.609375
3077    -215978.250000
3078    -215979.078125
3079    -215979.718750
3080    -215980.468750
3081    -215981.328125
3082    -215982.062500
3083    -215982.750000
3084    -215983.593750
3085    -215984.343750
3086    -215985.062500
3087    -215985.750000
3088    -215986.671875
3089    -215987.328125
3090    -215988.093750
3091    -215988.796875
3092    -215989.687500
3093    -215990.343750
3094    -215991.156250
3095    -215991.875000
3096    -215992.640625
3097    -215993.281250
3098    -215994.125000
3099    -215994.875000
3100    -215995.609375
3101    -215996.375000
3102    -215997.187500
3103    -215997.875000
3104    -215998.609375
3105    -215999.343750
3106    -216000.171875
3107    -216000.890625
3108    -216001.734375
3109    -216002.359375
3110    -216003.218750
3111    -216004.000000
3112    -216004.687500
3113    -216005.390625
3114    -216006.171875
3115    -216006.875000
3116    -216007.718750
3117    -216008.375000
3118    -216009.125000
3119    -216009.984375
3120    -216010.640625
3121    -216011.437500
3122    -216012.250000
3123    -216012.906250
3124    -216013.671875
3125    -216014.406250
3126    -216015.187500
3127    -216016.031250
3128    -216016.593750
3129    -216017.375000
3130    -216018.156250
3131    -216018.968750
3132    -216019.625000
3133    -216020.343750
3134    -216021.156250
3135    -216021.812500
3136    -216022.593750
3137    -216023.250000
3138    -216024.093750
3139    -216024.750000
3140    -216025.562500
3141    -216026.328125
3142    -216027.109375
3143    -216027.781250
3144    -216028.515625
3145    -216029.343750
3146    -216029.968750
3147    -216030.718750
3148    -216031.375000
3149    -216032.281250
3150    -216032.968750
3151    -216033.750000
3152    -216034.468750
3153    -216035.187500
3154    -216035.859375
3155    -216036.656250
3156    -216037.406250
3157    -216038.171875
3158    -216038.906250
3159    -216039.687500
3160    -216040.343750
3161    -216040.968750
3162    -216041.843750
3163    -216042.562500
3164    -216043.281250
3165    -216044.031250
3166    -216044.828125
3167    -216045.562500
3168    -216046.265625
3169    -216047.031250
3170    -216047.796875
3171    -216048.468750
3172    -216049.156250
3173    -216050.015625
3174    -216050.625000
3175    -216051.359375
3176    -216052.156250
3177    -216052.906250
3178    -216053.531250
3179    -216054.312500
3180    -216055.000000
3181    -216055.796875
3182    -216056.500000
3183    -216057.281250
3184    -216057.906250
3185    -216058.718750
3186    -216059.328125
3187    -216060.140625
3188    -216060.875000
3189    -216061.562500
3190    -216062.296875
3191    -216062.953125
3192    -216063.781250
3193    -216064.406250
3194    -216065.093750
3195    -216065.781250
3196    -216066.562500
3197    -216067.328125
3198    -216068.062500
3199    -216068.640625
3200    -216069.500000
3201    -216070.078125
3202    -216070.859375
3203    -216071.593750
3204    -216072.359375
3205    -216073.046875
3206    -216073.750000
3207    -216074.406250
3208    -216075.187500
3209    -216075.937500
3210    -216076.593750
3211    -216077.375000
3212    -216077.968750
3213    -216078.843750
3214    -216079.437500
3215    -216080.156250
3216    -216081.000000
3217    -216081.750000
3218    -216082.500000
3219    -216083.125000
3220    -216083.859375
3221    -216084.500000
3222    -216085.312500
3223    -216086.031250
3224    -216086.781250
3225    -216087.500000
3226    -216088.140625
3227    -216088.968750
3228    -216089.656250
3229    -216090.468750
3230    -216091.125000
3231    -216091.906250
3232    -216092.593750
3233    -216093.156250
3234    -216093.968750
3235    -216094.750000
3236    -216095.484375
3237    -216096.250000
3238    -216096.906250
3239    -216097.718750
3240    -216098.406250
3241    -216099.125000
3242    -216099.906250
3243    -216100.593750
3244    -216101.312500
3245    -216102.171875
3246    -216102.968750
3247    -216103.609375
3248    -216104.281250
3249    -216104.953125
3250    -216105.781250
3251    -216106.562500
3252    -216107.156250
3253    -216107.953125
3254    -216108.734375
3255    -216109.468750
3256    -216110.296875
3257    -216110.984375
3258    -216111.656250
3259    -216112.343750
3260    -216113.265625
3261    -216113.859375
3262    -216114.687500
3263    -216115.484375
3264    -216116.187500
3265    -216116.937500
3266    -216117.609375
3267    -216118.359375
3268    -216119.171875
3269    -216119.875000
3270    -216120.609375
3271    -216121.250000
3272    -216122.062500
3273    -216122.843750
3274    -216123.546875
3275    -216124.281250
3276    -216125.031250
3277    -216125.828125
3278    -216126.468750
3279    -216127.359375
3280    -216128.046875
3281    -216128.843750
3282    -216129.625000
3283    -216130.281250
3284    -216131.125000
3285    -216131.906250
3286    -216132.578125
3287    -216133.234375
3288    -216134.093750
3289    -216134.843750
3290    -216135.656250
3291    -216136.343750
3292    -216137.109375
3293    -216137.843750
3294    -216138.593750
3295    -216139.312500
3296    -216140.234375
3297    -216140.843750
3298    -216141.609375
3299    -216142.437500
3300    -216143.171875
3301    -216144.000000
3302    -216144.812500
3303    -216145.531250
3304    -216146.218750
3305    -216147.109375
3306    -216147.750000
3307    -216148.656250
3308    -216149.296875
3309    -216150.062500
3310    -216150.937500
3311    -216151.718750
3312    -216152.468750
3313    -216153.281250
3314    -216153.937500
3315    -216154.781250
3316    -216155.625000
3317    -216156.406250
3318    -216157.109375
3319    -216157.953125
3320    -216158.734375
3321    -216159.468750
3322    -216160.250000
3323    -216161.093750
3324    -216161.750000
3325    -216162.625000
3326    -216163.328125
3327    -216164.093750
3328    -216164.875000
3329    -216165.562500
3330    -216166.312500
3331    -216167.218750
3332    -216167.906250
3333    -216168.687500
3334    -216169.421875
3335    -216170.218750
3336    -216171.000000
3337    -216171.750000
3338    -216172.468750
3339    -216173.281250
3340    -216174.078125
3341    -216174.687500
3342    -216175.593750
3343    -216176.375000
3344    -216177.109375
3345    -216177.906250
3346    -216178.687500
3347    -216179.453125
3348    -216180.218750
3349    -216180.984375
3350    -216181.750000
3351    -216182.562500
3352    -216183.281250
3353    -216184.031250
3354    -216184.703125
3355    -216185.593750
3356    -216186.296875
3357    -216187.078125
3358    -216187.859375
3359    -216188.531250
3360    -216189.296875
3361    -216190.109375
3362    -216190.937500
3363    -216191.609375
3364    -216192.390625
3365    -216193.093750
3366    -216193.937500
3367    -216194.656250
3368    -216195.500000
3369    -216196.234375
3370    -216196.937500
3371    -216197.781250
3372    -216198.578125
3373    -216199.437500
3374    -216200.000000
3375    -216200.875000
3376    -216201.640625
3377    -216202.343750
3378    -216203.156250
3379    -216203.937500
3380    -216204.703125
3381    -216205.406250
3382    -216206.218750
3383    -216207.015625
3384    -216207.812500
3385    -216208.531250
3386    -216209.343750
3387    -216210.109375
3388    -216210.812500
3389    -216211.734375
3390    -216212.343750
3391    -216213.156250
3392    -216213.937500
3393    -216214.781250
3394    -216215.453125
3395    -216216.375000
3396    -216217.125000
3397    -216217.796875
3398    -216218.562500
3399    -216219.468750
3400    -216220.187500
3401    -216220.953125
3402    -216221.781250
3403    -216222.593750
3404    -216223.265625
3405    -216224.093750
3406    -216224.843750
3407    -216225.593750
3408    -216226.437500
3409    -216227.187500
3410    -216228.000000
3411    -216228.734375
3412    -216229.562500
3413    -216230.296875
3414    -216231.109375
3415    -216231.906250
3416    -216232.625000
3417    -216233.468750
3418    -216234.250000
3419    -216235.046875
3420    -216235.796875
3421    -216236.593750
3422    -216237.328125
3423    -216238.093750
3424    -216238.984375
3425    -216239.734375
3426    -216240.562500
3427    -216241.296875
3428    -216242.093750
3429    -216242.937500
3430    -216243.625000
3431    -216244.531250
3432    -216245.312500
3433    -216246.078125
3434    -216246.875000
3435    -216247.640625
3436    -216248.453125
3437    -216249.187500
3438    -216249.984375
3439    -216250.812500
3440    -216251.593750
3441    -216252.406250
3442    -216253.093750
3443    -216253.828125
3444    -216254.718750
3445    -216255.500000
3446    -216256.250000
3447    -216256.953125
3448    -216257.750000
3449    -216258.546875
3450    -216259.328125
3451    -216260.187500
3452    -216260.875000
3453    -216261.718750
3454    -216262.453125
3455    -216263.343750
3456    -216264.000000
3457    -216264.812500
3458    -216265.515625
3459    -216266.375000
3460    -216267.062500
3461    -216267.781250
3462    -216268.687500
3463    -216269.375000
3464    -216270.265625
3465    -216270.812500
3466    -216271.640625
3467    -216272.359375
3468    -216273.156250
3469    -216273.875000
3470    -216274.656250
3471    -216275.375000
3472    -216276.171875
3473    -216276.968750
3474    -216277.656250
3475    -216278.515625
3476    -216279.125000
3477    -216280.031250
3478    -216280.671875
3479    -216281.421875
3480    -216282.234375
3481    -216282.875000
3482    -216283.718750
3483    -216284.437500
3484    -216285.218750
3485    -216285.953125
3486    -216286.578125
3487    -216287.406250
3488    -216288.093750
3489    -216288.843750
3490    -216289.593750
3491    -216290.312500
3492    -216290.984375
3493    -216291.781250
3494    -216292.531250
3495    -216293.187500
3496    -216294.000000
3497    -216294.625000
3498    -216295.406250
3499    -216296.171875
3500    -216297.015625
3501    -216297.593750
3502    -216298.468750
3503    -216299.031250
3504    -216299.718750
3505    -216300.531250
3506    -216301.156250
3507    -216301.828125
3508    -216302.625000
3509    -216303.250000
3510    -216303.984375
3511    -216304.640625
3512    -216305.343750
3513    -216306.015625
3514    -216306.781250
3515    -216307.437500
3516    -216308.171875
3517    -216308.812500
3518    -216309.515625
3519    -216310.125000
3520    -216310.875000
3521    -216311.500000
3522    -216312.218750
3523    -216312.921875
3524    -216313.656250
3525    -216314.218750
3526    -216314.921875
3527    -216315.578125
3528    -216316.281250
3529    -216316.921875
3530    -216317.437500
3531    -216318.171875
3532    -216318.890625
3533    -216319.421875
3534    -216320.203125
3535    -216320.843750
3536    -216321.500000
3537    -216322.000000
3538    -216322.750000
3539    -216323.437500
3540    -216324.046875
3541    -216324.687500
3542    -216325.234375
3543    -216325.875000
3544    -216326.515625
3545    -216327.187500
3546    -216327.703125
3547    -216328.406250
3548    -216328.937500
3549    -216329.609375
3550    -216330.296875
3551    -216330.781250
3552    -216331.484375
3553    -216332.093750
3554    -216332.718750
3555    -216333.296875
3556    -216333.906250
3557    -216334.546875
3558    -216335.078125
3559    -216335.750000
3560    -216336.281250
3561    -216336.937500
3562    -216337.546875
3563    -216338.187500
3564    -216338.765625
3565    -216339.250000
3566    -216339.906250
3567    -216340.531250
3568    -216341.093750
3569    -216341.609375
3570    -216342.218750
3571    -216342.906250
3572    -216343.437500
3573    -216344.062500
3574    -216344.578125
3575    -216345.375000
3576    -216345.812500
3577    -216346.437500
3578    -216347.062500
3579    -216347.593750
3580    -216348.203125
3581    -216348.781250
3582    -216349.375000
3583    -216349.937500
3584    -216350.515625
3585    -216351.015625
3586    -216351.671875
3587    -216352.250000
3588    -216352.843750
3589    -216353.296875
3590    -216353.843750
3591    -216354.437500
3592    -216355.031250
3593    -216355.703125
3594    -216356.140625
3595    -216356.718750
3596    -216357.234375
3597    -216357.718750
3598    -216358.296875
3599    -216358.890625
3600    -216359.500000
3601    -216360.093750
3602    -216360.656250
3603    -216361.171875
3604    -216361.671875
3605    -216362.187500
3606    -216362.656250
3607    -216363.328125
3608    -216363.828125
3609    -216364.437500
3610    -216364.937500
3611    -216365.484375
3612    -216366.031250
3613    -216366.781250
3614    -216367.312500
3615    -216367.828125
3616    -216368.406250
3617    -216368.937500
3618    -216369.468750
3619    -216369.890625
3620    -216370.390625
3621    -216371.031250
3622    -216371.500000
3623    -216372.062500
3624    -216372.562500
3625    -216373.218750
3626    -216373.640625
3627    -216374.250000
3628    -216374.859375
3629    -216375.312500
3630    -216375.828125
3631    -216376.453125
3632    -216376.906250
3633    -216377.421875
3634    -216378.015625
3635    -216378.578125
3636    -216378.968750
3637    -216379.593750
3638    -216380.171875
3639    -216380.750000
3640    -216381.328125
3641    -216381.703125
3642    -216382.218750
3643    -216382.828125
3644    -216383.359375
3645    -216383.968750
3646    -216384.406250
3647    -216384.984375
3648    -216385.531250
3649    -216386.125000
3650    -216386.562500
3651    -216387.093750
3652    -216387.656250
3653    -216388.171875
3654    -216388.718750
3655    -216389.156250
3656    -216389.718750
3657    -216390.218750
3658    -216390.718750
3659    -216391.296875
3660    -216391.812500
3661    -216392.312500
3662    -216392.812500
3663    -216393.312500
3664    -216393.734375
3665    -216394.281250
3666    -216394.781250
3667    -216395.281250
3668    -216395.796875
3669    -216396.375000
3670    -216396.812500
3671    -216397.375000
3672    -216397.875000
3673    -216398.328125
3674    -216398.781250
3675    -216399.343750
3676    -216399.890625
3677    -216400.375000
3678    -216400.968750
3679    -216401.375000
3680    -216401.906250
3681    -216402.453125
3682    -216403.000000
3683    -216403.484375
3684    -216403.968750
3685    -216404.531250
3686    -216404.953125
3687    -216405.484375
3688    -216406.015625
3689    -216406.531250
3690    -216406.968750
3691    -216407.437500
3692    -216407.937500
3693    -216408.406250
3694    -216409.015625
3695    -216409.515625
3696    -216409.968750
3697    -216410.468750
3698    -216410.875000
3699    -216411.406250
3700    -216412.031250
3701    -216412.421875
3702    -216412.984375
3703    -216413.406250
3704    -216413.890625
3705    -216414.453125
3706    -216414.953125
3707    -216415.437500
3708    -216415.906250
3709    -216416.500000
3710    -216417.000000
3711    -216417.437500
3712    -216417.921875
3713    -216418.453125
3714    -216418.921875
3715    -216419.421875
3716    -216419.937500
3717    -216420.437500
3718    -216420.890625
3719    -216421.437500
3720    -216421.921875
3721    -216422.468750
3722    -216422.890625
3723    -216423.437500
3724    -216423.906250
3725    -216424.468750
3726    -216424.906250
3727    -216425.343750
3728    -216425.906250
3729    -216426.343750
3730    -216426.937500
3731    -216427.406250
3732    -216427.921875
3733    -216428.437500
3734    -216428.906250
3735    -216429.406250
3736    -216429.921875
3737    -216430.343750
3738    -216430.875000
3739    -216431.375000
3740    -216431.890625
3741    -216432.390625
3742    -216432.906250
3743    -216433.375000
3744    -216433.875000
3745    -216434.343750
3746    -216434.859375
3747    -216435.375000
3748    -216435.875000
3749    -216436.359375
3750    -216436.796875
3751    -216437.296875
3752    -216437.812500
3753    -216438.359375
3754    -216438.843750
3755    -216439.343750
3756    -216439.843750
3757    -216440.406250
3758    -216440.812500
3759    -216441.343750
3760    -216441.843750
3761    -216442.343750
3762    -216442.859375
3763    -216443.375000
3764    -216443.812500
3765    -216444.312500
3766    -216444.750000
3767    -216445.250000
3768    -216445.812500
3769    -216446.265625
3770    -216446.718750
3771    -216447.218750
3772    -216447.734375
3773    -216448.187500
3774    -216448.593750
3775    -216449.093750
3776    -216449.625000
3777    -216450.125000
3778    -216450.609375
3779    -216451.062500
3780    -216451.593750
3781    -216452.093750
3782    -216452.500000
3783    -216453.015625
3784    -216453.468750
3785    -216454.093750
3786    -216454.484375
3787    -216455.031250
3788    -216455.406250
3789    -216455.906250
3790    -216456.468750
3791    -216456.875000
3792    -216457.437500
3793    -216457.890625
3794    -216458.375000
3795    -216458.875000
3796    -216459.343750
3797    -216459.734375
3798    -216460.281250
3799    -216460.718750
3800    -216461.218750
3801    -216461.734375
3802    -216462.187500
3803    -216462.687500
3804    -216463.062500
3805    -216463.656250
3806    -216464.125000
3807    -216464.578125
3808    -216465.015625
3809    -216465.500000
3810    -216465.968750
3811    -216466.437500
3812    -216466.968750
3813    -216467.484375
3814    -216467.937500
3815    -216468.375000
3816    -216468.828125
3817    -216469.312500
3818    -216469.812500
3819    -216470.234375
3820    -216470.718750
3821    -216471.218750
3822    -216471.656250
3823    -216472.093750
3824    -216472.625000
3825    -216473.093750
3826    -216473.546875
3827    -216474.000000
3828    -216474.390625
3829    -216474.968750
3830    -216475.437500
3831    -216475.906250
3832    -216476.312500
3833    -216476.812500
3834    -216477.187500
3835    -216477.765625
3836    -216478.203125
3837    -216478.625000
3838    -216479.109375
3839    -216479.562500
3840    -216479.968750
3841    -216480.500000
3842    -216480.921875
3843    -216481.359375
3844    -216481.875000
3845    -216482.281250
3846    -216482.718750
3847    -216483.203125
3848    -216483.718750
3849    -216484.125000
3850    -216484.609375
3851    -216484.984375
3852    -216485.421875
3853    -216485.859375
3854    -216486.390625
3855    -216486.843750
3856    -216487.250000
3857    -216487.734375
3858    -216488.093750
3859    -216488.562500
3860    -216489.046875
3861    -216489.500000
3862    -216489.875000
3863    -216490.375000
3864    -216490.828125
3865    -216491.296875
3866    -216491.703125
3867    -216492.156250
3868    -216492.640625
3869    -216492.984375
3870    -216493.484375
3871    -216493.859375
3872    -216494.343750
3873    -216494.750000
3874    -216495.250000
3875    -216495.625000
3876    -216496.093750
3877    -216496.500000
3878    -216496.968750
3879    -216497.390625
3880    -216497.859375
3881    -216498.296875
3882    -216498.734375
3883    -216499.156250
3884    -216499.546875
3885    -216500.000000
3886    -216500.375000
3887    -216500.859375
3888    -216501.343750
3889    -216501.687500
3890    -216502.125000
3891    -216502.500000
3892    -216502.968750
3893    -216503.390625
3894    -216503.812500
3895    -216504.218750
3896    -216504.625000
3897    -216505.062500
3898    -216505.453125
3899    -216505.906250
3900    -216506.281250
3901    -216506.687500
3902    -216507.156250
3903    -216507.593750
3904    -216507.968750
3905    -216508.390625
3906    -216508.843750
3907    -216509.218750
3908    -216509.625000
3909    -216510.140625
3910    -216510.500000
3911    -216510.875000
3912    -216511.328125
3913    -216511.765625
3914    -216512.125000
3915    -216512.562500
3916    -216513.000000
3917    -216513.375000
3918    -216513.718750
3919    -216514.281250
3920    -216514.656250
3921    -216514.921875
3922    -216515.375000
3923    -216515.781250
3924    -216516.187500
3925    -216516.562500
3926    -216517.000000
3927    -216517.375000
3928    -216517.687500
3929    -216518.046875
3930    -216518.500000
3931    -216518.875000
3932    -216519.250000
3933    -216519.640625
3934    -216520.109375
3935    -216520.437500
3936    -216520.828125
3937    -216521.187500
3938    -216521.593750
3939    -216521.984375
3940    -216522.390625
3941    -216522.750000
3942    -216523.125000
3943    -216523.562500
3944    -216523.906250
3945    -216524.328125
3946    -216524.656250
3947    -216525.109375
3948    -216525.515625
3949    -216525.812500
3950    -216526.296875
3951    -216526.656250
3952    -216527.000000
3953    -216527.437500
3954    -216527.765625
3955    -216528.218750
3956    -216528.531250
3957    -216529.000000
3958    -216529.328125
3959    -216529.625000
3960    -216530.109375
3961    -216530.484375
3962    -216530.875000
3963    -216531.218750
3964    -216531.562500
3965    -216532.000000
3966    -216532.375000
3967    -216532.875000
3968    -216533.187500
3969    -216533.562500
3970    -216533.875000
3971    -216534.359375
3972    -216534.656250
3973    -216535.031250
3974    -216535.437500
3975    -216535.765625
3976    -216536.250000
3977    -216536.546875
3978    -216537.015625
3979    -216537.375000
3980    -216537.750000
3981    -216538.062500
3982    -216538.437500
3983    -216538.859375
3984    -216539.281250
3985    -216539.609375
3986    -216539.921875
3987    -216540.296875
3988    -216540.656250
3989    -216541.140625
3990    -216541.406250
3991    -216541.828125
3992    -216542.171875
3993    -216542.562500
3994    -216542.968750
3995    -216543.296875
3996    -216543.687500
3997    -216544.031250
3998    -216544.406250
3999    -216544.812500
4000    -216545.171875
4001    -216545.531250
4002    -216545.906250
4003    -216546.265625
4004    -216546.640625
4005    -216547.015625
4006    -216547.375000
4007    -216547.718750
4008    -216548.140625
4009    -216548.437500
4010    -216548.765625
4011    -216549.250000
4012    -216549.531250
4013    -216549.890625
4014    -216550.218750
4015    -216550.656250
4016    -216551.000000
4017    -216551.281250
4018    -216551.781250
4019    -216552.015625
4020    -216552.343750
4021    -216552.750000
4022    -216553.156250
4023    -216553.500000
4024    -216553.890625
4025    -216554.187500
4026    -216554.562500
4027    -216554.921875
4028    -216555.312500
4029    -216555.640625
4030    -216555.937500
4031    -216556.343750
4032    -216556.687500
4033    -216556.984375
4034    -216557.421875
4035    -216557.687500
4036    -216557.968750
4037    -216558.437500
4038    -216558.734375
4039    -216559.093750
4040    -216559.453125
4041    -216559.765625
4042    -216560.109375
4043    -216560.468750
4044    -216560.781250
4045    -216561.171875
4046    -216561.468750
4047    -216561.843750
4048    -216562.187500
4049    -216562.500000
4050    -216562.828125
4051    -216563.156250
4052    -216563.546875
4053    -216563.875000
4054    -216564.156250
4055    -216564.500000
4056    -216564.875000
4057    -216565.187500
4058    -216565.468750
4059    -216565.843750
4060    -216566.203125
4061    -216566.515625
4062    -216566.812500
4063    -216567.125000
4064    -216567.468750
4065    -216567.812500
4066    -216568.125000
4067    -216568.500000
4068    -216568.828125
4069    -216569.140625
4070    -216569.406250
4071    -216569.765625
4072    -216570.078125
4073    -216570.421875
4074    -216570.781250
4075    -216571.109375
4076    -216571.375000
4077    -216571.734375
4078    -216572.031250
4079    -216572.375000
4080    -216572.656250
4081    -216572.953125
4082    -216573.328125
4083    -216573.671875
4084    -216573.968750
4085    -216574.281250
4086    -216574.593750
4087    -216574.875000
4088    -216575.203125
4089    -216575.531250
4090    -216575.812500
4091    -216576.140625
4092    -216576.437500
4093    -216576.718750
4094    -216577.046875
4095    -216577.343750
4096    -216577.656250
4097    -216577.937500
4098    -216578.250000
4099    -216578.531250
4100    -216578.890625
4101    -216579.156250
4102    -216579.437500
4103    -216579.765625
4104    -216580.125000
4105    -216580.390625
4106    -216580.656250
4107    -216581.000000
4108    -216581.281250
4109    -216581.578125
4110    -216581.875000
4111    -216582.156250
4112    -216582.421875
4113    -216582.750000
4114    -216583.000000
4115    -216583.312500
4116    -216583.546875
4117    -216583.890625
4118    -216584.156250
4119    -216584.468750
4120    -216584.734375
4121    -216585.015625
4122    -216585.343750
4123    -216585.562500
4124    -216585.843750
4125    -216586.187500
4126    -216586.406250
4127    -216586.703125
4128    -216587.000000
4129    -216587.250000
4130    -216587.562500
4131    -216587.781250
4132    -216588.093750
4133    -216588.375000
4134    -216588.656250
4135    -216588.921875
4136    -216589.156250
4137    -216589.484375
4138    -216589.718750
4139    -216590.046875
4140    -216590.296875
4141    -216590.546875
4142    -216590.843750
4143    -216591.093750
4144    -216591.421875
4145    -216591.656250
4146    -216591.984375
4147    -216592.234375
4148    -216592.437500
4149    -216592.734375
4150    -216593.000000
4151    -216593.312500
4152    -216593.562500
4153    -216593.828125
4154    -216594.078125
4155    -216594.343750
4156    -216594.625000
4157    -216594.921875
4158    -216595.125000
4159    -216595.437500
4160    -216595.687500
4161    -216595.968750
4162    -216596.281250
4163    -216596.500000
4164    -216596.765625
4165    -216597.031250
4166    -216597.312500
4167    -216597.562500
4168    -216597.828125
4169    -216598.156250
4170    -216598.406250
4171    -216598.640625
4172    -216598.859375
4173    -216599.187500
4174    -216599.375000
4175    -216599.671875
4176    -216599.968750
4177    -216600.234375
4178    -216600.500000
4179    -216600.781250
4180    -216600.968750
4181    -216601.250000
4182    -216601.484375
4183    -216601.781250
4184    -216602.015625
4185    -216602.281250
4186    -216602.531250
4187    -216602.812500
4188    -216603.062500
4189    -216603.281250
4190    -216603.593750
4191    -216603.828125
4192    -216604.093750
4193    -216604.359375
4194    -216604.593750
4195    -216604.843750
4196    -216605.062500
4197    -216605.343750
4198    -216605.593750
4199    -216605.843750
4200    -216606.046875
4201    -216606.281250
4202    -216606.531250
4203    -216606.812500
4204    -216607.062500
4205    -216607.312500
4206    -216607.546875
4207    -216607.750000
4208    -216607.953125
4209    -216608.234375
4210    -216608.468750
4211    -216608.671875
4212    -216608.937500
4213    -216609.156250
4214    -216609.406250
4215    -216609.593750
4216    -216609.859375
4217    -216610.093750
4218    -216610.312500
4219    -216610.593750
4220    -216610.796875
4221    -216610.984375
4222    -216611.234375
4223    -216611.484375
4224    -216611.718750
4225    -216611.906250
4226    -216612.156250
4227    -216612.406250
4228    -216612.625000
4229    -216612.812500
4230    -216613.093750
4231    -216613.265625
4232    -216613.562500
4233    -216613.718750
4234    -216613.968750
4235    -216614.171875
4236    -216614.437500
4237    -216614.687500
4238    -216614.859375
4239    -216615.109375
4240    -216615.359375
4241    -216615.531250
4242    -216615.781250
4243    -216615.968750
4244    -216616.218750
4245    -216616.437500
4246    -216616.671875
4247    -216616.843750
4248    -216617.046875
4249    -216617.296875
4250    -216617.484375
4251    -216617.750000
4252    -216617.921875
4253    -216618.125000
4254    -216618.359375
4255    -216618.625000
4256    -216618.812500
4257    -216619.031250
4258    -216619.187500
4259    -216619.437500
4260    -216619.625000
4261    -216619.812500
4262    -216620.046875
4263    -216620.281250
4264    -216620.500000
4265    -216620.671875
4266    -216620.875000
4267    -216621.140625
4268    -216621.312500
4269    -216621.531250
4270    -216621.734375
4271    -216621.937500
4272    -216622.187500
4273    -216622.406250
4274    -216622.625000
4275    -216622.812500
4276    -216623.031250
4277    -216623.234375
4278    -216623.406250
4279    -216623.625000
4280    -216623.875000
4281    -216624.031250
4282    -216624.250000
4283    -216624.468750
4284    -216624.656250
4285    -216624.890625
4286    -216625.093750
4287    -216625.281250
4288    -216625.500000
4289    -216625.687500
4290    -216625.859375
4291    -216626.062500
4292    -216626.312500
4293    -216626.531250
4294    -216626.718750
4295    -216626.906250
4296    -216627.125000
4297    -216627.281250
4298    -216627.531250
4299    -216627.718750
4300    -216627.937500
4301    -216628.125000
4302    -216628.312500
4303    -216628.593750
4304    -216628.734375
4305    -216628.968750
4306    -216629.140625
4307    -216629.359375
4308    -216629.546875
4309    -216629.734375
4310    -216629.953125
4311    -216630.140625
4312    -216630.312500
4313    -216630.578125
4314    -216630.718750
4315    -216630.937500
4316    -216631.093750
4317    -216631.343750
4318    -216631.531250
4319    -216631.765625
4320    -216631.906250
4321    -216632.125000
4322    -216632.312500
4323    -216632.484375
4324    -216632.718750
4325    -216632.875000
4326    -216633.078125
