Step            Loss
--------------------
1         209.983795
2        -190.104614
3        -590.402588
4        -990.619629
5       -1390.666016
6       -1790.178955
7       -2191.189697
8       -2590.547363
9       -2990.655273
10      -3391.019775
11      -3790.384766
12      -4191.853027
13      -4591.427734
14      -4992.839844
15      -5392.864258
16      -5794.176758
17      -6193.585938
18      -6595.676270
19      -6995.928711
20      -7396.763672
21      -7797.802734
22      -8199.945312
23      -8600.761719
24      -9003.654297
25      -9404.869141
26      -9807.725586
27      -10209.583984
28      -10613.695312
29      -11016.482422
30      -11419.137695
31      -11823.732422
32      -12227.794922
33      -12632.314453
34      -13036.516602
35      -13442.673828
36      -13848.306641
37      -14254.973633
38      -14661.078125
39      -15069.376953
40      -15475.662109
41      -15886.089844
42      -16293.849609
43      -16703.117188
44      -17113.138672
45      -17523.734375
46      -17934.519531
47      -18346.261719
48      -18758.488281
49      -19171.867188
50      -19584.695312
51      -19999.300781
52      -20414.123047
53      -20829.181641
54      -21245.978516
55      -21663.445312
56      -22081.015625
57      -22499.949219
58      -22918.457031
59      -23338.929688
60      -23759.693359
61      -24180.658203
62      -24604.230469
63      -25027.369141
64      -25451.207031
65      -25877.062500
66      -26302.662109
67      -26729.298828
68      -27156.568359
69      -27585.558594
70      -28014.855469
71      -28445.472656
72      -28876.613281
73      -29308.181641
74      -29741.234375
75      -30175.429688
76      -30610.351562
77      -31047.220703
78      -31483.535156
79      -31921.402344
80      -32359.771484
81      -32800.320312
82      -33240.304688
83      -33683.003906
84      -34125.710938
85      -34568.539062
86      -35014.441406
87      -35460.617188
88      -35906.074219
89      -36354.515625
90      -36803.757812
91      -37253.628906
92      -37704.199219
93      -38155.386719
94      -38608.957031
95      -39063.507812
96      -39517.500000
97      -39974.222656
98      -40429.718750
99      -40888.718750
100     -41348.347656
101     -41808.078125
102     -42269.019531
103     -42730.929688
104     -43194.203125
105     -43659.156250
106     -44123.492188
107     -44589.398438
108     -45056.554688
109     -45524.804688
110     -45994.148438
111     -46464.617188
112     -46935.449219
113     -47407.890625
114     -47882.593750
115     -48354.265625
116     -48829.960938
117     -49306.367188
118     -49783.824219
119     -50261.503906
120     -50739.964844
121     -51220.414062
122     -51701.007812
123     -52182.593750
124     -52666.242188
125     -53148.542969
126     -53633.773438
127     -54119.210938
128     -54604.121094
129     -55093.371094
130     -55580.742188
131     -56070.277344
132     -56560.343750
133     -57050.312500
134     -57542.101562
135     -58034.230469
136     -58528.855469
137     -59020.984375
138     -59516.289062
139     -60012.097656
140     -60509.007812
141     -61005.152344
142     -61503.164062
143     -62003.253906
144     -62502.253906
145     -63001.062500
146     -63501.894531
147     -64004.304688
148     -64506.109375
149     -65009.242188
150     -65512.339844
151     -66017.492188
152     -66522.453125
153     -67026.953125
154     -67533.796875
155     -68039.359375
156     -68547.890625
157     -69054.664062
158     -69563.750000
159     -70072.609375
160     -70581.039062
161     -71092.195312
162     -71602.570312
163     -72112.195312
164     -72623.179688
165     -73136.015625
166     -73648.375000
167     -74161.718750
168     -74674.765625
169     -75187.984375
170     -75702.156250
171     -76216.703125
172     -76731.007812
173     -77245.031250
174     -77761.054688
175     -78275.765625
176     -78793.265625
177     -79307.429688
178     -79824.468750
179     -80341.125000
180     -80857.859375
181     -81375.109375
182     -81891.328125
183     -82411.140625
184     -82927.562500
185     -83444.609375
186     -83962.421875
187     -84480.484375
188     -84997.625000
189     -85516.648438
190     -86033.546875
191     -86553.000000
192     -87070.281250
193     -87589.203125
194     -88106.554688
195     -88624.281250
196     -89142.750000
197     -89660.765625
198     -90178.750000
199     -90697.000000
200     -91214.039062
201     -91730.765625
202     -92249.531250
203     -92767.335938
204     -93281.781250
205     -93799.359375
206     -94316.265625
207     -94832.367188
208     -95349.437500
209     -95864.546875
210     -96381.093750
211     -96894.351562
212     -97411.960938
213     -97925.867188
214     -98439.789062
215     -98954.523438
216     -99467.281250
217     -99981.320312
218     -100493.265625
219     -101005.585938
220     -101518.046875
221     -102030.390625
222     -102540.359375
223     -103051.140625
224     -103562.054688
225     -104071.281250
226     -104580.453125
227     -105089.031250
228     -105596.875000
229     -106104.656250
230     -106611.351562
231     -107117.937500
232     -107624.015625
233     -108128.984375
234     -108633.671875
235     -109138.156250
236     -109640.265625
237     -110141.984375
238     -110643.578125
239     -111144.132812
240     -111645.609375
241     -112144.710938
242     -112642.765625
243     -113138.890625
244     -113638.375000
245     -114132.265625
246     -114627.734375
247     -115122.421875
248     -115615.679688
249     -116108.710938
250     -116601.210938
251     -117091.468750
252     -117580.671875
253     -118070.781250
254     -118559.453125
255     -119046.937500
256     -119533.796875
257     -120020.609375
258     -120504.140625
259     -120987.359375
260     -121470.265625
261     -121952.320312
262     -122432.000000
263     -122912.250000
264     -123390.625000
265     -123868.000000
266     -124346.046875
267     -124820.265625
268     -125294.453125
269     -125766.867188
270     -126240.718750
271     -126710.453125
272     -127181.109375
273     -127649.992188
274     -128119.421875
275     -128585.085938
276     -129049.164062
277     -129514.656250
278     -129978.375000
279     -130441.304688
280     -130901.609375
281     -131360.468750
282     -131819.750000
283     -132277.125000
284     -132733.515625
285     -133188.734375
286     -133643.312500
287     -134095.828125
288     -134547.625000
289     -134997.437500
290     -135447.906250
291     -135893.875000
292     -136340.500000
293     -136785.468750
294     -137231.156250
295     -137671.453125
296     -138114.812500
297     -138554.453125
298     -138994.109375
299     -139431.906250
300     -139865.921875
301     -140302.187500
302     -140736.437500
303     -141169.093750
304     -141600.234375
305     -142030.187500
306     -142458.531250
307     -142886.218750
308     -143311.828125
309     -143734.875000
310     -144160.171875
311     -144579.781250
312     -145000.000000
313     -145419.156250
314     -145836.062500
315     -146252.140625
316     -146666.187500
317     -147077.625000
318     -147489.406250
319     -147899.406250
320     -148307.953125
321     -148716.218750
322     -149122.375000
323     -149525.531250
324     -149929.625000
325     -150329.062500
326     -150729.890625
327     -151126.031250
328     -151523.843750
329     -151918.250000
330     -152312.906250
331     -152705.125000
332     -153095.500000
333     -153485.203125
334     -153871.625000
335     -154258.531250
336     -154642.187500
337     -155025.281250
338     -155405.484375
339     -155785.156250
340     -156164.781250
341     -156541.937500
342     -156915.187500
343     -157289.234375
344     -157661.031250
345     -158032.843750
346     -158401.375000
347     -158769.156250
348     -159135.781250
349     -159499.375000
350     -159862.250000
351     -160223.156250
352     -160584.312500
353     -160941.187500
354     -161299.546875
355     -161654.218750
356     -162007.187500
357     -162359.562500
358     -162709.937500
359     -163058.437500
360     -163406.171875
361     -163753.078125
362     -164098.781250
363     -164442.421875
364     -164781.468750
365     -165120.906250
366     -165459.093750
367     -165796.203125
368     -166132.031250
369     -166464.203125
370     -166797.062500
371     -167127.234375
372     -167456.656250
373     -167785.437500
374     -168109.859375
375     -168434.187500
376     -168757.750000
377     -169079.734375
378     -169397.625000
379     -169715.718750
380     -170032.125000
381     -170347.250000
382     -170661.718750
383     -170972.468750
384     -171282.296875
385     -171589.859375
386     -171897.312500
387     -172202.656250
388     -172506.328125
389     -172809.406250
390     -173109.250000
391     -173408.031250
392     -173704.531250
393     -174000.609375
394     -174295.578125
395     -174587.859375
396     -174880.531250
397     -175166.562500
398     -175455.437500
399     -175744.281250
400     -176028.562500
401     -176314.515625
402     -176594.468750
403     -176874.062500
404     -177153.437500
405     -177431.218750
406     -177707.312500
407     -177982.656250
408     -178253.281250
409     -178524.937500
410     -178797.250000
411     -179065.593750
412     -179333.031250
413     -179598.671875
414     -179862.109375
415     -180124.468750
416     -180385.000000
417     -180645.359375
418     -180903.453125
419     -181159.937500
420     -181413.031250
421     -181668.218750
422     -181919.093750
423     -182168.859375
424     -182416.718750
425     -182663.437500
426     -182909.781250
427     -183153.343750
428     -183396.000000
429     -183636.953125
430     -183876.359375
431     -184113.937500
432     -184351.578125
433     -184586.625000
434     -184820.875000
435     -185055.562500
436     -185284.453125
437     -185514.421875
438     -185742.187500
439     -185968.125000
440     -186194.781250
441     -186417.625000
442     -186641.468750
443     -186861.281250
444     -187080.562500
445     -187299.062500
446     -187517.000000
447     -187730.453125
448     -187946.031250
449     -188158.187500
450     -188369.125000
451     -188580.781250
452     -188787.781250
453     -188995.734375
454     -189203.453125
455     -189407.562500
456     -189610.562500
457     -189812.484375
458     -190011.296875
459     -190210.609375
460     -190408.781250
461     -190603.218750
462     -190798.921875
463     -190991.812500
464     -191184.750000
465     -191375.843750
466     -191563.437500
467     -191751.421875
468     -191937.468750
469     -192121.625000
470     -192306.406250
471     -192487.750000
472     -192667.250000
473     -192847.906250
474     -193026.968750
475     -193204.234375
476     -193380.531250
477     -193555.750000
478     -193728.750000
479     -193900.218750
480     -194071.437500
481     -194240.000000
482     -194408.281250
483     -194575.406250
484     -194740.718750
485     -194904.468750
486     -195067.187500
487     -195227.875000
488     -195387.781250
489     -195547.109375
490     -195702.890625
491     -195859.250000
492     -196013.875000
493     -196167.875000
494     -196320.250000
495     -196472.890625
496     -196621.062500
497     -196770.859375
498     -196918.875000
499     -197066.562500
500     -197211.125000
501     -197355.421875
502     -197498.968750
503     -197642.656250
504     -197783.937500
505     -197923.296875
506     -198062.625000
507     -198200.968750
508     -198337.250000
509     -198472.937500
510     -198606.531250
511     -198739.781250
512     -198872.328125
513     -199002.671875
514     -199132.921875
515     -199262.500000
516     -199388.609375
517     -199516.078125
518     -199640.625000
519     -199765.843750
520     -199888.562500
521     -200011.843750
522     -200132.156250
523     -200253.609375
524     -200374.218750
525     -200491.562500
526     -200607.593750
527     -200725.000000
528     -200839.156250
529     -200953.031250
530     -201066.281250
531     -201177.984375
532     -201288.750000
533     -201399.156250
534     -201507.546875
535     -201615.468750
536     -201722.984375
537     -201829.843750
538     -201934.812500
539     -202039.906250
540     -202143.031250
541     -202244.968750
542     -202346.859375
543     -202447.750000
544     -202546.968750
545     -202646.312500
546     -202743.359375
547     -202839.453125
548     -202934.718750
549     -203029.984375
550     -203122.843750
551     -203216.562500
552     -203309.484375
553     -203399.906250
554     -203490.234375
555     -203580.750000
556     -203670.859375
557     -203758.609375
558     -203846.093750
559     -203933.062500
560     -204019.375000
561     -204104.046875
562     -204189.562500
563     -204272.906250
564     -204355.578125
565     -204437.640625
566     -204517.968750
567     -204599.921875
568     -204678.562500
569     -204757.796875
570     -204836.250000
571     -204912.859375
572     -204990.812500
573     -205066.406250
574     -205141.359375
575     -205217.046875
576     -205290.468750
577     -205364.281250
578     -205436.125000
579     -205508.031250
580     -205579.265625
581     -205650.578125
582     -205719.468750
583     -205790.375000
584     -205859.093750
585     -205926.437500
586     -205995.375000
587     -206061.968750
588     -206128.312500
589     -206195.031250
590     -206259.687500
591     -206324.515625
592     -206389.078125
593     -206453.046875
594     -206515.718750
595     -206579.125000
596     -206640.812500
597     -206702.031250
598     -206763.218750
599     -206823.671875
600     -206882.859375
601     -206941.796875
602     -207001.031250
603     -207057.281250
604     -207114.906250
605     -207172.078125
606     -207228.187500
607     -207284.187500
608     -207338.984375
609     -207393.843750
610     -207447.781250
611     -207501.187500
612     -207553.125000
613     -207606.140625
614     -207657.593750
615     -207708.078125
616     -207759.328125
617     -207809.750000
618     -207858.468750
619     -207908.125000
620     -207956.515625
621     -208003.625000
622     -208050.843750
623     -208098.421875
624     -208143.718750
625     -208189.703125
626     -208234.531250
627     -208279.593750
628     -208324.843750
629     -208368.640625
630     -208412.328125
631     -208456.109375
632     -208499.218750
633     -208542.000000
634     -208584.203125
635     -208627.250000
636     -208667.375000
637     -208709.343750
638     -208749.765625
639     -208790.718750
640     -208830.281250
641     -208870.625000
642     -208910.171875
643     -208949.390625
644     -208988.531250
645     -209026.187500
646     -209064.437500
647     -209102.312500
648     -209139.890625
649     -209176.421875
650     -209212.734375
651     -209249.156250
652     -209285.078125
653     -209320.562500
654     -209355.421875
655     -209390.609375
656     -209424.578125
657     -209458.328125
658     -209492.687500
659     -209525.656250
660     -209558.781250
661     -209591.031250
662     -209623.093750
663     -209655.656250
664     -209686.812500
665     -209718.750000
666     -209749.718750
667     -209780.781250
668     -209811.406250
669     -209842.125000
670     -209872.031250
671     -209902.000000
672     -209931.671875
673     -209961.500000
674     -209990.406250
675     -210019.734375
676     -210048.359375
677     -210077.093750
678     -210104.812500
679     -210132.718750
680     -210160.437500
681     -210187.968750
682     -210214.640625
683     -210241.609375
684     -210267.953125
685     -210294.312500
686     -210320.156250
687     -210346.093750
688     -210371.937500
689     -210397.437500
690     -210422.578125
691     -210447.828125
692     -210472.562500
693     -210497.468750
694     -210521.500000
695     -210545.968750
696     -210570.312500
697     -210594.109375
698     -210618.093750
699     -210641.734375
700     -210665.750000
701     -210688.968750
702     -210712.156250
703     -210735.375000
704     -210758.328125
705     -210781.000000
706     -210803.093750
707     -210825.328125
708     -210847.218750
709     -210869.265625
710     -210890.687500
711     -210912.125000
712     -210933.125000
713     -210954.406250
714     -210974.921875
715     -210995.843750
716     -211015.687500
717     -211036.437500
718     -211056.718750
719     -211076.765625
720     -211096.750000
721     -211116.593750
722     -211136.187500
723     -211155.765625
724     -211175.187500
725     -211194.437500
726     -211213.593750
727     -211232.281250
728     -211251.218750
729     -211269.625000
730     -211288.125000
731     -211306.500000
732     -211324.546875
733     -211342.593750
734     -211360.421875
735     -211378.000000
736     -211395.578125
737     -211413.062500
738     -211430.234375
739     -211447.656250
740     -211464.921875
741     -211481.687500
742     -211498.265625
743     -211515.156250
744     -211531.843750
745     -211548.359375
746     -211564.875000
747     -211581.281250
748     -211597.265625
749     -211613.359375
750     -211629.218750
751     -211644.968750
752     -211660.687500
753     -211676.343750
754     -211691.734375
755     -211706.968750
756     -211722.421875
757     -211737.750000
758     -211752.687500
759     -211767.765625
760     -211782.609375
761     -211797.250000
762     -211812.078125
763     -211826.906250
764     -211841.281250
765     -211855.593750
766     -211870.015625
767     -211884.265625
768     -211898.281250
769     -211912.031250
770     -211925.953125
771     -211939.531250
772     -211952.906250
773     -211966.531250
774     -211980.312500
775     -211993.531250
776     -212006.812500
777     -212020.156250
778     -212033.718750
779     -212046.468750
780     -212059.562500
781     -212072.562500
782     -212085.281250
783     -212098.140625
784     -212110.593750
785     -212123.187500
786     -212135.750000
787     -212148.218750
788     -212160.531250
789     -212173.000000
790     -212185.156250
791     -212197.515625
792     -212209.687500
793     -212221.593750
794     -212233.531250
795     -212245.250000
796     -212257.062500
797     -212268.875000
798     -212280.187500
799     -212291.906250
800     -212302.968750
801     -212314.468750
802     -212326.062500
803     -212337.218750
804     -212348.328125
805     -212359.421875
806     -212370.375000
807     -212381.421875
808     -212392.656250
809     -212403.281250
810     -212414.171875
811     -212424.937500
812     -212435.656250
813     -212446.187500
814     -212456.828125
815     -212467.156250
816     -212477.781250
817     -212487.984375
818     -212498.312500
819     -212508.328125
820     -212518.406250
821     -212528.562500
822     -212538.234375
823     -212548.312500
824     -212558.250000
825     -212567.750000
826     -212577.687500
827     -212587.296875
828     -212597.062500
829     -212606.765625
830     -212616.281250
831     -212625.812500
832     -212635.234375
833     -212644.562500
834     -212653.593750
835     -212662.968750
836     -212672.000000
837     -212681.000000
838     -212690.406250
839     -212699.343750
840     -212708.421875
841     -212717.281250
842     -212726.109375
843     -212734.781250
844     -212743.703125
845     -212752.406250
846     -212761.031250
847     -212769.968750
848     -212778.250000
849     -212786.812500
850     -212795.296875
851     -212803.906250
852     -212812.250000
853     -212820.656250
854     -212829.093750
855     -212837.312500
856     -212845.781250
857     -212853.562500
858     -212861.765625
859     -212870.171875
860     -212878.125000
861     -212886.375000
862     -212894.734375
863     -212902.312500
864     -212910.218750
865     -212918.234375
866     -212925.984375
867     -212933.875000
868     -212941.437500
869     -212949.250000
870     -212956.828125
871     -212964.609375
872     -212971.953125
873     -212979.656250
874     -212986.984375
875     -212994.218750
876     -213001.812500
877     -213009.343750
878     -213016.500000
879     -213023.562500
880     -213031.031250
881     -213038.125000
882     -213045.125000
883     -213052.453125
884     -213059.531250
885     -213066.437500
886     -213073.468750
887     -213080.875000
888     -213087.468750
889     -213094.359375
890     -213101.562500
891     -213108.437500
892     -213114.859375
893     -213122.062500
894     -213128.703125
895     -213135.562500
896     -213142.265625
897     -213149.062500
898     -213155.906250
899     -213162.671875
900     -213169.062500
901     -213175.843750
902     -213182.437500
903     -213189.046875
904     -213195.781250
905     -213201.875000
906     -213208.437500
907     -213215.031250
908     -213221.562500
909     -213227.875000
910     -213234.250000
911     -213240.687500
912     -213247.046875
913     -213253.125000
914     -213259.828125
915     -213265.734375
916     -213271.812500
917     -213278.234375
918     -213284.281250
919     -213290.468750
920     -213296.750000
921     -213302.656250
922     -213308.531250
923     -213314.671875
924     -213320.687500
925     -213326.453125
926     -213332.437500
927     -213338.234375
928     -213343.937500
929     -213349.968750
930     -213355.984375
931     -213361.812500
932     -213367.265625
933     -213373.203125
934     -213378.921875
935     -213384.531250
936     -213390.343750
937     -213396.093750
938     -213401.687500
939     -213407.281250
940     -213413.062500
941     -213418.656250
942     -213424.265625
943     -213429.796875
944     -213435.250000
945     -213440.781250
946     -213446.390625
947     -213451.734375
948     -213457.390625
949     -213462.500000
950     -213467.765625
951     -213473.296875
952     -213478.593750
953     -213483.921875
954     -213489.031250
955     -213494.375000
956     -213499.718750
957     -213504.750000
958     -213510.062500
959     -213515.375000
960     -213520.312500
961     -213525.375000
962     -213530.562500
963     -213535.984375
964     -213540.812500
965     -213545.765625
966     -213551.031250
967     -213555.968750
968     -213561.000000
969     -213565.718750
970     -213570.859375
971     -213575.437500
972     -213580.546875
973     -213585.406250
974     -213590.250000
975     -213594.828125
976     -213599.906250
977     -213604.687500
978     -213609.484375
979     -213614.218750
980     -213619.281250
981     -213623.968750
982     -213628.296875
983     -213633.281250
984     -213637.843750
985     -213642.281250
986     -213647.125000
987     -213651.687500
988     -213656.218750
989     -213660.812500
990     -213665.468750
991     -213670.031250
992     -213674.609375
993     -213679.109375
994     -213683.343750
995     -213687.984375
996     -213692.437500
997     -213696.953125
998     -213701.531250
999     -213706.125000
1000    -213710.437500
1001    -213714.734375
1002    -213718.968750
1003    -213723.593750
1004    -213727.906250
1005    -213732.328125
1006    -213736.687500
1007    -213740.937500
1008    -213745.421875
1009    -213749.593750
1010    -213753.953125
1011    -213758.390625
1012    -213762.531250
1013    -213766.796875
1014    -213771.000000
1015    -213775.328125
1016    -213779.468750
1017    -213783.671875
1018    -213788.109375
1019    -213792.250000
1020    -213796.281250
1021    -213800.703125
1022    -213805.062500
1023    -213809.031250
1024    -213813.343750
1025    -213817.437500
1026    -213821.437500
1027    -213825.625000
1028    -213829.734375
1029    -213834.031250
1030    -213838.187500
1031    -213842.234375
1032    -213846.187500
1033    -213850.218750
1034    -213854.437500
1035    -213858.453125
1036    -213862.562500
1037    -213866.718750
1038    -213870.593750
1039    -213874.640625
1040    -213878.562500
1041    -213882.578125
1042    -213886.687500
1043    -213890.484375
1044    -213894.609375
1045    -213898.500000
1046    -213902.250000
1047    -213906.343750
1048    -213910.078125
1049    -213914.093750
1050    -213918.125000
1051    -213922.000000
1052    -213925.968750
1053    -213929.781250
1054    -213933.734375
1055    -213937.406250
1056    -213941.359375
1057    -213945.156250
1058    -213949.125000
1059    -213952.843750
1060    -213956.718750
1061    -213960.531250
1062    -213964.625000
1063    -213968.187500
1064    -213971.750000
1065    -213975.562500
1066    -213979.421875
1067    -213983.218750
1068    -213986.906250
1069    -213990.687500
1070    -213994.437500
1071    -213998.437500
1072    -214002.234375
1073    -214005.921875
1074    -214009.437500
1075    -214013.265625
1076    -214017.140625
1077    -214020.718750
1078    -214024.500000
1079    -214027.937500
1080    -214031.796875
1081    -214035.375000
1082    -214039.203125
1083    -214042.812500
1084    -214046.484375
1085    -214050.250000
1086    -214053.906250
1087    -214057.500000
1088    -214061.187500
1089    -214064.781250
1090    -214068.375000
1091    -214071.875000
1092    -214075.593750
1093    -214079.125000
1094    -214082.578125
1095    -214086.156250
1096    -214089.796875
1097    -214093.375000
1098    -214096.968750
1099    -214100.343750
1100    -214104.015625
1101    -214107.593750
1102    -214111.093750
1103    -214114.562500
1104    -214118.265625
1105    -214121.578125
1106    -214125.281250
1107    -214128.718750
1108    -214132.250000
1109    -214135.656250
1110    -214139.156250
1111    -214142.671875
1112    -214146.250000
1113    -214149.671875
1114    -214153.234375
1115    -214156.656250
1116    -214160.296875
1117    -214163.781250
1118    -214167.125000
1119    -214170.390625
1120    -214174.093750
1121    -214177.390625
1122    -214181.046875
1123    -214184.531250
1124    -214187.875000
1125    -214191.203125
1126    -214194.812500
1127    -214198.125000
1128    -214201.515625
1129    -214204.906250
1130    -214208.265625
1131    -214211.609375
1132    -214215.125000
1133    -214218.390625
1134    -214221.734375
1135    -214225.093750
1136    -214228.531250
1137    -214232.046875
1138    -214235.281250
1139    -214238.437500
1140    -214242.062500
1141    -214245.343750
1142    -214248.656250
1143    -214252.203125
1144    -214255.156250
1145    -214258.687500
1146    -214262.031250
1147    -214265.468750
1148    -214268.593750
1149    -214271.921875
1150    -214275.250000
1151    -214278.546875
1152    -214281.687500
1153    -214285.156250
1154    -214288.562500
1155    -214291.843750
1156    -214294.937500
1157    -214298.187500
1158    -214301.421875
1159    -214304.718750
1160    -214308.015625
1161    -214311.265625
1162    -214314.531250
1163    -214317.687500
1164    -214320.968750
1165    -214324.281250
1166    -214327.468750
1167    -214330.578125
1168    -214333.671875
1169    -214336.968750
1170    -214340.000000
1171    -214343.359375
1172    -214346.515625
1173    -214349.593750
1174    -214352.703125
1175    -214355.906250
1176    -214358.968750
1177    -214362.171875
1178    -214365.421875
1179    -214368.562500
1180    -214371.593750
1181    -214374.781250
1182    -214378.000000
1183    -214380.906250
1184    -214383.859375
1185    -214387.078125
1186    -214390.171875
1187    -214393.234375
1188    -214396.281250
1189    -214399.296875
1190    -214402.250000
1191    -214405.500000
1192    -214408.406250
1193    -214411.515625
1194    -214414.484375
1195    -214417.437500
1196    -214420.500000
1197    -214423.406250
1198    -214426.437500
1199    -214429.562500
1200    -214432.562500
1201    -214435.437500
1202    -214438.406250
1203    -214441.562500
1204    -214444.406250
1205    -214447.421875
1206    -214450.468750
1207    -214453.296875
1208    -214456.187500
1209    -214459.234375
1210    -214462.109375
1211    -214465.171875
1212    -214468.031250
1213    -214471.234375
1214    -214473.953125
1215    -214477.109375
1216    -214479.765625
1217    -214482.812500
1218    -214485.593750
1219    -214488.437500
1220    -214491.687500
1221    -214494.343750
1222    -214497.218750
1223    -214500.125000
1224    -214502.890625
1225    -214505.875000
1226    -214508.781250
1227    -214511.531250
1228    -214514.234375
1229    -214517.187500
1230    -214520.109375
1231    -214522.781250
1232    -214525.609375
1233    -214528.375000
1234    -214531.281250
1235    -214533.921875
1236    -214536.781250
1237    -214539.609375
1238    -214542.250000
1239    -214545.000000
1240    -214547.625000
1241    -214550.562500
1242    -214553.250000
1243    -214555.875000
1244    -214558.500000
1245    -214561.375000
1246    -214564.187500
1247    -214566.750000
1248    -214569.375000
1249    -214572.031250
1250    -214574.734375
1251    -214577.500000
1252    -214580.125000
1253    -214582.781250
1254    -214585.406250
1255    -214588.125000
1256    -214590.781250
1257    -214593.484375
1258    -214596.265625
1259    -214598.781250
1260    -214601.453125
1261    -214604.093750
1262    -214606.687500
1263    -214609.281250
1264    -214611.953125
1265    -214614.468750
1266    -214617.031250
1267    -214619.718750
1268    -214622.375000
1269    -214624.750000
1270    -214627.359375
1271    -214630.000000
1272    -214632.687500
1273    -214635.031250
1274    -214637.671875
1275    -214640.218750
1276    -214642.687500
1277    -214645.281250
1278    -214647.781250
1279    -214650.312500
1280    -214652.812500
1281    -214655.375000
1282    -214657.843750
1283    -214660.421875
1284    -214662.781250
1285    -214665.265625
1286    -214667.781250
1287    -214670.218750
1288    -214672.750000
1289    -214675.234375
1290    -214677.531250
1291    -214680.078125
1292    -214682.437500
1293    -214684.953125
1294    -214687.218750
1295    -214689.875000
1296    -214692.171875
1297    -214694.593750
1298    -214696.875000
1299    -214699.343750
1300    -214701.812500
1301    -214704.062500
1302    -214706.515625
1303    -214708.906250
1304    -214711.406250
1305    -214713.765625
1306    -214716.218750
1307    -214718.593750
1308    -214720.906250
1309    -214723.437500
1310    -214725.609375
1311    -214728.015625
1312    -214730.437500
1313    -214732.687500
1314    -214735.031250
1315    -214737.250000
1316    -214739.781250
1317    -214742.125000
1318    -214744.500000
1319    -214746.656250
1320    -214749.000000
1321    -214751.531250
1322    -214753.562500
1323    -214756.000000
1324    -214758.015625
1325    -214760.468750
1326    -214762.718750
1327    -214765.093750
1328    -214767.343750
1329    -214769.546875
1330    -214771.812500
1331    -214773.968750
1332    -214776.562500
1333    -214778.687500
1334    -214780.875000
1335    -214783.078125
1336    -214785.359375
1337    -214787.750000
1338    -214789.859375
1339    -214792.156250
1340    -214794.375000
1341    -214796.484375
1342    -214798.781250
1343    -214801.000000
1344    -214803.093750
1345    -214805.312500
1346    -214807.625000
1347    -214809.671875
1348    -214812.015625
1349    -214814.187500
1350    -214816.125000
1351    -214818.312500
1352    -214820.500000
1353    -214822.562500
1354    -214824.781250
1355    -214826.968750
1356    -214829.062500
1357    -214831.031250
1358    -214833.265625
1359    -214835.437500
1360    -214837.500000
1361    -214839.656250
1362    -214841.718750
1363    -214843.812500
1364    -214845.921875
1365    -214848.062500
1366    -214850.093750
1367    -214852.187500
1368    -214854.109375
1369    -214856.312500
1370    -214858.500000
1371    -214860.406250
1372    -214862.640625
1373    -214864.500000
1374    -214866.500000
1375    -214868.718750
1376    -214870.843750
1377    -214872.812500
1378    -214874.906250
1379    -214876.953125
1380    -214878.937500
1381    -214881.218750
1382    -214883.062500
1383    -214885.312500
1384    -214887.312500
1385    -214889.375000
1386    -214891.390625
1387    -214893.375000
1388    -214895.343750
1389    -214897.625000
1390    -214899.593750
1391    -214901.562500
1392    -214903.500000
1393    -214905.656250
1394    -214907.546875
1395    -214909.625000
1396    -214911.640625
1397    -214913.687500
1398    -214915.671875
1399    -214917.687500
1400    -214919.750000
1401    -214921.593750
1402    -214923.609375
1403    -214925.500000
1404    -214927.500000
1405    -214929.531250
1406    -214931.437500
1407    -214933.437500
1408    -214935.343750
1409    -214937.437500
1410    -214939.406250
1411    -214941.406250
1412    -214943.234375
1413    -214945.218750
1414    -214947.281250
1415    -214949.218750
1416    -214951.218750
1417    -214953.218750
1418    -214955.125000
1419    -214957.125000
1420    -214958.937500
1421    -214960.906250
1422    -214962.734375
1423    -214964.656250
1424    -214966.453125
1425    -214968.593750
1426    -214970.437500
1427    -214972.250000
1428    -214974.343750
1429    -214976.218750
1430    -214977.968750
1431    -214980.078125
1432    -214981.875000
1433    -214983.781250
1434    -214985.593750
1435    -214987.437500
1436    -214989.250000
1437    -214991.171875
1438    -214993.015625
1439    -214994.906250
1440    -214996.859375
1441    -214998.640625
1442    -215000.500000
1443    -215002.343750
1444    -215004.343750
1445    -215006.031250
1446    -215007.734375
1447    -215009.625000
1448    -215011.375000
1449    -215013.375000
1450    -215015.359375
1451    -215017.062500
1452    -215018.781250
1453    -215020.687500
1454    -215022.546875
1455    -215024.234375
1456    -215025.843750
1457    -215027.890625
1458    -215029.625000
1459    -215031.343750
1460    -215032.937500
1461    -215034.906250
1462    -215036.750000
1463    -215038.359375
1464    -215040.140625
1465    -215042.125000
1466    -215043.656250
1467    -215045.500000
1468    -215047.218750
1469    -215049.000000
1470    -215050.718750
1471    -215052.421875
1472    -215054.218750
1473    -215055.890625
1474    -215057.765625
1475    -215059.296875
1476    -215061.000000
1477    -215062.843750
1478    -215064.437500
1479    -215066.187500
1480    -215067.859375
1481    -215069.750000
1482    -215071.468750
1483    -215073.125000
1484    -215074.609375
1485    -215076.359375
1486    -215078.093750
1487    -215079.609375
1488    -215081.281250
1489    -215082.968750
1490    -215084.562500
1491    -215086.250000
1492    -215087.812500
1493    -215089.546875
1494    -215091.031250
1495    -215092.687500
1496    -215094.312500
1497    -215096.125000
1498    -215097.546875
1499    -215099.140625
1500    -215100.843750
1501    -215102.390625
1502    -215103.921875
1503    -215105.468750
1504    -215107.031250
1505    -215108.625000
1506    -215110.187500
1507    -215111.750000
1508    -215113.375000
1509    -215114.734375
1510    -215116.281250
1511    -215117.875000
1512    -215119.484375
1513    -215121.156250
1514    -215122.468750
1515    -215124.062500
1516    -215125.593750
1517    -215127.062500
1518    -215128.515625
1519    -215130.125000
1520    -215131.562500
1521    -215133.015625
1522    -215134.531250
1523    -215136.109375
1524    -215137.593750
1525    -215139.093750
1526    -215140.609375
1527    -215142.062500
1528    -215143.437500
1529    -215145.125000
1530    -215146.406250
1531    -215147.906250
1532    -215149.468750
1533    -215150.687500
1534    -215152.281250
1535    -215153.750000
1536    -215154.843750
1537    -215156.593750
1538    -215158.046875
1539    -215159.218750
1540    -215160.625000
1541    -215162.312500
1542    -215163.546875
1543    -215165.000000
1544    -215166.343750
1545    -215167.843750
1546    -215169.156250
1547    -215170.546875
1548    -215172.078125
1549    -215173.343750
1550    -215174.718750
1551    -215176.125000
1552    -215177.562500
1553    -215178.890625
1554    -215180.250000
1555    -215181.593750
1556    -215183.078125
1557    -215184.359375
1558    -215185.609375
1559    -215187.125000
1560    -215188.453125
1561    -215189.625000
1562    -215191.031250
1563    -215192.500000
1564    -215193.828125
1565    -215194.875000
1566    -215196.375000
1567    -215197.656250
1568    -215199.031250
1569    -215200.125000
1570    -215201.406250
1571    -215202.781250
1572    -215203.984375
1573    -215205.359375
1574    -215206.656250
1575    -215207.718750
1576    -215209.187500
1577    -215210.468750
1578    -215211.703125
1579    -215213.078125
1580    -215214.218750
1581    -215215.343750
1582    -215216.656250
1583    -215217.921875
1584    -215219.156250
1585    -215220.312500
1586    -215221.625000
1587    -215222.921875
1588    -215224.046875
1589    -215225.171875
1590    -215226.671875
1591    -215227.843750
1592    -215228.937500
1593    -215230.250000
1594    -215231.546875
1595    -215232.593750
1596    -215233.921875
1597    -215235.000000
1598    -215236.234375
1599    -215237.500000
1600    -215238.703125
1601    -215239.937500
1602    -215241.062500
1603    -215242.328125
1604    -215243.500000
1605    -215244.656250
1606    -215245.906250
1607    -215246.906250
1608    -215248.218750
1609    -215249.500000
1610    -215250.734375
1611    -215251.687500
1612    -215252.984375
1613    -215254.000000
1614    -215255.343750
1615    -215256.500000
1616    -215257.656250
1617    -215258.750000
1618    -215259.984375
1619    -215261.093750
1620    -215262.343750
1621    -215263.375000
1622    -215264.593750
1623    -215265.875000
1624    -215266.906250
1625    -215267.953125
1626    -215269.234375
1627    -215270.390625
1628    -215271.546875
1629    -215272.531250
1630    -215273.796875
1631    -215274.906250
1632    -215276.000000
1633    -215277.062500
1634    -215278.281250
1635    -215279.250000
1636    -215280.312500
1637    -215281.562500
1638    -215282.703125
1639    -215283.750000
1640    -215284.906250
1641    -215286.062500
1642    -215287.218750
1643    -215288.187500
1644    -215289.281250
1645    -215290.312500
1646    -215291.562500
1647    -215292.640625
1648    -215293.812500
1649    -215294.875000
1650    -215295.875000
1651    -215296.921875
1652    -215298.093750
1653    -215299.218750
1654    -215300.187500
1655    -215301.343750
1656    -215302.250000
1657    -215303.390625
1658    -215304.562500
1659    -215305.500000
1660    -215306.531250
1661    -215307.656250
1662    -215308.625000
1663    -215309.750000
1664    -215310.750000
1665    -215311.796875
1666    -215312.921875
1667    -215313.937500
1668    -215315.062500
1669    -215316.156250
1670    -215317.187500
1671    -215318.265625
1672    -215319.343750
1673    -215320.265625
1674    -215321.250000
1675    -215322.421875
1676    -215323.343750
1677    -215324.500000
1678    -215325.359375
1679    -215326.500000
1680    -215327.375000
1681    -215328.562500
1682    -215329.500000
1683    -215330.500000
1684    -215331.453125
1685    -215332.625000
1686    -215333.531250
1687    -215334.625000
1688    -215335.562500
1689    -215336.625000
1690    -215337.609375
1691    -215338.765625
1692    -215339.562500
1693    -215340.625000
1694    -215341.640625
1695    -215342.562500
1696    -215343.687500
1697    -215344.562500
1698    -215345.687500
1699    -215346.562500
1700    -215347.687500
1701    -215348.531250
1702    -215349.609375
1703    -215350.500000
1704    -215351.625000
1705    -215352.640625
1706    -215353.468750
1707    -215354.546875
1708    -215355.562500
1709    -215356.500000
1710    -215357.500000
1711    -215358.343750
1712    -215359.453125
1713    -215360.421875
1714    -215361.375000
1715    -215362.343750
1716    -215363.250000
1717    -215364.296875
1718    -215365.312500
1719    -215366.281250
1720    -215367.187500
1721    -215368.218750
1722    -215369.218750
1723    -215370.125000
1724    -215371.109375
1725    -215372.015625
1726    -215372.937500
1727    -215373.828125
1728    -215374.750000
1729    -215375.703125
1730    -215376.828125
1731    -215377.625000
1732    -215378.687500
1733    -215379.500000
1734    -215380.421875
1735    -215381.375000
1736    -215382.296875
1737    -215383.281250
1738    -215384.171875
1739    -215385.062500
1740    -215386.062500
1741    -215386.953125
1742    -215387.796875
1743    -215388.859375
1744    -215389.812500
1745    -215390.625000
1746    -215391.671875
1747    -215392.468750
1748    -215393.421875
1749    -215394.406250
1750    -215395.343750
1751    -215396.250000
1752    -215397.062500
1753    -215398.015625
1754    -215398.843750
1755    -215399.796875
1756    -215400.656250
1757    -215401.593750
1758    -215402.468750
1759    -215403.375000
1760    -215404.109375
1761    -215405.031250
1762    -215405.859375
1763    -215406.765625
1764    -215407.703125
1765    -215408.578125
1766    -215409.343750
1767    -215410.406250
1768    -215411.203125
1769    -215412.031250
1770    -215412.875000
1771    -215413.750000
1772    -215414.609375
1773    -215415.468750
1774    -215416.343750
1775    -215417.156250
1776    -215418.031250
1777    -215418.937500
1778    -215419.718750
1779    -215420.593750
1780    -215421.453125
1781    -215422.218750
1782    -215423.109375
1783    -215423.968750
1784    -215424.796875
1785    -215425.687500
1786    -215426.468750
1787    -215427.390625
1788    -215428.093750
1789    -215428.937500
1790    -215429.656250
1791    -215430.656250
1792    -215431.390625
1793    -215432.250000
1794    -215432.937500
1795    -215433.812500
1796    -215434.656250
1797    -215435.484375
1798    -215436.296875
1799    -215437.109375
1800    -215437.921875
1801    -215438.671875
1802    -215439.484375
1803    -215440.281250
1804    -215441.125000
1805    -215441.984375
1806    -215442.718750
1807    -215443.484375
1808    -215444.359375
1809    -215445.218750
1810    -215445.890625
1811    -215446.796875
1812    -215447.687500
1813    -215448.343750
1814    -215449.125000
1815    -215449.953125
1816    -215450.734375
1817    -215451.484375
1818    -215452.234375
1819    -215452.984375
1820    -215453.828125
1821    -215454.671875
1822    -215455.453125
1823    -215456.218750
1824    -215456.937500
1825    -215457.765625
1826    -215458.406250
1827    -215459.218750
1828    -215460.031250
1829    -215460.765625
1830    -215461.625000
1831    -215462.359375
1832    -215463.093750
1833    -215463.937500
1834    -215464.656250
1835    -215465.421875
1836    -215466.203125
1837    -215466.906250
1838    -215467.734375
1839    -215468.625000
1840    -215469.265625
1841    -215470.078125
1842    -215470.875000
1843    -215471.625000
1844    -215472.500000
1845    -215473.171875
1846    -215473.843750
1847    -215474.656250
1848    -215475.468750
1849    -215476.218750
1850    -215476.937500
1851    -215477.843750
1852    -215478.625000
1853    -215479.281250
1854    -215480.093750
1855    -215480.937500
1856    -215481.687500
1857    -215482.406250
1858    -215483.250000
1859    -215483.968750
1860    -215484.687500
1861    -215485.468750
1862    -215486.312500
1863    -215486.984375
1864    -215487.781250
1865    -215488.546875
1866    -215489.421875
1867    -215490.125000
1868    -215490.875000
1869    -215491.625000
1870    -215492.468750
1871    -215493.250000
1872    -215494.000000
1873    -215494.718750
1874    -215495.515625
1875    -215496.312500
1876    -215497.093750
1877    -215497.812500
1878    -215498.687500
1879    -215499.359375
1880    -215500.140625
1881    -215500.937500
1882    -215501.625000
1883    -215502.406250
1884    -215503.171875
1885    -215503.984375
1886    -215504.812500
1887    -215505.562500
1888    -215506.312500
1889    -215507.031250
1890    -215507.906250
1891    -215508.625000
1892    -215509.343750
1893    -215510.125000
1894    -215510.890625
1895    -215511.593750
1896    -215512.437500
1897    -215513.250000
1898    -215513.890625
1899    -215514.687500
1900    -215515.437500
1901    -215516.250000
1902    -215517.125000
1903    -215517.812500
1904    -215518.593750
1905    -215519.328125
1906    -215520.093750
1907    -215520.906250
1908    -215521.671875
1909    -215522.343750
1910    -215523.156250
1911    -215523.843750
1912    -215524.671875
1913    -215525.406250
1914    -215526.218750
1915    -215526.859375
1916    -215527.781250
1917    -215528.437500
1918    -215529.281250
1919    -215529.875000
1920    -215530.671875
1921    -215531.500000
1922    -215532.187500
1923    -215533.000000
1924    -215533.656250
1925    -215534.515625
1926    -215535.187500
1927    -215536.000000
1928    -215536.625000
1929    -215537.390625
1930    -215538.312500
1931    -215538.968750
1932    -215539.750000
1933    -215540.468750
1934    -215541.187500
1935    -215541.953125
1936    -215542.734375
1937    -215543.500000
1938    -215544.312500
1939    -215545.093750
1940    -215545.859375
1941    -215546.531250
1942    -215547.343750
1943    -215548.031250
1944    -215548.781250
1945    -215549.640625
1946    -215550.375000
1947    -215551.062500
1948    -215551.875000
1949    -215552.593750
1950    -215553.312500
1951    -215554.062500
1952    -215554.875000
1953    -215555.593750
1954    -215556.406250
1955    -215557.187500
1956    -215557.812500
1957    -215558.656250
1958    -215559.390625
1959    -215560.125000
1960    -215560.921875
1961    -215561.625000
1962    -215562.437500
1963    -215563.187500
1964    -215563.843750
1965    -215564.734375
1966    -215565.484375
1967    -215566.171875
1968    -215566.906250
1969    -215567.687500
1970    -215568.500000
1971    -215569.234375
1972    -215570.000000
1973    -215570.718750
1974    -215571.562500
1975    -215572.187500
1976    -215573.000000
1977    -215573.703125
1978    -215574.531250
1979    -215575.375000
1980    -215576.031250
1981    -215576.609375
1982    -215577.531250
1983    -215578.171875
1984    -215578.984375
1985    -215579.687500
1986    -215580.500000
1987    -215581.156250
1988    -215582.031250
1989    -215582.843750
1990    -215583.546875
1991    -215584.281250
1992    -215585.000000
1993    -215585.875000
1994    -215586.500000
1995    -215587.296875
1996    -215588.093750
1997    -215588.734375
1998    -215589.531250
1999    -215590.296875
2000    -215590.921875
2001    -215591.750000
2002    -215592.500000
2003    -215593.171875
2004    -215593.968750
2005    -215594.687500
2006    -215595.437500
2007    -215596.156250
2008    -215596.937500
2009    -215597.687500
2010    -215598.343750
2011    -215599.093750
2012    -215599.875000
2013    -215600.687500
2014    -215601.390625
2015    -215602.093750
2016    -215602.781250
2017    -215603.546875
2018    -215604.218750
2019    -215605.031250
2020    -215605.765625
2021    -215606.625000
2022    -215607.343750
2023    -215608.109375
2024    -215608.750000
2025    -215609.593750
2026    -215610.281250
2027    -215610.968750
2028    -215611.750000
2029    -215612.343750
2030    -215613.281250
2031    -215613.968750
2032    -215614.625000
2033    -215615.531250
2034    -215616.218750
2035    -215616.906250
2036    -215617.656250
2037    -215618.359375
2038    -215619.078125
2039    -215619.906250
2040    -215620.687500
2041    -215621.312500
2042    -215622.062500
2043    -215622.859375
2044    -215623.500000
2045    -215624.312500
2046    -215625.015625
2047    -215625.812500
2048    -215626.562500
2049    -215627.296875
2050    -215627.968750
2051    -215628.734375
2052    -215629.515625
2053    -215630.171875
2054    -215630.937500
2055    -215631.734375
2056    -215632.328125
2057    -215633.109375
2058    -215633.843750
2059    -215634.531250
2060    -215635.218750
2061    -215636.062500
2062    -215636.953125
2063    -215637.546875
2064    -215638.296875
2065    -215639.000000
2066    -215639.703125
2067    -215640.531250
2068    -215641.218750
2069    -215641.921875
2070    -215642.531250
2071    -215643.312500
2072    -215644.000000
2073    -215644.812500
2074    -215645.562500
2075    -215646.250000
2076    -215647.000000
2077    -215647.765625
2078    -215648.406250
2079    -215649.078125
2080    -215649.953125
2081    -215650.578125
2082    -215651.343750
2083    -215651.984375
2084    -215652.796875
2085    -215653.593750
2086    -215654.312500
2087    -215655.000000
2088    -215655.734375
2089    -215656.468750
2090    -215657.000000
2091    -215657.890625
2092    -215658.593750
2093    -215659.375000
2094    -215660.125000
2095    -215660.859375
2096    -215661.500000
2097    -215662.250000
2098    -215662.906250
2099    -215663.656250
2100    -215664.515625
2101    -215665.046875
2102    -215665.843750
2103    -215666.531250
2104    -215667.250000
2105    -215667.968750
2106    -215668.812500
2107    -215669.390625
2108    -215670.156250
2109    -215670.875000
2110    -215671.562500
2111    -215672.156250
2112    -215673.015625
2113    -215673.687500
2114    -215674.390625
2115    -215675.187500
2116    -215675.750000
2117    -215676.468750
2118    -215677.312500
2119    -215677.953125
2120    -215678.625000
2121    -215679.343750
2122    -215680.093750
2123    -215680.781250
2124    -215681.562500
2125    -215682.218750
2126    -215682.937500
2127    -215683.609375
2128    -215684.343750
2129    -215685.062500
2130    -215685.718750
2131    -215686.531250
2132    -215687.234375
2133    -215687.906250
2134    -215688.718750
2135    -215689.312500
2136    -215690.015625
2137    -215690.718750
2138    -215691.406250
2139    -215692.125000
2140    -215692.828125
2141    -215693.468750
2142    -215694.218750
2143    -215694.937500
2144    -215695.687500
2145    -215696.328125
2146    -215696.984375
2147    -215697.703125
2148    -215698.468750
2149    -215699.156250
2150    -215699.750000
2151    -215700.531250
2152    -215701.265625
2153    -215701.875000
2154    -215702.593750
2155    -215703.218750
2156    -215704.031250
2157    -215704.750000
2158    -215705.453125
2159    -215706.125000
2160    -215706.781250
2161    -215707.515625
2162    -215708.187500
2163    -215708.859375
2164    -215709.609375
2165    -215710.250000
2166    -215710.937500
2167    -215711.625000
2168    -215712.312500
2169    -215713.000000
2170    -215713.625000
2171    -215714.390625
2172    -215715.093750
2173    -215715.812500
2174    -215716.531250
2175    -215717.062500
2176    -215717.875000
2177    -215718.546875
2178    -215719.296875
2179    -215719.875000
2180    -215720.687500
2181    -215721.375000
2182    -215722.015625
2183    -215722.656250
2184    -215723.468750
2185    -215724.000000
2186    -215724.875000
2187    -215725.546875
2188    -215726.093750
2189    -215726.812500
2190    -215727.578125
2191    -215728.187500
2192    -215728.843750
2193    -215729.531250
2194    -215730.343750
2195    -215730.968750
2196    -215731.640625
2197    -215732.406250
2198    -215733.031250
2199    -215733.796875
2200    -215734.437500
2201    -215735.093750
2202    -215735.875000
2203    -215736.562500
2204    -215737.078125
2205    -215737.875000
2206    -215738.593750
2207    -215739.203125
2208    -215739.968750
2209    -215740.593750
2210    -215741.218750
2211    -215742.031250
2212    -215742.640625
2213    -215743.234375
2214    -215743.968750
2215    -215744.671875
2216    -215745.250000
2217    -215745.968750
2218    -215746.640625
2219    -215747.250000
2220    -215747.921875
2221    -215748.593750
2222    -215749.234375
2223    -215749.968750
2224    -215750.593750
2225    -215751.218750
2226    -215751.875000
2227    -215752.578125
2228    -215753.218750
2229    -215753.875000
2230    -215754.593750
2231    -215755.187500
2232    -215755.875000
2233    -215756.562500
2234    -215757.218750
2235    -215757.765625
2236    -215758.500000
2237    -215759.140625
2238    -215759.734375
2239    -215760.406250
2240    -215761.015625
2241    -215761.750000
2242    -215762.390625
2243    -215763.062500
2244    -215763.765625
2245    -215764.359375
2246    -215765.062500
2247    -215765.687500
2248    -215766.312500
2249    -215766.968750
2250    -215767.562500
2251    -215768.250000
2252    -215768.875000
2253    -215769.500000
2254    -215770.109375
2255    -215770.781250
2256    -215771.375000
2257    -215772.062500
2258    -215772.687500
2259    -215773.218750
2260    -215773.906250
2261    -215774.656250
2262    -215775.281250
2263    -215775.953125
2264    -215776.468750
2265    -215777.187500
2266    -215777.781250
2267    -215778.375000
2268    -215779.109375
2269    -215779.765625
2270    -215780.312500
2271    -215780.921875
2272    -215781.687500
2273    -215782.250000
2274    -215782.875000
2275    -215783.500000
2276    -215784.156250
2277    -215784.812500
2278    -215785.343750
2279    -215785.984375
2280    -215786.640625
2281    -215787.234375
2282    -215787.890625
2283    -215788.500000
2284    -215789.140625
2285    -215789.750000
2286    -215790.312500
2287    -215791.000000
2288    -215791.625000
2289    -215792.218750
2290    -215792.875000
2291    -215793.468750
2292    -215794.062500
2293    -215794.734375
2294    -215795.250000
2295    -215795.875000
2296    -215796.468750
2297    -215797.062500
2298    -215797.750000
2299    -215798.375000
2300    -215798.953125
2301    -215799.468750
2302    -215800.109375
2303    -215800.734375
2304    -215801.375000
2305    -215801.906250
2306    -215802.500000
2307    -215803.250000
2308    -215803.781250
2309    -215804.375000
2310    -215805.015625
2311    -215805.578125
2312    -215806.156250
2313    -215806.843750
2314    -215807.437500
2315    -215808.000000
2316    -215808.546875
2317    -215809.187500
2318    -215809.875000
2319    -215810.437500
2320    -215811.062500
2321    -215811.687500
2322    -215812.187500
2323    -215812.843750
2324    -215813.421875
2325    -215814.078125
2326    -215814.718750
2327    -215815.312500
2328    -215815.828125
2329    -215816.593750
2330    -215817.093750
2331    -215817.718750
2332    -215818.375000
2333    -215818.875000
2334    -215819.500000
2335    -215820.093750
2336    -215820.703125
2337    -215821.250000
2338    -215821.906250
2339    -215822.468750
2340    -215823.140625
2341    -215823.734375
2342    -215824.359375
2343    -215824.937500
2344    -215825.531250
2345    -215826.031250
2346    -215826.750000
2347    -215827.421875
2348    -215827.953125
2349    -215828.500000
2350    -215829.125000
2351    -215829.718750
2352    -215830.296875
2353    -215830.890625
2354    -215831.484375
2355    -215832.171875
2356    -215832.656250
2357    -215833.312500
2358    -215833.906250
2359    -215834.500000
2360    -215835.031250
2361    -215835.687500
2362    -215836.250000
2363    -215836.968750
2364    -215837.468750
2365    -215838.156250
2366    -215838.750000
2367    -215839.343750
2368    -215839.968750
2369    -215840.406250
2370    -215841.078125
2371    -215841.718750
2372    -215842.234375
2373    -215842.937500
2374    -215843.421875
2375    -215844.093750
2376    -215844.578125
2377    -215845.156250
2378    -215845.812500
2379    -215846.453125
2380    -215846.875000
2381    -215847.500000
2382    -215848.156250
2383    -215848.812500
2384    -215849.375000
2385    -215849.953125
2386    -215850.500000
2387    -215851.140625
2388    -215851.593750
2389    -215852.312500
2390    -215852.890625
2391    -215853.484375
2392    -215854.000000
2393    -215854.593750
2394    -215855.218750
2395    -215855.796875
2396    -215856.406250
2397    -215856.984375
2398    -215857.593750
2399    -215858.125000
2400    -215858.687500
2401    -215859.171875
2402    -215859.750000
2403    -215860.343750
2404    -215860.921875
2405    -215861.578125
2406    -215862.031250
2407    -215862.703125
2408    -215863.312500
2409    -215863.843750
2410    -215864.312500
2411    -215864.921875
2412    -215865.531250
2413    -215866.078125
2414    -215866.687500
2415    -215867.187500
2416    -215867.765625
2417    -215868.265625
2418    -215868.937500
2419    -215869.453125
2420    -215870.015625
2421    -215870.625000
2422    -215871.125000
2423    -215871.625000
2424    -215872.234375
2425    -215872.687500
2426    -215873.281250
2427    -215873.843750
2428    -215874.390625
2429    -215875.015625
2430    -215875.531250
2431    -215876.062500
2432    -215876.656250
2433    -215877.203125
2434    -215877.687500
2435    -215878.140625
2436    -215878.781250
2437    -215879.218750
2438    -215879.812500
2439    -215880.312500
2440    -215880.953125
2441    -215881.500000
2442    -215882.000000
2443    -215882.515625
2444    -215882.968750
2445    -215883.562500
2446    -215884.156250
2447    -215884.593750
2448    -215885.218750
2449    -215885.734375
2450    -215886.156250
2451    -215886.718750
2452    -215887.250000
2453    -215887.828125
2454    -215888.343750
2455    -215888.859375
2456    -215889.406250
2457    -215889.953125
2458    -215890.406250
2459    -215891.031250
2460    -215891.531250
2461    -215891.937500
2462    -215892.531250
2463    -215893.000000
2464    -215893.500000
2465    -215894.078125
2466    -215894.500000
2467    -215895.031250
2468    -215895.656250
2469    -215896.078125
2470    -215896.625000
2471    -215897.046875
2472    -215897.562500
2473    -215898.125000
2474    -215898.578125
2475    -215899.156250
2476    -215899.562500
2477    -215900.187500
2478    -215900.531250
2479    -215901.109375
2480    -215901.546875
2481    -215902.109375
2482    -215902.562500
2483    -215903.187500
2484    -215903.609375
2485    -215904.156250
2486    -215904.531250
2487    -215905.062500
2488    -215905.531250
2489    -215906.031250
2490    -215906.531250
2491    -215907.125000
2492    -215907.468750
2493    -215908.000000
2494    -215908.468750
2495    -215908.875000
2496    -215909.453125
2497    -215909.843750
2498    -215910.406250
2499    -215910.875000
2500    -215911.281250
2501    -215911.843750
2502    -215912.296875
2503    -215912.765625
2504    -215913.203125
2505    -215913.703125
2506    -215914.218750
2507    -215914.578125
2508    -215915.171875
2509    -215915.593750
2510    -215916.140625
2511    -215916.562500
2512    -215917.093750
2513    -215917.562500
2514    -215918.031250
2515    -215918.484375
2516    -215918.937500
2517    -215919.375000
2518    -215919.921875
2519    -215920.375000
2520    -215920.875000
2521    -215921.281250
2522    -215921.796875
2523    -215922.218750
2524    -215922.703125
2525    -215923.140625
2526    -215923.562500
2527    -215924.078125
2528    -215924.531250
2529    -215924.953125
2530    -215925.468750
2531    -215925.906250
2532    -215926.343750
2533    -215926.750000
2534    -215927.250000
2535    -215927.750000
2536    -215928.187500
2537    -215928.609375
2538    -215929.093750
2539    -215929.515625
2540    -215929.937500
2541    -215930.406250
2542    -215930.875000
2543    -215931.406250
2544    -215931.812500
2545    -215932.265625
2546    -215932.781250
2547    -215933.187500
2548    -215933.656250
2549    -215934.031250
2550    -215934.562500
2551    -215934.984375
2552    -215935.406250
2553    -215935.781250
2554    -215936.312500
2555    -215936.718750
2556    -215937.093750
2557    -215937.531250
2558    -215938.000000
2559    -215938.390625
2560    -215938.906250
2561    -215939.218750
2562    -215939.796875
2563    -215940.250000
2564    -215940.640625
2565    -215941.062500
2566    -215941.500000
2567    -215941.937500
2568    -215942.328125
2569    -215942.656250
2570    -215943.218750
2571    -215943.640625
2572    -215943.937500
2573    -215944.468750
2574    -215944.953125
2575    -215945.312500
2576    -215945.718750
2577    -215946.062500
2578    -215946.437500
2579    -215946.968750
2580    -215947.281250
2581    -215947.750000
2582    -215948.140625
2583    -215948.593750
2584    -215948.968750
2585    -215949.312500
2586    -215949.812500
2587    -215950.125000
2588    -215950.578125
2589    -215950.890625
2590    -215951.281250
2591    -215951.718750
2592    -215952.171875
2593    -215952.531250
2594    -215952.968750
2595    -215953.265625
2596    -215953.687500
2597    -215954.078125
2598    -215954.468750
2599    -215954.875000
2600    -215955.281250
2601    -215955.656250
2602    -215955.953125
2603    -215956.437500
2604    -215956.781250
2605    -215957.187500
2606    -215957.531250
2607    -215957.890625
2608    -215958.375000
2609    -215958.718750
2610    -215958.984375
2611    -215959.468750
2612    -215959.812500
2613    -215960.187500
2614    -215960.531250
2615    -215960.906250
2616    -215961.343750
2617    -215961.687500
2618    -215962.078125
2619    -215962.453125
2620    -215962.812500
2621    -215963.187500
2622    -215963.562500
2623    -215963.906250
2624    -215964.312500
2625    -215964.687500
2626    -215965.062500
2627    -215965.375000
2628    -215965.750000
2629    -215966.171875
2630    -215966.562500
2631    -215966.906250
2632    -215967.187500
2633    -215967.562500
2634    -215968.062500
2635    -215968.312500
2636    -215968.718750
2637    -215969.015625
2638    -215969.375000
2639    -215969.765625
2640    -215970.218750
2641    -215970.531250
2642    -215970.859375
2643    -215971.187500
2644    -215971.562500
2645    -215971.859375
2646    -215972.281250
2647    -215972.625000
2648    -215972.875000
2649    -215973.281250
2650    -215973.656250
2651    -215973.953125
2652    -215974.281250
2653    -215974.656250
2654    -215975.031250
2655    -215975.375000
2656    -215975.656250
2657    -215976.000000
2658    -215976.312500
2659    -215976.656250
2660    -215977.015625
2661    -215977.375000
2662    -215977.687500
2663    -215978.000000
2664    -215978.375000
2665    -215978.687500
2666    -215979.031250
2667    -215979.312500
2668    -215979.625000
2669    -215980.000000
2670    -215980.328125
2671    -215980.656250
2672    -215980.953125
2673    -215981.312500
2674    -215981.609375
2675    -215981.906250
2676    -215982.203125
2677    -215982.531250
2678    -215982.875000
2679    -215983.187500
2680    -215983.515625
2681    -215983.875000
2682    -215984.187500
2683    -215984.515625
2684    -215984.812500
2685    -215985.125000
2686    -215985.390625
2687    -215985.734375
2688    -215986.062500
2689    -215986.343750
2690    -215986.640625
2691    -215986.968750
2692    -215987.343750
2693    -215987.546875
2694    -215987.890625
2695    -215988.234375
2696    -215988.500000
2697    -215988.859375
2698    -215989.156250
2699    -215989.437500
2700    -215989.718750
2701    -215990.031250
2702    -215990.343750
2703    -215990.656250
2704    -215990.875000
2705    -215991.250000
2706    -215991.531250
2707    -215991.781250
2708    -215992.093750
2709    -215992.375000
2710    -215992.703125
2711    -215992.937500
2712    -215993.312500
2713    -215993.687500
2714    -215993.843750
2715    -215994.187500
2716    -215994.421875
2717    -215994.718750
2718    -215994.968750
2719    -215995.296875
2720    -215995.531250
2721    -215995.875000
2722    -215996.093750
2723    -215996.421875
2724    -215996.656250
2725    -215996.875000
2726    -215997.203125
2727    -215997.578125
2728    -215997.843750
2729    -215998.078125
2730    -215998.375000
2731    -215998.625000
2732    -215998.937500
2733    -215999.218750
2734    -215999.531250
2735    -215999.671875
2736    -215999.968750
2737    -216000.281250
2738    -216000.531250
2739    -216000.781250
2740    -216001.093750
2741    -216001.312500
2742    -216001.609375
2743    -216001.906250
2744    -216002.156250
2745    -216002.375000
2746    -216002.687500
2747    -216002.937500
2748    -216003.218750
2749    -216003.468750
2750    -216003.718750
2751    -216004.000000
2752    -216004.281250
2753    -216004.531250
2754    -216004.734375
2755    -216004.984375
2756    -216005.265625
2757    -216005.531250
2758    -216005.781250
2759    -216006.078125
2760    -216006.281250
2761    -216006.609375
2762    -216006.875000
2763    -216007.062500
2764    -216007.296875
2765    -216007.531250
2766    -216007.859375
2767    -216008.078125
2768    -216008.281250
2769    -216008.593750
2770    -216008.781250
2771    -216009.031250
2772    -216009.359375
2773    -216009.625000
2774    -216009.906250
2775    -216010.109375
2776    -216010.390625
2777    -216010.625000
2778    -216010.843750
2779    -216011.078125
2780    -216011.312500
2781    -216011.593750
2782    -216011.812500
2783    -216012.093750
2784    -216012.265625
2785    -216012.593750
2786    -216012.843750
2787    -216013.156250
2788    -216013.343750
2789    -216013.625000
2790    -216013.843750
2791    -216014.078125
2792    -216014.343750
2793    -216014.531250
2794    -216014.734375
2795    -216015.078125
2796    -216015.312500
2797    -216015.546875
2798    -216015.750000
2799    -216016.078125
2800    -216016.281250
2801    -216016.562500
2802    -216016.781250
2803    -216017.000000
2804    -216017.125000
2805    -216017.468750
2806    -216017.718750
2807    -216018.000000
2808    -216018.218750
2809    -216018.484375
2810    -216018.718750
2811    -216018.890625
2812    -216019.171875
2813    -216019.406250
2814    -216019.687500
2815    -216019.875000
2816    -216020.093750
2817    -216020.406250
2818    -216020.593750
2819    -216020.796875
2820    -216021.125000
2821    -216021.312500
2822    -216021.562500
2823    -216021.812500
2824    -216021.968750
2825    -216022.250000
2826    -216022.500000
2827    -216022.734375
2828    -216023.015625
2829    -216023.218750
2830    -216023.468750
2831    -216023.671875
2832    -216023.937500
2833    -216024.218750
2834    -216024.453125
2835    -216024.703125
2836    -216024.937500
2837    -216025.187500
2838    -216025.406250
2839    -216025.671875
2840    -216025.875000
2841    -216026.187500
2842    -216026.375000
2843    -216026.578125
2844    -216026.906250
2845    -216027.125000
2846    -216027.359375
2847    -216027.593750
2848    -216027.843750
2849    -216028.093750
2850    -216028.343750
2851    -216028.625000
2852    -216028.906250
2853    -216029.078125
2854    -216029.406250
2855    -216029.656250
2856    -216029.906250
2857    -216030.125000
2858    -216030.421875
2859    -216030.687500
2860    -216030.906250
2861    -216031.203125
2862    -216031.437500
2863    -216031.609375
2864    -216031.953125
2865    -216032.218750
2866    -216032.468750
2867    -216032.718750
2868    -216033.000000
2869    -216033.218750
2870    -216033.484375
2871    -216033.781250
2872    -216034.093750
2873    -216034.359375
2874    -216034.546875
2875    -216034.859375
2876    -216035.125000
2877    -216035.375000
2878    -216035.625000
2879    -216035.953125
2880    -216036.171875
2881    -216036.468750
2882    -216036.656250
2883    -216037.015625
2884    -216037.296875
2885    -216037.562500
2886    -216037.828125
2887    -216038.093750
2888    -216038.390625
2889    -216038.687500
2890    -216038.937500
2891    -216039.218750
2892    -216039.500000
2893    -216039.703125
2894    -216040.031250
2895    -216040.312500
2896    -216040.593750
2897    -216040.906250
2898    -216041.156250
2899    -216041.421875
2900    -216041.703125
2901    -216041.984375
2902    -216042.250000
2903    -216042.531250
2904    -216042.812500
2905    -216043.093750
2906    -216043.390625
2907    -216043.656250
2908    -216043.921875
2909    -216044.218750
2910    -216044.500000
2911    -216044.812500
2912    -216045.093750
2913    -216045.406250
2914    -216045.640625
2915    -216045.968750
2916    -216046.218750
2917    -216046.546875
2918    -216046.843750
2919    -216047.125000
2920    -216047.453125
2921    -216047.750000
2922    -216048.031250
2923    -216048.312500
2924    -216048.656250
2925    -216048.906250
2926    -216049.234375
2927    -216049.515625
2928    -216049.812500
2929    -216050.109375
2930    -216050.421875
2931    -216050.687500
2932    -216050.984375
2933    -216051.265625
2934    -216051.562500
2935    -216051.843750
2936    -216052.171875
2937    -216052.453125
2938    -216052.765625
2939    -216053.046875
2940    -216053.343750
2941    -216053.687500
2942    -216054.000000
2943    -216054.312500
2944    -216054.593750
2945    -216054.906250
2946    -216055.203125
2947    -216055.500000
2948    -216055.812500
2949    -216056.078125
2950    -216056.390625
2951    -216056.718750
2952    -216057.062500
2953    -216057.312500
2954    -216057.625000
2955    -216057.953125
2956    -216058.265625
2957    -216058.593750
2958    -216058.921875
2959    -216059.203125
2960    -216059.531250
2961    -216059.812500
2962    -216060.125000
2963    -216060.437500
2964    -216060.718750
2965    -216061.062500
2966    -216061.359375
2967    -216061.687500
2968    -216061.984375
2969    -216062.265625
2970    -216062.562500
2971    -216062.937500
2972    -216063.250000
2973    -216063.562500
2974    -216063.859375
2975    -216064.156250
2976    -216064.468750
2977    -216064.781250
2978    -216065.125000
2979    -216065.421875
2980    -216065.718750
2981    -216066.000000
2982    -216066.312500
2983    -216066.625000
2984    -216066.953125
2985    -216067.281250
2986    -216067.593750
2987    -216067.921875
2988    -216068.203125
2989    -216068.531250
2990    -216068.843750
2991    -216069.140625
2992    -216069.468750
2993    -216069.750000
2994    -216070.031250
2995    -216070.343750
2996    -216070.656250
2997    -216070.953125
2998    -216071.250000
2999    -216071.593750
3000    -216071.875000
3001    -216072.156250
3002    -216072.500000
3003    -216072.781250
3004    -216073.000000
3005    -216073.359375
3006    -216073.640625
3007    -216073.937500
3008    -216074.218750
3009    -216074.468750
3010    -216074.843750
3011    -216075.140625
3012    -216075.390625
3013    -216075.765625
3014    -216076.031250
3015    -216076.281250
3016    -216076.562500
3017    -216076.906250
3018    -216077.171875
3019    -216077.468750
3020    -216077.734375
3021    -216078.046875
3022    -216078.312500
3023    -216078.625000
3024    -216078.937500
3025    -216079.218750
3026    -216079.515625
3027    -216079.812500
3028    -216080.062500
3029    -216080.406250
3030    -216080.625000
3031    -216080.968750
3032    -216081.218750
3033    -216081.546875
3034    -216081.781250
3035    -216082.093750
3036    -216082.375000
3037    -216082.656250
3038    -216082.937500
3039    -216083.250000
3040    -216083.531250
3041    -216083.859375
3042    -216084.062500
3043    -216084.390625
3044    -216084.687500
3045    -216084.906250
3046    -216085.218750
3047    -216085.531250
3048    -216085.781250
3049    -216086.062500
3050    -216086.390625
3051    -216086.625000
3052    -216086.937500
3053    -216087.203125
3054    -216087.468750
3055    -216087.750000
3056    -216088.000000
3057    -216088.296875
3058    -216088.562500
3059    -216088.875000
3060    -216089.125000
3061    -216089.390625
3062    -216089.718750
3063    -216089.968750
3064    -216090.218750
3065    -216090.515625
3066    -216090.812500
3067    -216091.031250
3068    -216091.312500
3069    -216091.484375
3070    -216091.796875
3071    -216092.046875
3072    -216092.343750
3073    -216092.625000
3074    -216092.859375
3075    -216093.156250
3076    -216093.437500
3077    -216093.687500
3078    -216093.953125
3079    -216094.218750
3080    -216094.515625
3081    -216094.765625
3082    -216094.968750
3083    -216095.265625
3084    -216095.546875
3085    -216095.781250
3086    -216096.078125
3087    -216096.312500
3088    -216096.593750
3089    -216096.875000
3090    -216097.093750
3091    -216097.359375
3092    -216097.625000
3093    -216097.937500
3094    -216098.156250
3095    -216098.421875
3096    -216098.671875
3097    -216098.906250
3098    -216099.156250
3099    -216099.375000
3100    -216099.593750
3101    -216099.875000
3102    -216100.140625
3103    -216100.359375
3104    -216100.656250
3105    -216100.906250
3106    -216101.140625
3107    -216101.406250
3108    -216101.640625
3109    -216101.843750
3110    -216102.093750
3111    -216102.312500
3112    -216102.515625
3113    -216102.781250
3114    -216103.062500
3115    -216103.312500
3116    -216103.546875
3117    -216103.781250
3118    -216103.968750
3119    -216104.218750
3120    -216104.468750
3121    -216104.703125
3122    -216104.843750
3123    -216105.078125
3124    -216105.359375
3125    -216105.625000
3126    -216105.812500
3127    -216106.000000
3128    -216106.250000
3129    -216106.453125
3130    -216106.687500
3131    -216106.906250
3132    -216107.109375
3133    -216107.390625
3134    -216107.625000
3135    -216107.828125
3136    -216108.015625
3137    -216108.250000
3138    -216108.500000
3139    -216108.703125
3140    -216108.875000
3141    -216109.062500
3142    -216109.250000
3143    -216109.515625
3144    -216109.718750
3145    -216109.875000
3146    -216110.109375
3147    -216110.281250
3148    -216110.484375
3149    -216110.718750
3150    -216110.875000
3151    -216111.062500
3152    -216111.281250
3153    -216111.468750
3154    -216111.656250
3155    -216111.906250
3156    -216112.046875
3157    -216112.250000
3158    -216112.375000
3159    -216112.593750
3160    -216112.734375
3161    -216112.906250
3162    -216113.156250
3163    -216113.328125
3164    -216113.500000
3165    -216113.687500
3166    -216113.843750
3167    -216114.031250
3168    -216114.250000
3169    -216114.437500
3170    -216114.562500
3171    -216114.781250
3172    -216114.984375
3173    -216115.093750
3174    -216115.250000
3175    -216115.406250
3176    -216115.593750
3177    -216115.781250
3178    -216115.921875
3179    -216116.093750
3180    -216116.281250
3181    -216116.468750
3182    -216116.671875
3183    -216116.828125
3184    -216117.031250
3185    -216117.171875
3186    -216117.328125
3187    -216117.437500
3188    -216117.625000
3189    -216117.750000
3190    -216117.968750
3191    -216118.156250
3192    -216118.312500
3193    -216118.453125
3194    -216118.625000
3195    -216118.796875
