Step            Loss
--------------------
1        1061.754639
2         660.391052
3         260.911072
4        -140.351959
5        -541.165466
6        -941.121826
7       -1342.712158
8       -1743.676636
9       -2144.639160
10      -2545.306641
11      -2947.092041
12      -3347.959717
13      -3749.215820
14      -4150.550781
15      -4551.746094
16      -4954.115234
17      -5355.618164
18      -5757.338867
19      -6159.747070
20      -6562.295898
21      -6964.583008
22      -7367.786621
23      -7770.595215
24      -8173.111328
25      -8577.191406
26      -8980.954102
27      -9386.134766
28      -9790.468750
29      -10195.347656
30      -10600.654297
31      -11005.710938
32      -11412.021484
33      -11819.318359
34      -12226.091797
35      -12633.674805
36      -13040.978516
37      -13449.617188
38      -13859.618164
39      -14269.004883
40      -14678.619141
41      -15089.568359
42      -15500.696289
43      -15912.958984
44      -16324.681641
45      -16738.177734
46      -17151.929688
47      -17566.425781
48      -17981.869141
49      -18397.175781
50      -18814.373047
51      -19230.773438
52      -19649.892578
53      -20068.039062
54      -20487.820312
55      -20908.111328
56      -21329.917969
57      -21750.757812
58      -22173.968750
59      -22597.212891
60      -23021.945312
61      -23447.070312
62      -23873.894531
63      -24300.431641
64      -24726.974609
65      -25156.109375
66      -25586.082031
67      -26017.054688
68      -26447.644531
69      -26880.244141
70      -27312.755859
71      -27747.425781
72      -28182.808594
73      -28618.580078
74      -29056.388672
75      -29493.599609
76      -29932.101562
77      -30372.603516
78      -30813.785156
79      -31255.632812
80      -31697.667969
81      -32141.566406
82      -32586.578125
83      -33032.625000
84      -33479.527344
85      -33926.304688
86      -34375.613281
87      -34825.804688
88      -35276.273438
89      -35728.281250
90      -36180.460938
91      -36634.218750
92      -37090.023438
93      -37545.609375
94      -38002.000000
95      -38461.191406
96      -38919.671875
97      -39379.347656
98      -39840.726562
99      -40302.562500
100     -40765.597656
101     -41228.406250
102     -41695.175781
103     -42160.578125
104     -42627.871094
105     -43096.046875
106     -43564.937500
107     -44034.101562
108     -44504.484375
109     -44977.617188
110     -45450.527344
111     -45924.894531
112     -46399.085938
113     -46875.679688
114     -47351.250000
115     -47829.902344
116     -48308.734375
117     -48788.886719
118     -49268.917969
119     -49750.476562
120     -50233.398438
121     -50716.296875
122     -51200.984375
123     -51684.898438
124     -52171.269531
125     -52659.359375
126     -53147.621094
127     -53635.699219
128     -54123.781250
129     -54615.390625
130     -55107.281250
131     -55597.882812
132     -56091.683594
133     -56584.804688
134     -57080.226562
135     -57575.414062
136     -58072.386719
137     -58569.097656
138     -59066.605469
139     -59564.867188
140     -60063.695312
141     -60563.542969
142     -61063.785156
143     -61565.457031
144     -62067.765625
145     -62569.578125
146     -63073.578125
147     -63577.140625
148     -64082.414062
149     -64587.070312
150     -65091.675781
151     -65599.546875
152     -66106.156250
153     -66613.804688
154     -67121.781250
155     -67631.437500
156     -68140.062500
157     -68649.109375
158     -69160.156250
159     -69670.343750
160     -70182.062500
161     -70693.375000
162     -71205.765625
163     -71718.523438
164     -72230.898438
165     -72743.921875
166     -73258.093750
167     -73772.617188
168     -74287.335938
169     -74801.484375
170     -75315.742188
171     -75832.070312
172     -76347.656250
173     -76863.093750
174     -77379.156250
175     -77895.195312
176     -78412.078125
177     -78929.265625
178     -79448.351562
179     -79963.968750
180     -80482.257812
181     -81000.531250
182     -81517.703125
183     -82035.242188
184     -82553.656250
185     -83069.976562
186     -83589.031250
187     -84106.265625
188     -84625.890625
189     -85144.250000
190     -85662.406250
191     -86179.187500
192     -86697.812500
193     -87217.281250
194     -87734.507812
195     -88252.218750
196     -88770.898438
197     -89289.203125
198     -89805.937500
199     -90325.148438
200     -90841.406250
201     -91358.093750
202     -91874.921875
203     -92391.921875
204     -92908.648438
205     -93424.781250
206     -93941.820312
207     -94456.265625
208     -94971.390625
209     -95489.648438
210     -96002.171875
211     -96518.179688
212     -97031.031250
213     -97545.906250
214     -98059.515625
215     -98572.210938
216     -99083.765625
217     -99595.960938
218     -100108.734375
219     -100619.445312
220     -101132.046875
221     -101641.679688
222     -102152.687500
223     -102659.992188
224     -103169.531250
225     -103679.328125
226     -104186.867188
227     -104694.796875
228     -105200.890625
229     -105707.523438
230     -106213.531250
231     -106717.093750
232     -107221.960938
233     -107726.593750
234     -108229.093750
235     -108730.875000
236     -109234.921875
237     -109734.015625
238     -110234.906250
239     -110735.664062
240     -111233.687500
241     -111733.218750
242     -112228.710938
243     -112726.359375
244     -113222.046875
245     -113716.312500
246     -114210.679688
247     -114705.187500
248     -115197.085938
249     -115689.203125
250     -116180.281250
251     -116668.796875
252     -117159.109375
253     -117648.093750
254     -118136.000000
255     -118622.000000
256     -119107.492188
257     -119591.593750
258     -120076.367188
259     -120558.062500
260     -121038.156250
261     -121520.742188
262     -121999.218750
263     -122477.906250
264     -122955.140625
265     -123432.093750
266     -123908.156250
267     -124382.242188
268     -124857.046875
269     -125329.039062
270     -125801.390625
271     -126270.609375
272     -126741.218750
273     -127208.703125
274     -127675.328125
275     -128141.898438
276     -128607.304688
277     -129070.125000
278     -129532.937500
279     -129995.015625
280     -130453.125000
281     -130913.445312
282     -131370.781250
283     -131828.015625
284     -132283.250000
285     -132737.515625
286     -133189.687500
287     -133642.531250
288     -134092.953125
289     -134541.031250
290     -134987.468750
291     -135434.203125
292     -135879.046875
293     -136322.906250
294     -136765.531250
295     -137206.953125
296     -137647.250000
297     -138085.593750
298     -138524.312500
299     -138959.000000
300     -139393.875000
301     -139827.125000
302     -140260.250000
303     -140691.593750
304     -141118.718750
305     -141548.593750
306     -141974.953125
307     -142401.765625
308     -142825.000000
309     -143248.781250
310     -143669.968750
311     -144089.031250
312     -144507.031250
313     -144925.156250
314     -145340.921875
315     -145755.406250
316     -146168.375000
317     -146579.562500
318     -146990.984375
319     -147399.281250
320     -147807.187500
321     -148214.171875
322     -148616.640625
323     -149022.031250
324     -149423.625000
325     -149823.687500
326     -150224.125000
327     -150621.796875
328     -151017.671875
329     -151411.500000
330     -151804.718750
331     -152196.875000
332     -152588.156250
333     -152974.828125
334     -153364.468750
335     -153748.937500
336     -154133.343750
337     -154515.812500
338     -154897.203125
339     -155277.437500
340     -155655.656250
341     -156033.187500
342     -156408.125000
343     -156782.734375
344     -157153.562500
345     -157523.562500
346     -157892.796875
347     -158260.609375
348     -158625.218750
349     -158989.281250
350     -159352.187500
351     -159713.937500
352     -160072.312500
353     -160431.515625
354     -160787.906250
355     -161144.718750
356     -161497.484375
357     -161848.609375
358     -162199.343750
359     -162548.468750
360     -162893.906250
361     -163241.296875
362     -163586.000000
363     -163927.937500
364     -164269.671875
365     -164607.484375
366     -164946.484375
367     -165282.953125
368     -165617.046875
369     -165950.625000
370     -166283.062500
371     -166613.218750
372     -166941.218750
373     -167269.593750
374     -167595.781250
375     -167919.078125
376     -168240.687500
377     -168563.156250
378     -168883.312500
379     -169200.750000
380     -169517.734375
381     -169831.796875
382     -170144.468750
383     -170457.468750
384     -170768.500000
385     -171077.093750
386     -171383.703125
387     -171689.234375
388     -171993.156250
389     -172293.062500
390     -172594.687500
391     -172894.156250
392     -173193.218750
393     -173487.468750
394     -173780.343750
395     -174072.906250
396     -174364.906250
397     -174655.156250
398     -174943.531250
399     -175228.140625
400     -175513.750000
401     -175795.875000
402     -176078.375000
403     -176357.968750
404     -176637.562500
405     -176913.656250
406     -177189.890625
407     -177464.437500
408     -177737.140625
409     -178008.328125
410     -178278.328125
411     -178545.156250
412     -178810.843750
413     -179075.281250
414     -179338.515625
415     -179601.296875
416     -179861.359375
417     -180119.593750
418     -180376.359375
419     -180631.218750
420     -180885.578125
421     -181139.578125
422     -181389.718750
423     -181638.781250
424     -181887.093750
425     -182133.468750
426     -182378.484375
427     -182621.687500
428     -182863.312500
429     -183103.031250
430     -183340.000000
431     -183576.500000
432     -183812.625000
433     -184047.093750
434     -184279.562500
435     -184509.234375
436     -184738.671875
437     -184965.328125
438     -185190.218750
439     -185415.843750
440     -185638.468750
441     -185860.937500
442     -186079.843750
443     -186299.125000
444     -186516.093750
445     -186733.250000
446     -186946.937500
447     -187160.281250
448     -187371.750000
449     -187580.640625
450     -187789.984375
451     -187996.203125
452     -188202.859375
453     -188406.406250
454     -188611.625000
455     -188813.937500
456     -189012.234375
457     -189211.765625
458     -189409.156250
459     -189605.453125
460     -189800.390625
461     -189993.656250
462     -190185.906250
463     -190375.500000
464     -190565.656250
465     -190754.640625
466     -190940.593750
467     -191124.406250
468     -191309.515625
469     -191491.343750
470     -191672.625000
471     -191854.031250
472     -192034.468750
473     -192211.406250
474     -192387.312500
475     -192563.843750
476     -192736.890625
477     -192909.906250
478     -193081.812500
479     -193252.093750
480     -193421.984375
481     -193589.156250
482     -193755.093750
483     -193921.953125
484     -194086.500000
485     -194249.187500
486     -194410.750000
487     -194571.921875
488     -194732.281250
489     -194891.031250
490     -195046.406250
491     -195204.312500
492     -195359.437500
493     -195514.234375
494     -195666.343750
495     -195816.859375
496     -195969.609375
497     -196117.046875
498     -196266.812500
499     -196413.000000
500     -196558.906250
501     -196703.734375
502     -196846.062500
503     -196988.937500
504     -197129.031250
505     -197269.375000
506     -197407.468750
507     -197544.796875
508     -197680.343750
509     -197815.781250
510     -197949.343750
511     -198083.203125
512     -198214.250000
513     -198344.578125
514     -198474.859375
515     -198602.031250
516     -198731.000000
517     -198857.406250
518     -198983.046875
519     -199108.250000
520     -199231.406250
521     -199353.062500
522     -199474.765625
523     -199595.031250
524     -199715.250000
525     -199833.875000
526     -199951.640625
527     -200066.281250
528     -200182.312500
529     -200297.062500
530     -200410.750000
531     -200522.156250
532     -200633.906250
533     -200744.062500
534     -200853.875000
535     -200961.562500
536     -201068.625000
537     -201175.656250
538     -201280.812500
539     -201386.093750
540     -201489.781250
541     -201591.656250
542     -201693.921875
543     -201794.578125
544     -201895.250000
545     -201994.671875
546     -202093.531250
547     -202191.265625
548     -202288.406250
549     -202383.296875
550     -202478.562500
551     -202573.875000
552     -202667.125000
553     -202760.187500
554     -202852.906250
555     -202942.968750
556     -203033.234375
557     -203123.281250
558     -203211.328125
559     -203299.437500
560     -203387.531250
561     -203472.609375
562     -203557.656250
563     -203642.125000
564     -203725.906250
565     -203808.781250
566     -203888.937500
567     -203970.828125
568     -204050.406250
569     -204130.140625
570     -204208.312500
571     -204284.859375
572     -204362.468750
573     -204439.031250
574     -204514.062500
575     -204588.640625
576     -204662.609375
577     -204735.062500
578     -204807.875000
579     -204880.015625
580     -204949.968750
581     -205020.968750
582     -205089.859375
583     -205158.843750
584     -205227.984375
585     -205294.437500
586     -205362.375000
587     -205428.187500
588     -205494.062500
589     -205558.781250
590     -205623.906250
591     -205686.984375
592     -205750.281250
593     -205813.000000
594     -205875.843750
595     -205936.484375
596     -205997.812500
597     -206057.859375
598     -206116.625000
599     -206176.468750
600     -206234.937500
601     -206292.484375
602     -206349.375000
603     -206406.671875
604     -206462.640625
605     -206518.250000
606     -206572.843750
607     -206626.906250
608     -206680.593750
609     -206734.343750
610     -206787.375000
611     -206839.375000
612     -206890.265625
613     -206942.359375
614     -206993.062500
615     -207042.625000
616     -207092.656250
617     -207142.218750
618     -207191.046875
619     -207239.218750
620     -207286.921875
621     -207334.671875
622     -207380.625000
623     -207427.906250
624     -207474.156250
625     -207519.796875
626     -207564.968750
627     -207610.312500
628     -207654.640625
629     -207699.062500
630     -207742.562500
631     -207786.562500
632     -207830.015625
633     -207872.140625
634     -207914.390625
635     -207957.015625
636     -207998.875000
637     -208039.765625
638     -208081.250000
639     -208122.125000
640     -208161.875000
641     -208202.250000
642     -208241.609375
643     -208281.218750
644     -208319.468750
645     -208358.906250
646     -208396.343750
647     -208434.281250
648     -208472.015625
649     -208509.125000
650     -208545.906250
651     -208582.531250
652     -208618.203125
653     -208654.031250
654     -208689.000000
655     -208723.734375
656     -208758.234375
657     -208793.250000
658     -208826.406250
659     -208860.171875
660     -208893.468750
661     -208926.531250
662     -208959.187500
663     -208991.906250
664     -209023.750000
665     -209056.078125
666     -209087.531250
667     -209119.171875
668     -209149.812500
669     -209179.890625
670     -209210.734375
671     -209240.250000
672     -209270.359375
673     -209299.437500
674     -209329.171875
675     -209356.953125
676     -209385.921875
677     -209414.421875
678     -209442.531250
679     -209470.234375
680     -209497.781250
681     -209525.343750
682     -209553.562500
683     -209579.750000
684     -209607.406250
685     -209633.562500
686     -209659.890625
687     -209686.031250
688     -209711.781250
689     -209737.218750
690     -209762.296875
691     -209787.406250
692     -209811.906250
693     -209836.250000
694     -209859.968750
695     -209884.656250
696     -209908.234375
697     -209932.078125
698     -209955.328125
699     -209978.812500
700     -210001.703125
701     -210024.421875
702     -210047.031250
703     -210069.218750
704     -210091.515625
705     -210112.937500
706     -210134.718750
707     -210156.421875
708     -210177.968750
709     -210199.296875
710     -210220.375000
711     -210240.968750
712     -210261.406250
713     -210282.250000
714     -210302.937500
715     -210323.187500
716     -210343.156250
717     -210362.515625
718     -210382.437500
719     -210401.578125
720     -210420.703125
721     -210440.468750
722     -210459.187500
723     -210477.921875
724     -210496.671875
725     -210515.046875
726     -210533.890625
727     -210552.250000
728     -210570.562500
729     -210588.734375
730     -210606.890625
731     -210625.046875
732     -210642.859375
733     -210660.640625
734     -210678.250000
735     -210695.765625
736     -210712.625000
737     -210730.000000
738     -210746.843750
739     -210763.984375
740     -210780.765625
741     -210797.281250
742     -210814.265625
743     -210830.515625
744     -210847.093750
745     -210863.296875
746     -210879.515625
747     -210895.312500
748     -210911.031250
749     -210926.531250
750     -210942.296875
751     -210957.500000
752     -210973.156250
753     -210987.937500
754     -211002.953125
755     -211018.156250
756     -211033.078125
757     -211047.593750
758     -211062.281250
759     -211076.812500
760     -211091.218750
761     -211105.734375
762     -211119.937500
763     -211134.218750
764     -211148.312500
765     -211162.203125
766     -211176.109375
767     -211189.687500
768     -211203.453125
769     -211217.000000
770     -211230.562500
771     -211243.968750
772     -211257.390625
773     -211270.437500
774     -211283.703125
775     -211296.343750
776     -211309.328125
777     -211322.015625
778     -211334.531250
779     -211347.250000
780     -211359.703125
781     -211372.093750
782     -211384.343750
783     -211396.437500
784     -211408.640625
785     -211420.750000
786     -211432.812500
787     -211444.781250
788     -211456.500000
789     -211468.390625
790     -211480.312500
791     -211491.953125
792     -211503.437500
793     -211515.031250
794     -211526.515625
795     -211538.093750
796     -211549.234375
797     -211560.500000
798     -211571.531250
799     -211582.953125
800     -211593.875000
801     -211605.218750
802     -211615.968750
803     -211627.000000
804     -211637.906250
805     -211648.578125
806     -211659.546875
807     -211670.250000
808     -211680.812500
809     -211691.328125
810     -211701.843750
811     -211712.187500
812     -211722.921875
813     -211733.312500
814     -211743.468750
815     -211753.687500
816     -211763.687500
817     -211773.812500
818     -211783.734375
819     -211793.890625
820     -211803.640625
821     -211813.281250
822     -211823.109375
823     -211832.937500
824     -211842.687500
825     -211852.281250
826     -211861.843750
827     -211871.421875
828     -211881.125000
829     -211890.656250
830     -211899.968750
831     -211909.234375
832     -211918.500000
833     -211927.968750
834     -211937.171875
835     -211946.171875
836     -211955.343750
837     -211964.328125
838     -211973.265625
839     -211982.531250
840     -211991.328125
841     -212000.156250
842     -212008.765625
843     -212017.656250
844     -212026.406250
845     -212035.015625
846     -212043.671875
847     -212052.093750
848     -212060.671875
849     -212069.328125
850     -212077.968750
851     -212086.468750
852     -212094.968750
853     -212103.234375
854     -212111.531250
855     -212119.843750
856     -212128.109375
857     -212136.109375
858     -212144.453125
859     -212152.406250
860     -212160.515625
861     -212168.437500
862     -212176.500000
863     -212184.312500
864     -212192.000000
865     -212199.843750
866     -212207.453125
867     -212215.203125
868     -212223.046875
869     -212230.468750
870     -212237.968750
871     -212245.656250
872     -212253.078125
873     -212260.328125
874     -212267.843750
875     -212275.328125
876     -212282.593750
877     -212289.843750
878     -212297.093750
879     -212304.187500
880     -212311.500000
881     -212318.718750
882     -212325.921875
883     -212332.953125
884     -212339.875000
885     -212346.859375
886     -212354.062500
887     -212360.687500
888     -212367.531250
889     -212374.406250
890     -212381.109375
891     -212387.906250
892     -212394.593750
893     -212401.281250
894     -212408.125000
895     -212414.734375
896     -212421.343750
897     -212427.781250
898     -212434.453125
899     -212441.031250
900     -212447.593750
901     -212453.968750
902     -212460.515625
903     -212466.843750
904     -212473.437500
905     -212479.796875
906     -212486.062500
907     -212492.421875
908     -212498.765625
909     -212504.765625
910     -212511.218750
911     -212517.359375
912     -212523.468750
913     -212529.718750
914     -212535.812500
915     -212541.906250
916     -212547.843750
917     -212554.093750
918     -212560.093750
919     -212566.234375
920     -212572.062500
921     -212578.015625
922     -212584.109375
923     -212590.046875
924     -212595.859375
925     -212601.796875
926     -212607.656250
927     -212613.781250
928     -212619.656250
929     -212625.500000
930     -212631.375000
931     -212637.078125
932     -212642.968750
933     -212648.796875
934     -212654.375000
935     -212660.000000
936     -212665.859375
937     -212671.468750
938     -212677.062500
939     -212682.687500
940     -212688.359375
941     -212693.906250
942     -212699.609375
943     -212705.093750
944     -212710.625000
945     -212716.093750
946     -212721.609375
947     -212727.015625
948     -212732.531250
949     -212738.000000
950     -212743.437500
951     -212748.921875
952     -212754.312500
953     -212759.515625
954     -212764.906250
955     -212770.156250
956     -212775.468750
957     -212780.625000
958     -212785.937500
959     -212791.359375
960     -212796.421875
961     -212801.781250
962     -212806.765625
963     -212811.968750
964     -212817.125000
965     -212822.281250
966     -212827.406250
967     -212832.625000
968     -212837.578125
969     -212842.718750
970     -212847.812500
971     -212852.828125
972     -212857.968750
973     -212862.937500
974     -212868.156250
975     -212873.062500
976     -212878.187500
977     -212883.250000
978     -212888.125000
979     -212893.046875
980     -212898.078125
981     -212902.937500
982     -212907.937500
983     -212912.875000
984     -212917.843750
985     -212922.906250
986     -212927.593750
987     -212932.531250
988     -212937.390625
989     -212942.062500
990     -212946.968750
991     -212951.875000
992     -212956.593750
993     -212961.375000
994     -212966.203125
995     -212970.750000
996     -212975.593750
997     -212980.125000
998     -212984.921875
999     -212989.718750
1000    -212994.250000
1001    -212998.906250
1002    -213003.515625
1003    -213008.031250
1004    -213012.796875
1005    -213017.093750
1006    -213021.718750
1007    -213026.421875
1008    -213030.921875
1009    -213035.468750
1010    -213039.937500
1011    -213044.468750
1012    -213049.218750
1013    -213053.343750
1014    -213057.843750
1015    -213062.218750
1016    -213066.765625
1017    -213071.156250
1018    -213075.515625
1019    -213079.984375
1020    -213084.250000
1021    -213088.531250
1022    -213092.921875
1023    -213097.312500
1024    -213101.593750
1025    -213105.812500
1026    -213110.187500
1027    -213114.468750
1028    -213118.656250
1029    -213122.875000
1030    -213127.171875
1031    -213131.250000
1032    -213135.531250
1033    -213139.609375
1034    -213143.937500
1035    -213148.140625
1036    -213152.312500
1037    -213156.375000
1038    -213160.687500
1039    -213164.781250
1040    -213169.109375
1041    -213173.218750
1042    -213177.312500
1043    -213181.437500
1044    -213185.437500
1045    -213189.750000
1046    -213193.843750
1047    -213197.875000
1048    -213201.968750
1049    -213206.046875
1050    -213210.250000
1051    -213214.171875
1052    -213218.296875
1053    -213222.234375
1054    -213226.406250
1055    -213230.515625
1056    -213234.546875
1057    -213238.656250
1058    -213242.531250
1059    -213246.656250
1060    -213250.546875
1061    -213254.546875
1062    -213258.500000
1063    -213262.812500
1064    -213266.671875
1065    -213270.734375
1066    -213274.734375
1067    -213278.609375
1068    -213282.625000
1069    -213286.562500
1070    -213290.625000
1071    -213294.421875
1072    -213298.562500
1073    -213302.125000
1074    -213306.156250
1075    -213310.000000
1076    -213313.843750
1077    -213317.640625
1078    -213321.531250
1079    -213325.421875
1080    -213329.281250
1081    -213333.062500
1082    -213337.031250
1083    -213340.765625
1084    -213344.484375
1085    -213348.250000
1086    -213352.093750
1087    -213356.000000
1088    -213359.609375
1089    -213363.359375
1090    -213367.328125
1091    -213370.906250
1092    -213374.687500
1093    -213378.468750
1094    -213382.312500
1095    -213385.984375
1096    -213389.625000
1097    -213393.500000
1098    -213397.093750
1099    -213400.906250
1100    -213404.656250
1101    -213408.359375
1102    -213412.062500
1103    -213415.703125
1104    -213419.500000
1105    -213423.000000
1106    -213426.859375
1107    -213430.406250
1108    -213434.000000
1109    -213437.750000
1110    -213441.265625
1111    -213445.140625
1112    -213448.562500
1113    -213452.234375
1114    -213455.906250
1115    -213459.531250
1116    -213463.125000
1117    -213466.671875
1118    -213470.156250
1119    -213473.703125
1120    -213477.406250
1121    -213480.859375
1122    -213484.359375
1123    -213488.000000
1124    -213491.593750
1125    -213495.015625
1126    -213498.593750
1127    -213502.093750
1128    -213505.656250
1129    -213509.156250
1130    -213512.625000
1131    -213516.093750
1132    -213519.593750
1133    -213523.125000
1134    -213526.437500
1135    -213529.953125
1136    -213533.375000
1137    -213536.968750
1138    -213540.656250
1139    -213543.921875
1140    -213547.437500
1141    -213551.062500
1142    -213554.375000
1143    -213557.687500
1144    -213561.093750
1145    -213564.437500
1146    -213567.781250
1147    -213571.156250
1148    -213574.656250
1149    -213577.906250
1150    -213581.312500
1151    -213584.656250
1152    -213587.812500
1153    -213591.218750
1154    -213594.750000
1155    -213597.875000
1156    -213601.281250
1157    -213604.750000
1158    -213608.000000
1159    -213611.328125
1160    -213614.593750
1161    -213617.921875
1162    -213621.312500
1163    -213624.625000
1164    -213628.000000
1165    -213631.156250
1166    -213634.406250
1167    -213637.796875
1168    -213641.000000
1169    -213644.343750
1170    -213647.656250
1171    -213651.015625
1172    -213654.218750
1173    -213657.468750
1174    -213660.578125
1175    -213663.812500
1176    -213667.187500
1177    -213670.312500
1178    -213673.625000
1179    -213676.875000
1180    -213680.031250
1181    -213683.343750
1182    -213686.500000
1183    -213689.703125
1184    -213692.937500
1185    -213696.062500
1186    -213699.328125
1187    -213702.593750
1188    -213705.718750
1189    -213708.812500
1190    -213712.109375
1191    -213715.234375
1192    -213718.468750
1193    -213721.718750
1194    -213724.843750
1195    -213728.031250
1196    -213731.218750
1197    -213734.156250
1198    -213737.484375
1199    -213740.593750
1200    -213743.750000
1201    -213746.796875
1202    -213749.937500
1203    -213753.031250
1204    -213756.328125
1205    -213759.218750
1206    -213762.343750
1207    -213765.578125
1208    -213768.531250
1209    -213771.671875
1210    -213774.781250
1211    -213777.796875
1212    -213780.968750
1213    -213783.921875
1214    -213786.843750
1215    -213790.093750
1216    -213792.906250
1217    -213796.109375
1218    -213798.890625
1219    -213802.031250
1220    -213805.125000
1221    -213808.062500
1222    -213811.000000
1223    -213813.984375
1224    -213817.062500
1225    -213819.937500
1226    -213822.843750
1227    -213825.968750
1228    -213828.875000
1229    -213831.796875
1230    -213834.765625
1231    -213837.703125
1232    -213840.562500
1233    -213843.593750
1234    -213846.343750
1235    -213849.281250
1236    -213852.343750
1237    -213855.328125
1238    -213858.156250
1239    -213860.953125
1240    -213863.875000
1241    -213866.843750
1242    -213869.781250
1243    -213872.656250
1244    -213875.375000
1245    -213878.343750
1246    -213881.171875
1247    -213884.125000
1248    -213887.000000
1249    -213889.765625
1250    -213892.656250
1251    -213895.468750
1252    -213898.250000
1253    -213901.187500
1254    -213904.015625
1255    -213906.906250
1256    -213909.562500
1257    -213912.578125
1258    -213915.390625
1259    -213918.031250
1260    -213921.000000
1261    -213923.750000
1262    -213926.437500
1263    -213929.234375
1264    -213932.000000
1265    -213934.906250
1266    -213937.562500
1267    -213940.281250
1268    -213943.062500
1269    -213945.718750
1270    -213948.546875
1271    -213951.250000
1272    -213954.031250
1273    -213956.781250
1274    -213959.562500
1275    -213962.218750
1276    -213964.921875
1277    -213967.593750
1278    -213970.125000
1279    -213972.812500
1280    -213975.531250
1281    -213978.218750
1282    -213980.968750
1283    -213983.609375
1284    -213986.250000
1285    -213988.890625
1286    -213991.531250
1287    -213994.171875
1288    -213996.656250
1289    -213999.390625
1290    -214001.937500
1291    -214004.546875
1292    -214007.156250
1293    -214009.703125
1294    -214012.312500
1295    -214014.906250
1296    -214017.531250
1297    -214020.125000
1298    -214022.468750
1299    -214025.156250
1300    -214027.562500
1301    -214030.187500
1302    -214032.468750
1303    -214035.125000
1304    -214037.671875
1305    -214040.218750
1306    -214042.703125
1307    -214045.125000
1308    -214047.656250
1309    -214049.984375
1310    -214052.468750
1311    -214054.921875
1312    -214057.218750
1313    -214059.593750
1314    -214062.203125
1315    -214064.484375
1316    -214066.984375
1317    -214069.312500
1318    -214071.656250
1319    -214073.984375
1320    -214076.500000
1321    -214078.640625
1322    -214080.953125
1323    -214083.328125
1324    -214085.687500
1325    -214088.000000
1326    -214090.140625
1327    -214092.640625
1328    -214094.812500
1329    -214097.265625
1330    -214099.406250
1331    -214101.625000
1332    -214103.750000
1333    -214105.984375
1334    -214108.281250
1335    -214110.500000
1336    -214112.765625
1337    -214114.937500
1338    -214117.312500
1339    -214119.500000
1340    -214121.562500
1341    -214123.890625
1342    -214125.843750
1343    -214128.234375
1344    -214130.328125
1345    -214132.546875
1346    -214134.750000
1347    -214137.000000
1348    -214139.156250
1349    -214141.265625
1350    -214143.453125
1351    -214145.562500
1352    -214147.843750
1353    -214149.890625
1354    -214152.078125
1355    -214154.156250
1356    -214156.312500
1357    -214158.468750
1358    -214160.593750
1359    -214162.671875
1360    -214164.718750
1361    -214166.812500
1362    -214168.906250
1363    -214170.968750
1364    -214173.078125
1365    -214175.156250
1366    -214177.312500
1367    -214179.281250
1368    -214181.312500
1369    -214183.437500
1370    -214185.312500
1371    -214187.421875
1372    -214189.375000
1373    -214191.437500
1374    -214193.421875
1375    -214195.421875
1376    -214197.328125
1377    -214199.375000
1378    -214201.250000
1379    -214203.390625
1380    -214205.343750
1381    -214207.312500
1382    -214209.312500
1383    -214211.187500
1384    -214213.171875
1385    -214215.218750
1386    -214217.156250
1387    -214218.984375
1388    -214220.906250
1389    -214222.718750
1390    -214224.828125
1391    -214226.687500
1392    -214228.640625
1393    -214230.500000
1394    -214232.359375
1395    -214234.312500
1396    -214236.203125
1397    -214238.156250
1398    -214240.000000
1399    -214241.750000
1400    -214243.750000
1401    -214245.593750
1402    -214247.437500
1403    -214249.265625
1404    -214251.093750
1405    -214252.906250
1406    -214254.703125
1407    -214256.609375
1408    -214258.328125
1409    -214260.062500
1410    -214262.046875
1411    -214263.859375
1412    -214265.609375
1413    -214267.468750
1414    -214269.218750
1415    -214271.000000
1416    -214272.859375
1417    -214274.593750
1418    -214276.281250
1419    -214278.234375
1420    -214279.968750
1421    -214281.796875
1422    -214283.531250
1423    -214285.140625
1424    -214286.906250
1425    -214288.656250
1426    -214290.500000
1427    -214292.296875
1428    -214293.937500
1429    -214295.625000
1430    -214297.437500
1431    -214299.125000
1432    -214300.734375
1433    -214302.468750
1434    -214304.359375
1435    -214305.859375
1436    -214307.562500
1437    -214309.250000
1438    -214311.000000
1439    -214312.687500
1440    -214314.406250
1441    -214315.984375
1442    -214317.656250
1443    -214319.328125
1444    -214320.906250
1445    -214322.593750
1446    -214324.250000
1447    -214325.906250
1448    -214327.578125
1449    -214329.250000
1450    -214330.921875
1451    -214332.343750
1452    -214333.953125
1453    -214335.593750
1454    -214337.296875
1455    -214338.906250
1456    -214340.625000
1457    -214342.171875
1458    -214343.734375
1459    -214345.390625
1460    -214347.109375
1461    -214348.640625
1462    -214350.187500
1463    -214351.828125
1464    -214353.312500
1465    -214355.062500
1466    -214356.687500
1467    -214358.218750
1468    -214359.609375
1469    -214361.296875
1470    -214362.906250
1471    -214364.500000
1472    -214365.968750
1473    -214367.531250
1474    -214369.218750
1475    -214370.781250
1476    -214372.203125
1477    -214373.937500
1478    -214375.312500
1479    -214376.906250
1480    -214378.484375
1481    -214379.859375
1482    -214381.343750
1483    -214383.031250
1484    -214384.375000
1485    -214385.968750
1486    -214387.578125
1487    -214388.937500
1488    -214390.468750
1489    -214391.781250
1490    -214393.546875
1491    -214395.062500
1492    -214396.375000
1493    -214397.890625
1494    -214399.312500
1495    -214400.734375
1496    -214402.375000
1497    -214403.734375
1498    -214405.093750
1499    -214406.593750
1500    -214408.140625
1501    -214409.515625
1502    -214410.968750
1503    -214412.281250
1504    -214413.796875
1505    -214415.078125
1506    -214416.656250
1507    -214417.906250
1508    -214419.312500
1509    -214420.781250
1510    -214422.093750
1511    -214423.500000
1512    -214424.953125
1513    -214426.281250
1514    -214427.750000
1515    -214429.125000
1516    -214430.328125
1517    -214431.671875
1518    -214433.062500
1519    -214434.328125
1520    -214435.734375
1521    -214436.859375
1522    -214438.281250
1523    -214439.578125
1524    -214440.937500
1525    -214442.187500
1526    -214443.531250
1527    -214444.718750
1528    -214446.078125
1529    -214447.343750
1530    -214448.718750
1531    -214449.937500
1532    -214451.234375
1533    -214452.484375
1534    -214453.906250
1535    -214455.140625
1536    -214456.531250
1537    -214457.671875
1538    -214458.906250
1539    -214460.218750
1540    -214461.343750
1541    -214462.687500
1542    -214463.843750
1543    -214465.296875
1544    -214466.500000
1545    -214467.687500
1546    -214469.078125
1547    -214470.312500
1548    -214471.515625
1549    -214472.781250
1550    -214474.093750
1551    -214475.140625
1552    -214476.484375
1553    -214477.812500
1554    -214479.015625
1555    -214480.265625
1556    -214481.500000
1557    -214482.687500
1558    -214483.906250
1559    -214485.312500
1560    -214486.437500
1561    -214487.546875
1562    -214488.812500
1563    -214489.937500
1564    -214491.296875
1565    -214492.484375
1566    -214493.765625
1567    -214495.046875
1568    -214496.250000
1569    -214497.328125
1570    -214498.546875
1571    -214499.875000
1572    -214501.125000
1573    -214502.187500
1574    -214503.359375
1575    -214504.468750
1576    -214505.656250
1577    -214506.687500
1578    -214508.031250
1579    -214509.250000
1580    -214510.406250
1581    -214511.750000
1582    -214512.750000
1583    -214513.968750
1584    -214515.093750
1585    -214516.281250
1586    -214517.468750
1587    -214518.687500
1588    -214519.843750
1589    -214520.843750
1590    -214521.921875
1591    -214523.218750
1592    -214524.125000
1593    -214525.375000
1594    -214526.656250
1595    -214527.687500
1596    -214528.812500
1597    -214529.875000
1598    -214531.093750
1599    -214532.140625
1600    -214533.375000
1601    -214534.437500
1602    -214535.593750
1603    -214536.687500
1604    -214537.812500
1605    -214539.031250
1606    -214540.109375
1607    -214541.140625
1608    -214542.265625
1609    -214543.375000
1610    -214544.421875
1611    -214545.656250
1612    -214546.687500
1613    -214547.812500
1614    -214548.812500
1615    -214550.078125
1616    -214551.156250
1617    -214552.156250
1618    -214553.203125
1619    -214554.531250
1620    -214555.515625
1621    -214556.562500
1622    -214557.593750
1623    -214558.718750
1624    -214559.687500
1625    -214560.843750
1626    -214561.937500
1627    -214562.937500
1628    -214563.906250
1629    -214565.078125
1630    -214566.187500
1631    -214567.250000
1632    -214568.375000
1633    -214569.421875
1634    -214570.343750
1635    -214571.343750
1636    -214572.437500
1637    -214573.671875
1638    -214574.656250
1639    -214575.750000
1640    -214576.750000
1641    -214577.828125
1642    -214578.906250
1643    -214579.781250
1644    -214581.000000
1645    -214582.109375
1646    -214583.125000
1647    -214584.203125
1648    -214585.156250
1649    -214586.234375
1650    -214587.156250
1651    -214588.218750
1652    -214589.406250
1653    -214590.312500
1654    -214591.437500
1655    -214592.437500
1656    -214593.390625
1657    -214594.421875
1658    -214595.531250
1659    -214596.562500
1660    -214597.593750
1661    -214598.500000
1662    -214599.625000
1663    -214600.625000
1664    -214601.687500
1665    -214602.687500
1666    -214603.703125
1667    -214604.750000
1668    -214605.625000
1669    -214606.812500
1670    -214607.843750
1671    -214608.781250
1672    -214609.812500
1673    -214610.890625
1674    -214611.843750
1675    -214612.781250
1676    -214613.843750
1677    -214614.812500
1678    -214615.750000
1679    -214616.812500
1680    -214617.921875
1681    -214618.828125
1682    -214619.718750
1683    -214620.843750
1684    -214621.734375
1685    -214622.781250
1686    -214623.687500
1687    -214624.796875
1688    -214625.906250
1689    -214626.781250
1690    -214627.703125
1691    -214628.625000
1692    -214629.531250
1693    -214630.671875
1694    -214631.515625
1695    -214632.593750
1696    -214633.500000
1697    -214634.406250
1698    -214635.515625
1699    -214636.421875
1700    -214637.406250
1701    -214638.250000
1702    -214639.234375
1703    -214640.375000
1704    -214641.218750
1705    -214642.234375
1706    -214643.203125
1707    -214644.125000
1708    -214645.000000
1709    -214645.859375
1710    -214647.000000
1711    -214647.921875
1712    -214648.859375
1713    -214649.734375
1714    -214650.781250
1715    -214651.750000
1716    -214652.593750
1717    -214653.515625
1718    -214654.515625
1719    -214655.531250
1720    -214656.343750
1721    -214657.359375
1722    -214658.187500
1723    -214659.187500
1724    -214660.171875
1725    -214661.093750
1726    -214662.031250
1727    -214662.812500
1728    -214663.765625
1729    -214664.656250
1730    -214665.687500
1731    -214666.484375
1732    -214667.406250
1733    -214668.406250
1734    -214669.406250
1735    -214670.171875
1736    -214671.046875
1737    -214672.031250
1738    -214672.906250
1739    -214673.765625
1740    -214674.750000
1741    -214675.625000
1742    -214676.593750
1743    -214677.515625
1744    -214678.375000
1745    -214679.343750
1746    -214680.093750
1747    -214681.218750
1748    -214681.984375
1749    -214682.953125
1750    -214683.875000
1751    -214684.875000
1752    -214685.687500
1753    -214686.562500
1754    -214687.421875
1755    -214688.437500
1756    -214689.343750
1757    -214690.328125
1758    -214691.265625
1759    -214692.093750
1760    -214692.984375
1761    -214693.875000
1762    -214694.812500
1763    -214695.687500
1764    -214696.531250
1765    -214697.468750
1766    -214698.375000
1767    -214699.281250
1768    -214700.234375
1769    -214701.031250
1770    -214702.000000
1771    -214702.875000
1772    -214703.734375
1773    -214704.609375
1774    -214705.468750
1775    -214706.421875
1776    -214707.250000
1777    -214708.218750
1778    -214709.078125
1779    -214709.968750
1780    -214710.765625
1781    -214711.875000
1782    -214712.718750
1783    -214713.640625
1784    -214714.437500
1785    -214715.406250
1786    -214716.218750
1787    -214717.250000
1788    -214718.031250
1789    -214719.000000
1790    -214719.859375
1791    -214720.718750
1792    -214721.609375
1793    -214722.468750
1794    -214723.437500
1795    -214724.281250
1796    -214725.281250
1797    -214725.968750
1798    -214726.937500
1799    -214727.875000
1800    -214728.703125
1801    -214729.593750
1802    -214730.515625
1803    -214731.437500
1804    -214732.171875
1805    -214733.125000
1806    -214734.109375
1807    -214734.859375
1808    -214735.875000
1809    -214736.734375
1810    -214737.718750
1811    -214738.687500
1812    -214739.359375
1813    -214740.390625
1814    -214741.125000
1815    -214742.093750
1816    -214742.968750
1817    -214743.828125
1818    -214744.812500
1819    -214745.750000
1820    -214746.531250
1821    -214747.390625
1822    -214748.250000
1823    -214749.296875
1824    -214750.046875
1825    -214750.937500
1826    -214751.843750
1827    -214752.781250
1828    -214753.671875
1829    -214754.562500
1830    -214755.421875
1831    -214756.250000
1832    -214757.250000
1833    -214758.062500
1834    -214758.906250
1835    -214759.812500
1836    -214760.781250
1837    -214761.531250
1838    -214762.437500
1839    -214763.343750
1840    -214764.187500
1841    -214765.062500
1842    -214765.937500
1843    -214766.859375
1844    -214767.718750
1845    -214768.640625
1846    -214769.531250
1847    -214770.437500
1848    -214771.312500
1849    -214772.218750
1850    -214773.015625
1851    -214773.843750
1852    -214774.781250
1853    -214775.640625
1854    -214776.515625
1855    -214777.343750
1856    -214778.187500
1857    -214779.156250
1858    -214780.078125
1859    -214780.843750
1860    -214781.765625
1861    -214782.437500
1862    -214783.453125
1863    -214784.250000
1864    -214785.000000
1865    -214786.000000
1866    -214786.718750
1867    -214787.687500
1868    -214788.562500
1869    -214789.375000
1870    -214790.281250
1871    -214791.187500
1872    -214792.062500
1873    -214792.734375
1874    -214793.750000
1875    -214794.562500
1876    -214795.468750
1877    -214796.375000
1878    -214797.156250
1879    -214798.062500
1880    -214798.906250
1881    -214799.750000
1882    -214800.625000
1883    -214801.421875
1884    -214802.328125
1885    -214803.125000
1886    -214804.093750
1887    -214805.062500
1888    -214805.875000
1889    -214806.671875
1890    -214807.578125
1891    -214808.468750
1892    -214809.312500
1893    -214810.156250
1894    -214811.000000
1895    -214811.781250
1896    -214812.796875
1897    -214813.718750
1898    -214814.468750
1899    -214815.296875
1900    -214816.218750
1901    -214817.093750
1902    -214817.968750
1903    -214818.843750
1904    -214819.656250
1905    -214820.593750
1906    -214821.562500
1907    -214822.281250
1908    -214823.250000
1909    -214823.953125
1910    -214824.875000
1911    -214825.687500
1912    -214826.656250
1913    -214827.484375
1914    -214828.343750
1915    -214829.234375
1916    -214830.062500
1917    -214830.890625
1918    -214831.796875
1919    -214832.625000
1920    -214833.500000
1921    -214834.359375
1922    -214835.171875
1923    -214836.062500
1924    -214837.000000
1925    -214837.843750
1926    -214838.671875
1927    -214839.484375
1928    -214840.359375
1929    -214841.375000
1930    -214842.109375
1931    -214843.093750
1932    -214843.875000
1933    -214844.750000
1934    -214845.656250
1935    -214846.562500
1936    -214847.359375
1937    -214848.328125
1938    -214849.156250
1939    -214849.968750
1940    -214850.937500
1941    -214851.703125
1942    -214852.656250
1943    -214853.531250
1944    -214854.343750
1945    -214855.187500
1946    -214856.156250
1947    -214857.062500
1948    -214857.765625
1949    -214858.656250
1950    -214859.625000
1951    -214860.515625
1952    -214861.281250
1953    -214862.187500
1954    -214863.062500
1955    -214863.921875
1956    -214864.781250
1957    -214865.718750
1958    -214866.562500
1959    -214867.406250
1960    -214868.234375
1961    -214869.156250
1962    -214870.000000
1963    -214870.890625
1964    -214871.812500
1965    -214872.687500
1966    -214873.531250
1967    -214874.375000
1968    -214875.218750
1969    -214876.171875
1970    -214876.968750
1971    -214877.921875
1972    -214878.781250
1973    -214879.593750
1974    -214880.500000
1975    -214881.421875
1976    -214882.203125
1977    -214883.015625
1978    -214883.875000
1979    -214884.750000
1980    -214885.593750
1981    -214886.500000
1982    -214887.406250
1983    -214888.250000
1984    -214889.171875
1985    -214889.937500
1986    -214890.781250
1987    -214891.718750
1988    -214892.625000
1989    -214893.390625
1990    -214894.296875
1991    -214895.125000
1992    -214895.937500
1993    -214896.843750
1994    -214897.734375
1995    -214898.578125
1996    -214899.515625
1997    -214900.468750
1998    -214901.343750
1999    -214902.125000
2000    -214903.093750
2001    -214903.890625
2002    -214904.812500
2003    -214905.671875
2004    -214906.531250
2005    -214907.406250
2006    -214908.359375
2007    -214909.140625
2008    -214909.984375
2009    -214910.781250
2010    -214911.640625
2011    -214912.578125
2012    -214913.437500
2013    -214914.250000
2014    -214915.125000
2015    -214915.953125
2016    -214916.781250
2017    -214917.718750
2018    -214918.609375
2019    -214919.468750
2020    -214920.250000
2021    -214921.140625
2022    -214921.984375
2023    -214922.812500
2024    -214923.750000
2025    -214924.531250
2026    -214925.437500
2027    -214926.171875
2028    -214927.000000
2029    -214927.812500
2030    -214928.718750
2031    -214929.468750
2032    -214930.484375
2033    -214931.312500
2034    -214932.218750
2035    -214933.000000
2036    -214933.953125
2037    -214934.750000
2038    -214935.531250
2039    -214936.343750
2040    -214937.328125
2041    -214938.078125
2042    -214938.843750
2043    -214939.750000
2044    -214940.593750
2045    -214941.453125
2046    -214942.375000
2047    -214943.281250
2048    -214943.953125
2049    -214944.859375
2050    -214945.718750
2051    -214946.562500
2052    -214947.437500
2053    -214948.234375
2054    -214949.031250
2055    -214950.062500
2056    -214950.937500
2057    -214951.750000
2058    -214952.625000
2059    -214953.312500
2060    -214954.171875
2061    -214955.031250
2062    -214955.937500
2063    -214956.687500
2064    -214957.546875
2065    -214958.484375
2066    -214959.343750
2067    -214960.156250
2068    -214961.109375
2069    -214961.875000
2070    -214962.656250
2071    -214963.625000
2072    -214964.375000
2073    -214965.281250
2074    -214966.031250
2075    -214966.968750
2076    -214967.796875
2077    -214968.687500
2078    -214969.500000
2079    -214970.359375
2080    -214971.140625
2081    -214972.125000
2082    -214972.843750
2083    -214973.687500
2084    -214974.515625
2085    -214975.359375
2086    -214976.234375
2087    -214976.984375
2088    -214977.953125
2089    -214978.843750
2090    -214979.687500
2091    -214980.468750
2092    -214981.343750
2093    -214982.156250
2094    -214983.000000
2095    -214983.828125
2096    -214984.656250
2097    -214985.406250
2098    -214986.453125
2099    -214987.156250
2100    -214988.046875
2101    -214988.859375
2102    -214989.921875
2103    -214990.593750
2104    -214991.562500
2105    -214992.406250
2106    -214993.109375
2107    -214993.953125
2108    -214994.687500
2109    -214995.703125
2110    -214996.625000
2111    -214997.375000
2112    -214998.187500
2113    -214998.906250
2114    -214999.859375
2115    -215000.703125
2116    -215001.625000
2117    -215002.343750
2118    -215003.078125
2119    -215004.000000
2120    -215004.843750
2121    -215005.750000
2122    -215006.515625
2123    -215007.531250
2124    -215008.187500
2125    -215009.093750
2126    -215009.890625
2127    -215010.812500
2128    -215011.656250
2129    -215012.531250
2130    -215013.187500
2131    -215014.109375
2132    -215015.046875
2133    -215015.812500
2134    -215016.625000
2135    -215017.390625
2136    -215018.312500
2137    -215019.109375
2138    -215019.921875
2139    -215020.750000
2140    -215021.500000
2141    -215022.406250
2142    -215023.156250
2143    -215024.140625
2144    -215024.921875
2145    -215025.687500
2146    -215026.625000
2147    -215027.281250
2148    -215028.281250
2149    -215029.093750
2150    -215029.875000
2151    -215030.765625
2152    -215031.531250
2153    -215032.421875
2154    -215033.218750
2155    -215034.000000
2156    -215034.812500
2157    -215035.562500
2158    -215036.406250
2159    -215037.359375
2160    -215038.109375
2161    -215039.000000
2162    -215039.718750
2163    -215040.625000
2164    -215041.437500
2165    -215042.187500
2166    -215043.000000
2167    -215043.781250
2168    -215044.750000
2169    -215045.406250
2170    -215046.218750
2171    -215047.093750
2172    -215048.000000
2173    -215048.734375
2174    -215049.593750
2175    -215050.328125
2176    -215051.281250
2177    -215051.968750
2178    -215052.750000
2179    -215053.671875
2180    -215054.468750
2181    -215055.218750
2182    -215056.000000
2183    -215056.781250
2184    -215057.640625
2185    -215058.406250
2186    -215059.250000
2187    -215060.062500
2188    -215060.812500
2189    -215061.593750
2190    -215062.437500
2191    -215063.218750
2192    -215063.937500
2193    -215064.843750
2194    -215065.703125
2195    -215066.375000
2196    -215067.031250
2197    -215067.906250
2198    -215068.781250
2199    -215069.562500
2200    -215070.343750
2201    -215071.218750
2202    -215071.968750
2203    -215072.640625
2204    -215073.406250
2205    -215074.375000
2206    -215075.031250
2207    -215075.890625
2208    -215076.546875
2209    -215077.343750
2210    -215078.171875
2211    -215078.875000
2212    -215079.937500
2213    -215080.625000
2214    -215081.375000
2215    -215082.156250
2216    -215082.984375
2217    -215083.656250
2218    -215084.515625
2219    -215085.343750
2220    -215086.250000
2221    -215086.984375
2222    -215087.671875
2223    -215088.531250
2224    -215089.281250
2225    -215090.078125
2226    -215090.718750
2227    -215091.656250
2228    -215092.437500
2229    -215093.078125
2230    -215094.093750
2231    -215094.781250
2232    -215095.500000
2233    -215096.296875
2234    -215097.062500
2235    -215097.875000
2236    -215098.703125
2237    -215099.531250
2238    -215100.281250
2239    -215101.062500
2240    -215101.906250
2241    -215102.593750
2242    -215103.500000
2243    -215104.250000
2244    -215105.031250
2245    -215105.843750
2246    -215106.593750
2247    -215107.406250
2248    -215108.203125
2249    -215108.875000
2250    -215109.718750
2251    -215110.500000
2252    -215111.328125
2253    -215112.046875
2254    -215112.812500
2255    -215113.593750
2256    -215114.406250
2257    -215115.187500
2258    -215115.953125
2259    -215116.750000
2260    -215117.453125
2261    -215118.250000
2262    -215119.093750
2263    -215119.812500
2264    -215120.687500
2265    -215121.421875
2266    -215122.171875
2267    -215123.046875
2268    -215123.765625
2269    -215124.562500
2270    -215125.187500
2271    -215125.968750
2272    -215126.750000
2273    -215127.562500
2274    -215128.343750
2275    -215129.156250
2276    -215129.875000
2277    -215130.687500
2278    -215131.437500
2279    -215132.265625
2280    -215133.000000
2281    -215133.875000
2282    -215134.500000
2283    -215135.421875
2284    -215136.062500
2285    -215136.843750
2286    -215137.656250
2287    -215138.453125
2288    -215139.140625
2289    -215140.031250
2290    -215140.750000
2291    -215141.593750
2292    -215142.375000
2293    -215143.046875
2294    -215143.921875
2295    -215144.578125
2296    -215145.390625
2297    -215146.140625
2298    -215146.875000
2299    -215147.593750
2300    -215148.406250
2301    -215149.218750
2302    -215149.875000
2303    -215150.750000
2304    -215151.437500
2305    -215152.218750
2306    -215153.015625
2307    -215153.765625
2308    -215154.468750
2309    -215155.265625
2310    -215156.000000
2311    -215156.765625
2312    -215157.625000
2313    -215158.343750
2314    -215159.093750
2315    -215159.968750
2316    -215160.625000
2317    -215161.421875
2318    -215162.203125
2319    -215162.875000
2320    -215163.734375
2321    -215164.453125
2322    -215165.203125
2323    -215165.968750
2324    -215166.781250
2325    -215167.546875
2326    -215168.281250
2327    -215169.046875
2328    -215169.843750
2329    -215170.531250
2330    -215171.343750
2331    -215172.046875
2332    -215172.859375
2333    -215173.687500
2334    -215174.328125
2335    -215175.187500
2336    -215175.890625
2337    -215176.718750
2338    -215177.406250
2339    -215178.125000
2340    -215178.859375
2341    -215179.656250
2342    -215180.437500
2343    -215181.125000
2344    -215181.937500
2345    -215182.703125
2346    -215183.296875
2347    -215184.062500
2348    -215184.843750
2349    -215185.546875
2350    -215186.281250
2351    -215187.187500
2352    -215187.875000
2353    -215188.703125
2354    -215189.421875
2355    -215190.171875
2356    -215190.843750
2357    -215191.578125
2358    -215192.296875
2359    -215193.062500
2360    -215193.812500
2361    -215194.562500
2362    -215195.312500
2363    -215196.062500
2364    -215196.812500
2365    -215197.546875
2366    -215198.265625
2367    -215198.984375
2368    -215199.812500
2369    -215200.531250
2370    -215201.218750
2371    -215201.968750
2372    -215202.609375
2373    -215203.437500
2374    -215204.000000
2375    -215204.859375
2376    -215205.578125
2377    -215206.375000
2378    -215207.093750
2379    -215207.843750
2380    -215208.500000
2381    -215209.265625
2382    -215210.000000
2383    -215210.687500
2384    -215211.421875
2385    -215212.171875
2386    -215212.765625
2387    -215213.546875
2388    -215214.312500
2389    -215215.000000
2390    -215215.718750
2391    -215216.437500
2392    -215217.078125
2393    -215217.812500
2394    -215218.468750
2395    -215219.187500
2396    -215219.906250
2397    -215220.625000
2398    -215221.312500
2399    -215221.968750
2400    -215222.703125
2401    -215223.406250
2402    -215224.125000
2403    -215224.765625
2404    -215225.453125
2405    -215226.062500
2406    -215226.812500
2407    -215227.593750
2408    -215228.250000
2409    -215228.734375
2410    -215229.578125
2411    -215230.187500
2412    -215230.968750
2413    -215231.562500
2414    -215232.250000
2415    -215232.875000
2416    -215233.609375
2417    -215234.187500
2418    -215234.906250
2419    -215235.531250
2420    -215236.187500
2421    -215236.937500
2422    -215237.531250
2423    -215238.187500
2424    -215238.937500
2425    -215239.609375
2426    -215240.156250
2427    -215240.843750
2428    -215241.531250
2429    -215242.187500
2430    -215242.828125
2431    -215243.500000
2432    -215244.062500
2433    -215244.718750
2434    -215245.468750
2435    -215246.093750
2436    -215246.703125
2437    -215247.312500
2438    -215247.968750
2439    -215248.593750
2440    -215249.281250
2441    -215249.953125
2442    -215250.625000
2443    -215251.250000
2444    -215251.781250
2445    -215252.437500
2446    -215253.250000
2447    -215253.812500
2448    -215254.453125
2449    -215255.140625
2450    -215255.843750
2451    -215256.375000
2452    -215257.015625
2453    -215257.562500
2454    -215258.312500
2455    -215258.953125
2456    -215259.546875
2457    -215260.187500
2458    -215260.843750
2459    -215261.468750
2460    -215262.171875
2461    -215262.718750
2462    -215263.375000
2463    -215264.031250
2464    -215264.718750
2465    -215265.312500
2466    -215266.000000
2467    -215266.640625
2468    -215267.265625
2469    -215267.859375
2470    -215268.562500
2471    -215269.125000
2472    -215269.812500
2473    -215270.375000
2474    -215271.062500
2475    -215271.750000
2476    -215272.218750
2477    -215272.937500
2478    -215273.609375
2479    -215274.156250
2480    -215274.968750
2481    -215275.593750
2482    -215276.156250
2483    -215276.875000
2484    -215277.421875
2485    -215278.125000
2486    -215278.687500
2487    -215279.406250
2488    -215280.000000
2489    -215280.578125
2490    -215281.171875
2491    -215281.828125
2492    -215282.500000
2493    -215283.109375
2494    -215283.750000
2495    -215284.312500
2496    -215285.000000
2497    -215285.625000
2498    -215286.281250
2499    -215286.828125
2500    -215287.578125
2501    -215288.187500
2502    -215288.875000
2503    -215289.500000
2504    -215290.203125
2505    -215290.750000
2506    -215291.343750
2507    -215292.000000
2508    -215292.562500
2509    -215293.234375
2510    -215293.843750
2511    -215294.593750
2512    -215295.250000
2513    -215295.890625
2514    -215296.453125
2515    -215297.125000
2516    -215297.781250
2517    -215298.296875
2518    -215299.000000
2519    -215299.687500
2520    -215300.343750
2521    -215300.953125
2522    -215301.656250
2523    -215302.296875
2524    -215303.031250
2525    -215303.687500
2526    -215304.281250
2527    -215304.953125
2528    -215305.531250
2529    -215306.250000
2530    -215306.890625
2531    -215307.593750
2532    -215308.234375
2533    -215308.890625
2534    -215309.593750
2535    -215310.296875
2536    -215310.906250
2537    -215311.593750
2538    -215312.265625
2539    -215312.875000
2540    -215313.593750
2541    -215314.312500
2542    -215315.000000
2543    -215315.640625
2544    -215316.421875
2545    -215317.046875
2546    -215317.734375
2547    -215318.437500
2548    -215319.078125
2549    -215319.750000
2550    -215320.468750
2551    -215321.093750
2552    -215321.906250
2553    -215322.671875
2554    -215323.250000
2555    -215324.031250
2556    -215324.687500
2557    -215325.375000
2558    -215326.015625
2559    -215326.750000
2560    -215327.500000
2561    -215328.187500
2562    -215328.875000
2563    -215329.578125
2564    -215330.250000
2565    -215331.046875
2566    -215331.781250
2567    -215332.484375
2568    -215333.093750
2569    -215333.843750
2570    -215334.562500
2571    -215335.312500
2572    -215336.031250
2573    -215336.812500
2574    -215337.437500
2575    -215338.187500
2576    -215339.015625
2577    -215339.656250
2578    -215340.343750
2579    -215341.015625
2580    -215341.718750
2581    -215342.453125
2582    -215343.125000
2583    -215343.937500
2584    -215344.687500
2585    -215345.406250
2586    -215346.187500
2587    -215346.921875
2588    -215347.625000
2589    -215348.468750
2590    -215349.140625
2591    -215349.843750
2592    -215350.515625
2593    -215351.312500
2594    -215352.078125
2595    -215352.906250
2596    -215353.546875
2597    -215354.375000
2598    -215355.000000
2599    -215355.750000
2600    -215356.468750
2601    -215357.265625
2602    -215357.937500
2603    -215358.781250
2604    -215359.453125
2605    -215360.109375
2606    -215360.906250
2607    -215361.687500
2608    -215362.406250
2609    -215363.218750
2610    -215363.906250
2611    -215364.578125
2612    -215365.250000
2613    -215366.093750
2614    -215366.812500
2615    -215367.546875
2616    -215368.281250
2617    -215369.000000
2618    -215369.859375
2619    -215370.562500
2620    -215371.250000
2621    -215371.968750
2622    -215372.812500
2623    -215373.484375
2624    -215374.218750
2625    -215374.953125
2626    -215375.671875
2627    -215376.375000
2628    -215377.187500
2629    -215377.906250
2630    -215378.656250
2631    -215379.406250
2632    -215380.156250
2633    -215380.937500
2634    -215381.625000
2635    -215382.343750
2636    -215383.031250
2637    -215383.796875
2638    -215384.562500
2639    -215385.203125
2640    -215386.031250
2641    -215386.750000
2642    -215387.531250
2643    -215388.187500
2644    -215388.937500
2645    -215389.640625
2646    -215390.406250
2647    -215391.093750
2648    -215391.906250
2649    -215392.562500
2650    -215393.375000
2651    -215394.062500
2652    -215394.812500
2653    -215395.437500
2654    -215396.250000
2655    -215396.859375
2656    -215397.734375
2657    -215398.359375
2658    -215399.062500
2659    -215399.843750
2660    -215400.468750
2661    -215401.312500
2662    -215401.875000
2663    -215402.718750
2664    -215403.406250
2665    -215404.125000
2666    -215404.875000
2667    -215405.640625
2668    -215406.390625
2669    -215407.062500
2670    -215407.828125
2671    -215408.593750
2672    -215409.234375
2673    -215409.968750
2674    -215410.828125
2675    -215411.453125
2676    -215412.187500
2677    -215412.843750
2678    -215413.625000
2679    -215414.406250
2680    -215415.046875
2681    -215415.843750
2682    -215416.656250
2683    -215417.250000
2684    -215418.046875
2685    -215418.781250
2686    -215419.437500
2687    -215420.281250
2688    -215420.937500
2689    -215421.578125
2690    -215422.343750
2691    -215423.000000
2692    -215423.875000
2693    -215424.531250
2694    -215425.250000
2695    -215426.015625
2696    -215426.718750
2697    -215427.437500
2698    -215428.203125
2699    -215428.843750
2700    -215429.656250
2701    -215430.359375
2702    -215431.093750
2703    -215431.859375
2704    -215432.562500
2705    -215433.343750
2706    -215434.000000
2707    -215434.687500
2708    -215435.500000
2709    -215436.062500
2710    -215436.906250
2711    -215437.687500
2712    -215438.375000
2713    -215439.109375
2714    -215439.796875
2715    -215440.562500
2716    -215441.234375
2717    -215441.984375
2718    -215442.640625
2719    -215443.359375
2720    -215444.187500
2721    -215444.859375
2722    -215445.656250
2723    -215446.218750
2724    -215446.875000
2725    -215447.718750
2726    -215448.421875
2727    -215449.078125
2728    -215449.890625
2729    -215450.656250
2730    -215451.281250
2731    -215451.906250
2732    -215452.656250
2733    -215453.437500
2734    -215454.125000
2735    -215454.843750
2736    -215455.531250
2737    -215456.187500
2738    -215457.000000
2739    -215457.687500
2740    -215458.390625
2741    -215459.125000
2742    -215459.750000
2743    -215460.468750
2744    -215461.187500
2745    -215462.015625
2746    -215462.656250
2747    -215463.437500
2748    -215464.093750
2749    -215464.859375
2750    -215465.468750
2751    -215466.375000
2752    -215466.890625
2753    -215467.718750
2754    -215468.359375
2755    -215469.093750
2756    -215469.812500
2757    -215470.468750
2758    -215471.234375
2759    -215471.875000
2760    -215472.656250
2761    -215473.265625
2762    -215474.156250
2763    -215474.781250
2764    -215475.515625
2765    -215476.125000
2766    -215476.875000
2767    -215477.531250
2768    -215478.265625
2769    -215478.812500
2770    -215479.671875
2771    -215480.359375
2772    -215481.046875
2773    -215481.781250
2774    -215482.468750
2775    -215483.062500
2776    -215483.843750
2777    -215484.515625
2778    -215485.328125
2779    -215485.937500
2780    -215486.718750
2781    -215487.359375
2782    -215488.062500
2783    -215488.718750
2784    -215489.390625
2785    -215490.156250
2786    -215490.843750
2787    -215491.453125
2788    -215492.187500
2789    -215492.843750
2790    -215493.531250
2791    -215494.093750
2792    -215494.750000
2793    -215495.390625
2794    -215496.156250
2795    -215496.781250
2796    -215497.484375
2797    -215498.250000
2798    -215498.890625
2799    -215499.531250
2800    -215500.156250
2801    -215500.812500
2802    -215501.406250
2803    -215502.109375
2804    -215502.906250
2805    -215503.500000
2806    -215504.078125
2807    -215504.781250
2808    -215505.468750
2809    -215506.187500
2810    -215506.750000
2811    -215507.500000
2812    -215508.125000
2813    -215508.781250
2814    -215509.437500
2815    -215510.140625
2816    -215510.796875
2817    -215511.343750
2818    -215512.062500
2819    -215512.734375
2820    -215513.421875
2821    -215514.109375
2822    -215514.750000
2823    -215515.375000
2824    -215516.031250
2825    -215516.656250
2826    -215517.312500
2827    -215518.000000
2828    -215518.671875
2829    -215519.234375
2830    -215519.906250
2831    -215520.562500
2832    -215521.343750
2833    -215521.968750
2834    -215522.578125
2835    -215523.250000
2836    -215523.875000
2837    -215524.500000
2838    -215525.171875
2839    -215525.765625
2840    -215526.375000
2841    -215527.109375
2842    -215527.750000
2843    -215528.500000
2844    -215529.125000
2845    -215529.687500
2846    -215530.359375
2847    -215531.093750
2848    -215531.750000
2849    -215532.281250
2850    -215532.984375
2851    -215533.671875
2852    -215534.312500
2853    -215534.906250
2854    -215535.546875
2855    -215536.265625
2856    -215536.875000
2857    -215537.562500
2858    -215538.187500
2859    -215538.875000
2860    -215539.546875
2861    -215540.171875
2862    -215540.843750
2863    -215541.406250
2864    -215542.093750
2865    -215542.734375
2866    -215543.390625
2867    -215544.125000
2868    -215544.781250
2869    -215545.468750
2870    -215545.968750
2871    -215546.578125
2872    -215547.203125
2873    -215547.937500
2874    -215548.593750
2875    -215549.125000
2876    -215549.906250
2877    -215550.578125
2878    -215551.234375
2879    -215551.968750
2880    -215552.531250
2881    -215553.187500
2882    -215553.812500
2883    -215554.500000
2884    -215555.015625
2885    -215555.718750
2886    -215556.328125
2887    -215556.984375
2888    -215557.593750
2889    -215558.187500
2890    -215558.968750
2891    -215559.609375
2892    -215560.140625
2893    -215560.781250
2894    -215561.484375
2895    -215562.062500
2896    -215562.750000
2897    -215563.375000
2898    -215563.937500
2899    -215564.593750
2900    -215565.125000
2901    -215565.828125
2902    -215566.593750
2903    -215567.156250
2904    -215567.765625
2905    -215568.375000
2906    -215569.031250
2907    -215569.781250
2908    -215570.343750
2909    -215570.890625
2910    -215571.515625
2911    -215572.250000
2912    -215572.812500
2913    -215573.453125
2914    -215574.000000
2915    -215574.609375
2916    -215575.234375
2917    -215575.875000
2918    -215576.421875
2919    -215577.125000
2920    -215577.781250
2921    -215578.453125
2922    -215579.062500
2923    -215579.671875
2924    -215580.281250
2925    -215580.843750
2926    -215581.531250
2927    -215582.218750
2928    -215582.796875
2929    -215583.406250
2930    -215583.984375
2931    -215584.625000
2932    -215585.281250
2933    -215585.906250
2934    -215586.531250
2935    -215587.250000
2936    -215587.718750
2937    -215588.375000
2938    -215589.015625
2939    -215589.656250
2940    -215590.265625
2941    -215590.875000
2942    -215591.453125
2943    -215592.093750
2944    -215592.671875
2945    -215593.359375
2946    -215593.968750
2947    -215594.546875
2948    -215595.187500
2949    -215595.718750
2950    -215596.281250
2951    -215597.031250
2952    -215597.562500
2953    -215598.187500
2954    -215598.750000
2955    -215599.375000
2956    -215599.843750
2957    -215600.593750
2958    -215601.125000
2959    -215601.718750
2960    -215602.234375
2961    -215602.875000
2962    -215603.468750
2963    -215604.171875
2964    -215604.750000
2965    -215605.343750
2966    -215605.859375
2967    -215606.484375
2968    -215607.156250
2969    -215607.781250
2970    -215608.406250
2971    -215608.953125
2972    -215609.562500
2973    -215610.031250
2974    -215610.656250
2975    -215611.312500
2976    -215611.781250
2977    -215612.343750
2978    -215612.906250
2979    -215613.500000
2980    -215614.140625
2981    -215614.750000
2982    -215615.234375
2983    -215615.875000
2984    -215616.421875
2985    -215616.968750
2986    -215617.593750
2987    -215618.156250
2988    -215618.625000
2989    -215619.234375
2990    -215619.859375
2991    -215620.406250
2992    -215620.875000
2993    -215621.406250
2994    -215622.031250
2995    -215622.656250
2996    -215623.187500
2997    -215623.718750
2998    -215624.343750
2999    -215624.843750
3000    -215625.375000
3001    -215625.859375
3002    -215626.593750
3003    -215627.109375
3004    -215627.640625
3005    -215628.109375
3006    -215628.781250
3007    -215629.312500
3008    -215629.828125
3009    -215630.375000
3010    -215630.937500
3011    -215631.468750
3012    -215632.000000
3013    -215632.546875
3014    -215633.156250
3015    -215633.718750
3016    -215634.171875
3017    -215634.781250
3018    -215635.343750
3019    -215635.859375
3020    -215636.343750
3021    -215636.906250
3022    -215637.500000
3023    -215637.984375
3024    -215638.453125
3025    -215639.031250
3026    -215639.656250
3027    -215640.187500
3028    -215640.656250
3029    -215641.281250
3030    -215641.781250
3031    -215642.218750
3032    -215642.765625
3033    -215643.375000
3034    -215643.843750
3035    -215644.343750
3036    -215644.937500
3037    -215645.500000
3038    -215646.000000
3039    -215646.406250
3040    -215646.937500
3041    -215647.562500
3042    -215647.968750
3043    -215648.531250
3044    -215649.000000
3045    -215649.593750
3046    -215650.156250
3047    -215650.562500
3048    -215650.937500
3049    -215651.625000
3050    -215652.078125
3051    -215652.578125
3052    -215653.156250
3053    -215653.593750
3054    -215654.046875
3055    -215654.625000
3056    -215655.125000
3057    -215655.593750
3058    -215656.140625
3059    -215656.562500
3060    -215657.093750
3061    -215657.640625
3062    -215658.062500
3063    -215658.578125
3064    -215659.109375
3065    -215659.500000
3066    -215659.937500
3067    -215660.406250
3068    -215660.968750
3069    -215661.437500
3070    -215661.890625
3071    -215662.375000
3072    -215662.906250
3073    -215663.312500
3074    -215663.765625
3075    -215664.281250
3076    -215664.750000
3077    -215665.125000
3078    -215665.500000
3079    -215666.187500
3080    -215666.515625
3081    -215667.078125
3082    -215667.453125
3083    -215667.968750
3084    -215668.406250
3085    -215668.718750
3086    -215669.375000
3087    -215669.750000
3088    -215670.218750
3089    -215670.625000
3090    -215671.078125
3091    -215671.531250
3092    -215672.000000
3093    -215672.437500
3094    -215672.812500
3095    -215673.265625
3096    -215673.656250
3097    -215674.187500
3098    -215674.578125
3099    -215675.015625
3100    -215675.453125
3101    -215675.937500
3102    -215676.359375
3103    -215676.750000
3104    -215677.156250
3105    -215677.593750
3106    -215678.000000
3107    -215678.375000
3108    -215678.875000
3109    -215679.171875
3110    -215679.656250
3111    -215680.031250
3112    -215680.453125
3113    -215680.843750
3114    -215681.281250
3115    -215681.625000
3116    -215682.093750
3117    -215682.468750
3118    -215682.921875
3119    -215683.203125
3120    -215683.656250
3121    -215683.968750
3122    -215684.437500
3123    -215684.843750
3124    -215685.218750
3125    -215685.656250
3126    -215686.062500
3127    -215686.359375
3128    -215686.718750
3129    -215687.250000
3130    -215687.593750
3131    -215687.968750
3132    -215688.312500
3133    -215688.781250
3134    -215689.140625
3135    -215689.531250
3136    -215689.843750
3137    -215690.218750
3138    -215690.578125
3139    -215690.984375
3140    -215691.250000
3141    -215691.718750
3142    -215692.093750
3143    -215692.453125
3144    -215692.843750
3145    -215693.187500
3146    -215693.500000
3147    -215693.921875
3148    -215694.265625
3149    -215694.515625
3150    -215695.000000
3151    -215695.328125
3152    -215695.750000
3153    -215696.000000
3154    -215696.343750
3155    -215696.781250
3156    -215697.046875
3157    -215697.468750
3158    -215697.781250
3159    -215698.062500
3160    -215698.375000
3161    -215698.734375
3162    -215699.171875
3163    -215699.343750
3164    -215699.890625
3165    -215700.125000
3166    -215700.406250
3167    -215700.781250
3168    -215701.125000
3169    -215701.500000
3170    -215701.828125
3171    -215702.187500
3172    -215702.500000
3173    -215702.781250
3174    -215703.171875
3175    -215703.468750
3176    -215703.828125
3177    -215704.062500
3178    -215704.359375
3179    -215704.796875
3180    -215705.015625
3181    -215705.359375
3182    -215705.625000
3183    -215706.046875
3184    -215706.296875
3185    -215706.640625
3186    -215706.953125
3187    -215707.234375
3188    -215707.562500
3189    -215707.875000
3190    -215708.187500
3191    -215708.390625
3192    -215708.765625
3193    -215709.093750
3194    -215709.406250
3195    -215709.687500
3196    -215710.093750
3197    -215710.312500
3198    -215710.640625
3199    -215710.859375
3200    -215711.281250
3201    -215711.593750
3202    -215711.843750
3203    -215712.093750
3204    -215712.390625
3205    -215712.687500
3206    -215712.968750
3207    -215713.359375
3208    -215713.593750
3209    -215713.921875
3210    -215714.187500
3211    -215714.546875
3212    -215714.875000
3213    -215715.125000
3214    -215715.421875
3215    -215715.781250
3216    -215716.031250
3217    -215716.343750
3218    -215716.593750
3219    -215716.968750
3220    -215717.203125
3221    -215717.468750
3222    -215717.781250
3223    -215718.093750
3224    -215718.343750
3225    -215718.671875
3226    -215718.953125
3227    -215719.250000
3228    -215719.468750
3229    -215719.875000
3230    -215720.125000
3231    -215720.437500
3232    -215720.718750
3233    -215721.015625
3234    -215721.312500
3235    -215721.593750
3236    -215721.875000
3237    -215722.187500
3238    -215722.468750
3239    -215722.750000
3240    -215723.046875
3241    -215723.328125
3242    -215723.625000
3243    -215723.921875
3244    -215724.234375
3245    -215724.500000
3246    -215724.703125
3247    -215725.015625
3248    -215725.343750
3249    -215725.656250
3250    -215725.906250
3251    -215726.062500
3252    -215726.515625
3253    -215726.718750
3254    -215727.046875
3255    -215727.296875
3256    -215727.578125
3257    -215727.937500
3258    -215728.078125
3259    -215728.312500
3260    -215728.656250
3261    -215728.953125
3262    -215729.125000
3263    -215729.437500
3264    -215729.734375
3265    -215730.031250
3266    -215730.312500
3267    -215730.484375
3268    -215730.875000
3269    -215731.125000
3270    -215731.328125
3271    -215731.593750
3272    -215731.875000
3273    -215732.187500
3274    -215732.437500
3275    -215732.703125
3276    -215732.968750
3277    -215733.250000
3278    -215733.453125
3279    -215733.781250
3280    -215734.000000
3281    -215734.234375
3282    -215734.531250
3283    -215734.781250
3284    -215735.000000
3285    -215735.312500
3286    -215735.531250
3287    -215735.750000
3288    -215735.937500
3289    -215736.359375
3290    -215736.609375
3291    -215736.812500
3292    -215737.046875
3293    -215737.406250
3294    -215737.562500
3295    -215737.812500
3296    -215738.062500
3297    -215738.281250
3298    -215738.578125
3299    -215738.781250
3300    -215739.062500
3301    -215739.312500
3302    -215739.500000
3303    -215739.812500
3304    -215740.078125
3305    -215740.281250
3306    -215740.468750
3307    -215740.812500
3308    -215741.093750
3309    -215741.218750
3310    -215741.515625
3311    -215741.781250
3312    -215742.000000
3313    -215742.281250
3314    -215742.609375
3315    -215742.781250
3316    -215743.046875
3317    -215743.234375
3318    -215743.500000
3319    -215743.765625
3320    -215743.937500
3321    -215744.250000
3322    -215744.500000
3323    -215744.750000
3324    -215745.000000
3325    -215745.140625
3326    -215745.468750
3327    -215745.734375
3328    -215745.937500
3329    -215746.187500
3330    -215746.453125
3331    -215746.703125
3332    -215746.890625
3333    -215747.125000
3334    -215747.437500
3335    -215747.625000
3336    -215747.781250
3337    -215748.093750
3338    -215748.375000
3339    -215748.562500
3340    -215748.796875
3341    -215749.031250
3342    -215749.218750
3343    -215749.546875
3344    -215749.750000
3345    -215749.984375
3346    -215750.250000
3347    -215750.375000
3348    -215750.734375
3349    -215750.953125
3350    -215751.187500
3351    -215751.406250
3352    -215751.656250
3353    -215751.843750
3354    -215752.140625
3355    -215752.296875
3356    -215752.562500
3357    -215752.828125
3358    -215753.093750
3359    -215753.312500
3360    -215753.500000
3361    -215753.781250
3362    -215754.000000
3363    -215754.156250
3364    -215754.406250
3365    -215754.625000
3366    -215754.937500
3367    -215755.125000
3368    -215755.390625
3369    -215755.640625
3370    -215755.859375
3371    -215756.031250
3372    -215756.343750
3373    -215756.531250
3374    -215756.781250
3375    -215756.968750
3376    -215757.218750
3377    -215757.468750
3378    -215757.671875
3379    -215757.906250
3380    -215758.156250
3381    -215758.375000
3382    -215758.609375
3383    -215758.781250
3384    -215759.093750
3385    -215759.250000
3386    -215759.515625
3387    -215759.734375
3388    -215760.000000
3389    -215760.250000
3390    -215760.500000
3391    -215760.718750
3392    -215760.906250
3393    -215761.140625
3394    -215761.375000
3395    -215761.578125
3396    -215761.781250
3397    -215762.015625
3398    -215762.281250
3399    -215762.453125
3400    -215762.656250
3401    -215762.906250
3402    -215763.140625
3403    -215763.281250
3404    -215763.562500
3405    -215763.812500
3406    -215764.031250
3407    -215764.140625
3408    -215764.453125
3409    -215764.625000
3410    -215764.812500
3411    -215765.062500
3412    -215765.281250
3413    -215765.468750
3414    -215765.703125
3415    -215765.968750
3416    -215766.109375
3417    -215766.375000
3418    -215766.593750
3419    -215766.812500
3420    -215767.046875
3421    -215767.156250
3422    -215767.437500
3423    -215767.703125
3424    -215767.906250
3425    -215768.078125
3426    -215768.359375
3427    -215768.515625
3428    -215768.671875
3429    -215768.937500
3430    -215769.125000
3431    -215769.281250
3432    -215769.609375
3433    -215769.765625
3434    -215769.968750
3435    -215770.171875
3436    -215770.406250
3437    -215770.562500
3438    -215770.781250
3439    -215771.000000
3440    -215771.187500
3441    -215771.468750
3442    -215771.656250
3443    -215771.828125
3444    -215772.062500
3445    -215772.281250
3446    -215772.390625
3447    -215772.656250
3448    -215772.812500
3449    -215773.093750
3450    -215773.281250
3451    -215773.453125
3452    -215773.703125
3453    -215773.875000
3454    -215774.062500
3455    -215774.312500
3456    -215774.468750
3457    -215774.625000
3458    -215774.937500
3459    -215775.125000
3460    -215775.265625
3461    -215775.484375
3462    -215775.640625
3463    -215775.906250
3464    -215776.125000
3465    -215776.265625
3466    -215776.437500
3467    -215776.593750
3468    -215776.812500
3469    -215777.031250
3470    -215777.218750
3471    -215777.343750
3472    -215777.562500
3473    -215777.750000
3474    -215777.937500
