Step            Loss
--------------------
1         218.438034
2         189.155518
3         159.872528
4         130.588974
5         101.304703
6          72.019165
7          42.732544
8          13.444820
9         -15.844376
10        -45.134850
11        -74.427246
12       -103.721695
13       -133.018845
14       -162.318787
15       -191.622543
16       -220.930573
17       -250.243896
18       -279.563049
19       -308.889160
20       -338.223083
21       -367.565826
22       -396.918518
23       -426.282349
24       -455.658569
25       -485.048218
26       -514.452759
27       -543.873352
28       -573.311401
29       -602.768066
30       -632.244629
31       -661.742554
32       -691.262634
33       -720.806519
34       -750.374939
35       -779.969482
36       -809.591064
37       -839.240784
38       -868.919800
39       -898.629089
40       -928.369629
41       -958.142578
42       -987.948853
43      -1017.789490
44      -1047.665405
45      -1077.577393
46      -1107.526489
47      -1137.513672
48      -1167.539795
49      -1197.605713
50      -1227.711914
51      -1257.859619
52      -1288.049316
53      -1318.282104
54      -1348.558594
55      -1378.879150
56      -1409.245361
57      -1439.656860
58      -1470.115112
59      -1500.620239
60      -1531.173218
61      -1561.774658
62      -1592.424927
63      -1623.124756
64      -1653.874512
65      -1684.674805
66      -1715.526245
67      -1746.429443
68      -1777.384644
69      -1808.392334
70      -1839.453125
71      -1870.567261
72      -1901.735107
73      -1932.957275
74      -1964.233887
75      -1995.565186
76      -2026.951904
77      -2058.394043
78      -2089.892090
79      -2121.446289
80      -2153.056641
81      -2184.723633
82      -2216.447266
83      -2248.228027
84      -2280.065918
85      -2311.961182
86      -2343.913574
87      -2375.923828
88      -2407.991699
89      -2440.117188
90      -2472.300781
91      -2504.541992
92      -2536.841309
93      -2569.198242
94      -2601.613281
95      -2634.085938
96      -2666.616699
97      -2699.205078
98      -2731.851074
99      -2764.554199
100     -2797.314941
101     -2830.133301
102     -2863.008545
103     -2895.940430
104     -2928.929199
105     -2961.974609
106     -2995.076172
107     -3028.233643
108     -3061.446777
109     -3094.715576
110     -3128.039307
111     -3161.417969
112     -3194.851074
113     -3228.338379
114     -3261.879395
115     -3295.473633
116     -3329.121094
117     -3362.820801
118     -3396.572754
119     -3430.376465
120     -3464.231201
121     -3498.136719
122     -3532.092773
123     -3566.098145
124     -3600.153076
125     -3634.256836
126     -3668.408447
127     -3702.607666
128     -3736.854004
129     -3771.146973
130     -3805.485840
131     -3839.869629
132     -3874.298340
133     -3908.771484
134     -3943.287354
135     -3977.846436
136     -4012.447510
137     -4047.089844
138     -4081.773438
139     -4116.496582
140     -4151.258789
141     -4186.060547
142     -4220.900391
143     -4255.776367
144     -4290.689941
145     -4325.638672
146     -4360.622559
147     -4395.640625
148     -4430.692383
149     -4465.776367
150     -4500.892578
151     -4536.040039
152     -4571.217285
153     -4606.424805
154     -4641.660645
155     -4676.923828
156     -4712.214844
157     -4747.531250
158     -4782.873535
159     -4818.240234
160     -4853.630859
161     -4889.043945
162     -4924.479004
163     -4959.934570
164     -4995.411133
165     -5030.906738
166     -5066.419922
167     -5101.951172
168     -5137.499512
169     -5173.062500
170     -5208.641113
171     -5244.233398
172     -5279.838379
173     -5315.455566
174     -5351.083008
175     -5386.721680
176     -5422.369629
177     -5458.024902
178     -5493.687988
179     -5529.357422
180     -5565.032227
181     -5600.711914
182     -5636.394531
183     -5672.080566
184     -5707.767578
185     -5743.456055
186     -5779.143555
187     -5814.830078
188     -5850.514648
189     -5886.195801
190     -5921.872559
191     -5957.544922
192     -5993.210938
193     -6028.870605
194     -6064.522461
195     -6100.164551
196     -6135.796875
197     -6171.419434
198     -6207.029297
199     -6242.626953
200     -6278.211426
201     -6313.774414
202     -6349.321289
203     -6384.852539
204     -6420.365234
205     -6455.860840
206     -6491.336426
207     -6526.791992
208     -6562.226074
209     -6597.638672
210     -6633.022461
211     -6668.368164
212     -6703.688477
213     -6738.983398
214     -6774.239258
215     -6809.466797
216     -6844.666992
217     -6879.837402
218     -6914.977539
219     -6950.086426
220     -6985.164062
221     -7020.208984
222     -7055.219727
223     -7090.196289
224     -7125.137695
225     -7160.042969
226     -7194.910645
227     -7229.740723
228     -7264.532227
229     -7299.283203
230     -7333.995117
231     -7368.665527
232     -7403.293457
233     -7437.878906
234     -7472.420410
235     -7506.917969
236     -7541.370605
237     -7575.776855
238     -7610.136230
239     -7644.447266
240     -7678.678711
241     -7712.854492
242     -7746.980957
243     -7781.057129
244     -7815.082031
245     -7849.054688
246     -7882.975586
247     -7916.842773
248     -7950.655762
249     -7984.399414
250     -8018.084961
251     -8051.715332
252     -8085.288574
253     -8118.804199
254     -8152.262695
255     -8185.661621
256     -8219.000000
257     -8252.274414
258     -8285.488281
259     -8318.640625
260     -8351.730469
261     -8384.757812
262     -8417.722656
263     -8450.624023
264     -8483.460938
265     -8516.234375
266     -8548.940430
267     -8581.582031
268     -8614.157227
269     -8646.666016
270     -8679.106445
271     -8711.479492
272     -8743.784180
273     -8776.015625
274     -8808.167969
275     -8840.235352
276     -8872.224609
277     -8904.142578
278     -8935.988281
279     -8967.750000
280     -8999.433594
281     -9031.044922
282     -9062.582031
283     -9094.046875
284     -9125.437500
285     -9156.731445
286     -9187.943359
287     -9219.072266
288     -9250.121094
289     -9281.093750
290     -9311.991211
291     -9342.810547
292     -9373.554688
293     -9404.219727
294     -9434.791992
295     -9465.234375
296     -9495.566406
297     -9525.814453
298     -9555.982422
299     -9586.066406
300     -9616.065430
301     -9645.957031
302     -9675.759766
303     -9705.483398
304     -9735.105469
305     -9764.646484
306     -9794.107422
307     -9823.480469
308     -9852.771484
309     -9881.959961
310     -9911.060547
311     -9940.072266
312     -9968.979492
313     -9997.794922
314     -10026.528320
315     -10055.178711
316     -10083.692383
317     -10112.087891
318     -10140.397461
319     -10168.624023
320     -10196.730469
321     -10224.753906
322     -10252.681641
323     -10280.499023
324     -10308.203125
325     -10335.822266
326     -10363.354492
327     -10390.799805
328     -10418.160156
329     -10445.436523
330     -10472.630859
331     -10499.733398
332     -10526.715820
333     -10553.579102
334     -10580.304688
335     -10606.919922
336     -10633.437500
337     -10659.869141
338     -10686.214844
339     -10712.470703
340     -10738.615234
341     -10764.671875
342     -10790.610352
343     -10816.437500
344     -10842.156250
345     -10867.781250
346     -10893.314453
347     -10918.724609
348     -10944.041992
349     -10969.231445
350     -10994.306641
351     -11019.279297
352     -11044.157227
353     -11068.916016
354     -11093.583984
355     -11118.157227
356     -11142.612305
357     -11166.949219
358     -11191.176758
359     -11215.319336
360     -11239.368164
361     -11263.329102
362     -11287.177734
363     -11310.923828
364     -11334.569336
365     -11358.128906
366     -11381.585938
367     -11404.895508
368     -11428.105469
369     -11451.225586
370     -11474.259766
371     -11497.200195
372     -11520.018555
373     -11542.720703
374     -11565.302734
375     -11587.772461
376     -11610.151367
377     -11632.425781
378     -11654.582031
379     -11676.592773
380     -11698.494141
381     -11720.316406
382     -11742.050781
383     -11763.675781
384     -11785.182617
385     -11806.595703
386     -11827.921875
387     -11849.144531
388     -11870.251953
389     -11891.242188
390     -11912.146484
391     -11932.958984
392     -11953.686523
393     -11974.320312
394     -11994.859375
395     -12015.302734
396     -12035.657227
397     -12055.921875
398     -12076.069336
399     -12096.086914
400     -12115.979492
401     -12135.729492
402     -12155.290039
403     -12174.755859
404     -12194.103516
405     -12213.290039
406     -12232.394531
407     -12251.405273
408     -12270.294922
409     -12289.095703
410     -12307.820312
411     -12326.455078
412     -12344.990234
413     -12363.450195
414     -12381.791992
415     -12400.024414
416     -12418.155273
417     -12436.179688
418     -12454.080078
419     -12471.875000
420     -12489.554688
421     -12507.146484
422     -12524.664062
423     -12542.097656
424     -12559.427734
425     -12576.676758
426     -12593.849609
427     -12610.927734
428     -12627.876953
429     -12644.750000
430     -12661.533203
431     -12678.187500
432     -12694.752930
433     -12711.189453
434     -12727.447266
435     -12743.625000
436     -12759.730469
437     -12775.744141
438     -12791.646484
439     -12807.431641
440     -12823.107422
441     -12838.691406
442     -12854.193359
443     -12869.617188
444     -12884.917969
445     -12900.103516
446     -12915.216797
447     -12930.255859
448     -12945.195312
449     -12960.019531
450     -12974.773438
451     -12989.435547
452     -13004.013672
453     -13018.485352
454     -13032.855469
455     -13047.104492
456     -13061.260742
457     -13075.315430
458     -13089.274414
459     -13103.125000
460     -13116.900391
461     -13130.609375
462     -13144.236328
463     -13157.771484
464     -13171.211914
465     -13184.582031
466     -13197.854492
467     -13211.062500
468     -13224.197266
469     -13237.219727
470     -13250.188477
471     -13263.089844
472     -13275.894531
473     -13288.603516
474     -13301.231445
475     -13313.798828
476     -13326.304688
477     -13338.715820
478     -13351.062500
479     -13363.344727
480     -13375.578125
481     -13387.735352
482     -13399.816406
483     -13411.839844
484     -13423.788086
485     -13435.606445
486     -13447.324219
487     -13458.970703
488     -13470.564453
489     -13482.061523
490     -13493.453125
491     -13504.740234
492     -13515.939453
493     -13527.064453
494     -13538.105469
495     -13549.076172
496     -13559.958984
497     -13570.757812
498     -13581.498047
499     -13592.113281
500     -13602.637695
501     -13613.073242
502     -13623.420898
503     -13633.728516
504     -13643.988281
505     -13654.160156
506     -13664.259766
507     -13674.213867
508     -13684.111328
509     -13693.960938
510     -13703.765625
511     -13713.476562
512     -13723.144531
513     -13732.767578
514     -13742.308594
515     -13751.794922
516     -13761.218750
517     -13770.594727
518     -13779.927734
519     -13789.181641
520     -13798.390625
521     -13807.555664
522     -13816.676758
523     -13825.740234
524     -13834.724609
525     -13843.619141
526     -13852.418945
527     -13861.174805
528     -13869.849609
529     -13878.460938
530     -13887.014648
531     -13895.507812
532     -13903.957031
533     -13912.306641
534     -13920.570312
535     -13928.749023
536     -13936.863281
537     -13944.931641
538     -13952.926758
539     -13960.869141
540     -13968.776367
541     -13976.607422
542     -13984.346680
543     -13991.999023
544     -13999.560547
545     -14007.075195
546     -14014.557617
547     -14021.988281
548     -14029.359375
549     -14036.659180
550     -14043.911133
551     -14051.113281
552     -14058.253906
553     -14065.345703
554     -14072.392578
555     -14079.369141
556     -14086.265625
557     -14093.123047
558     -14099.875000
559     -14106.544922
560     -14113.170898
561     -14119.687500
562     -14126.167969
563     -14132.587891
564     -14138.943359
565     -14145.239258
566     -14151.486328
567     -14157.697266
568     -14163.868164
569     -14169.966797
570     -14176.001953
571     -14182.003906
572     -14187.975586
573     -14193.890625
574     -14199.722656
575     -14205.494141
576     -14211.208984
577     -14216.829102
578     -14222.383789
579     -14227.856445
580     -14233.300781
581     -14238.720703
582     -14244.099609
583     -14249.449219
584     -14254.754883
585     -14260.024414
586     -14265.255859
587     -14270.453125
588     -14275.620117
589     -14280.718750
590     -14285.773438
591     -14290.807617
592     -14295.809570
593     -14300.767578
594     -14305.677734
595     -14310.523438
596     -14315.291992
597     -14320.006836
598     -14324.701172
599     -14329.359375
600     -14333.943359
601     -14338.470703
602     -14342.968750
603     -14347.416016
604     -14351.792969
605     -14356.094727
606     -14360.371094
607     -14364.620117
608     -14368.851562
609     -14373.066406
610     -14377.240234
611     -14381.344727
612     -14385.408203
613     -14389.398438
614     -14393.342773
615     -14397.264648
616     -14401.151367
617     -14404.971680
618     -14408.744141
619     -14412.455078
620     -14416.151367
621     -14419.814453
622     -14423.438477
623     -14426.994141
624     -14430.531250
625     -14434.054688
626     -14437.539062
627     -14440.980469
628     -14444.378906
629     -14447.740234
630     -14451.085938
631     -14454.419922
632     -14457.743164
633     -14461.048828
634     -14464.332031
635     -14467.572266
636     -14470.785156
637     -14473.977539
638     -14477.142578
639     -14480.280273
640     -14483.381836
641     -14486.466797
642     -14489.517578
643     -14492.542969
644     -14495.540039
645     -14498.510742
646     -14501.444336
647     -14504.326172
648     -14507.183594
649     -14510.006836
650     -14512.801758
651     -14515.545898
652     -14518.272461
653     -14520.971680
654     -14523.646484
655     -14526.296875
656     -14528.928711
657     -14531.546875
658     -14534.126953
659     -14536.655273
660     -14539.151367
661     -14541.612305
662     -14544.040039
663     -14546.457031
664     -14548.865234
665     -14551.255859
666     -14553.637695
667     -14556.012695
668     -14558.380859
669     -14560.731445
670     -14563.067383
671     -14565.392578
672     -14567.694336
673     -14569.933594
674     -14572.157227
675     -14574.361328
676     -14576.550781
677     -14578.728516
678     -14580.886719
679     -14583.009766
680     -14585.117188
681     -14587.217773
682     -14589.308594
683     -14591.390625
684     -14593.469727
685     -14595.542969
686     -14597.604492
687     -14599.641602
688     -14601.660156
689     -14603.666016
690     -14605.657227
691     -14607.638672
692     -14609.605469
693     -14611.560547
694     -14613.510742
695     -14615.453125
696     -14617.377930
697     -14619.294922
698     -14621.169922
699     -14623.014648
700     -14624.850586
701     -14626.683594
702     -14628.511719
703     -14630.305664
704     -14632.084961
705     -14633.851562
706     -14635.571289
707     -14637.283203
708     -14638.992188
709     -14640.691406
710     -14642.374023
711     -14644.048828
712     -14645.717773
713     -14647.380859
714     -14649.024414
715     -14650.654297
716     -14652.273438
717     -14653.884766
718     -14655.483398
719     -14657.066406
720     -14658.632812
721     -14660.187500
722     -14661.718750
723     -14663.236328
724     -14664.747070
725     -14666.222656
726     -14667.688477
727     -14669.132812
728     -14670.570312
729     -14671.996094
730     -14673.417969
731     -14674.836914
732     -14676.252930
733     -14677.655273
734     -14679.042969
735     -14680.417969
736     -14681.789062
737     -14683.152344
738     -14684.508789
739     -14685.846680
740     -14687.179688
741     -14688.509766
742     -14689.830078
743     -14691.131836
744     -14692.425781
745     -14693.705078
746     -14694.978516
747     -14696.238281
748     -14697.494141
749     -14698.734375
750     -14699.965820
751     -14701.189453
752     -14702.404297
753     -14703.616211
754     -14704.812500
755     -14705.992188
756     -14707.164062
757     -14708.334961
758     -14709.484375
759     -14710.618164
760     -14711.750000
761     -14712.876953
762     -14714.001953
763     -14715.123047
764     -14716.238281
765     -14717.345703
766     -14718.428711
767     -14719.505859
768     -14720.581055
769     -14721.650391
770     -14722.715820
771     -14723.768555
772     -14724.819336
773     -14725.867188
774     -14726.914062
775     -14727.957031
776     -14728.992188
777     -14730.019531
778     -14731.040039
779     -14732.048828
780     -14733.051758
781     -14734.044922
782     -14735.037109
783     -14736.024414
784     -14736.996094
785     -14737.962891
786     -14738.926758
787     -14739.882812
788     -14740.824219
789     -14741.755859
790     -14742.685547
791     -14743.613281
792     -14744.541016
793     -14745.462891
794     -14746.379883
795     -14747.285156
796     -14748.182617
797     -14749.079102
798     -14749.961914
799     -14750.835938
800     -14751.708008
801     -14752.572266
802     -14753.433594
803     -14754.285156
804     -14755.130859
805     -14755.965820
806     -14756.797852
807     -14757.627930
808     -14758.455078
809     -14759.278320
810     -14760.100586
811     -14760.921875
812     -14761.737305
813     -14762.538086
814     -14763.322266
815     -14764.101562
816     -14764.869141
817     -14765.634766
818     -14766.394531
819     -14767.146484
820     -14767.894531
821     -14768.637695
822     -14769.379883
823     -14770.121094
824     -14770.859375
825     -14771.595703
826     -14772.317383
827     -14773.034180
828     -14773.741211
829     -14774.444336
830     -14775.144531
831     -14775.841797
832     -14776.527344
833     -14777.207031
834     -14777.885742
835     -14778.562500
836     -14779.232422
837     -14779.898438
838     -14780.553711
839     -14781.207031
840     -14781.859375
841     -14782.509766
842     -14783.158203
843     -14783.805664
844     -14784.447266
845     -14785.087891
846     -14785.728516
847     -14786.366211
848     -14787.001953
849     -14787.634766
850     -14788.265625
851     -14788.895508
852     -14789.524414
853     -14790.152344
854     -14790.778320
855     -14791.402344
856     -14792.016602
857     -14792.621094
858     -14793.220703
859     -14793.820312
860     -14794.417969
861     -14795.015625
862     -14795.611328
863     -14796.205078
864     -14796.798828
865     -14797.391602
866     -14797.982422
867     -14798.573242
868     -14799.156250
869     -14799.739258
870     -14800.320312
871     -14800.899414
872     -14801.474609
873     -14802.044922
874     -14802.615234
875     -14803.183594
876     -14803.751953
877     -14804.318359
878     -14804.884766
879     -14805.449219
880     -14806.008789
881     -14806.558594
882     -14807.102539
883     -14807.646484
884     -14808.189453
885     -14808.728516
886     -14809.265625
887     -14809.800781
888     -14810.336914
889     -14810.871094
890     -14811.404297
891     -14811.934570
892     -14812.466797
893     -14812.996094
894     -14813.525391
895     -14814.050781
896     -14814.575195
897     -14815.097656
898     -14815.620117
899     -14816.141602
900     -14816.660156
901     -14817.173828
902     -14817.681641
903     -14818.187500
904     -14818.694336
905     -14819.188477
906     -14819.677734
907     -14820.161133
908     -14820.642578
909     -14821.123047
910     -14821.599609
911     -14822.076172
912     -14822.550781
913     -14823.023438
914     -14823.498047
915     -14823.970703
916     -14824.437500
917     -14824.904297
918     -14825.369141
919     -14825.833008
920     -14826.295898
921     -14826.757812
922     -14827.220703
923     -14827.675781
924     -14828.130859
925     -14828.583984
926     -14829.037109
927     -14829.489258
928     -14829.940430
929     -14830.391602
930     -14830.840820
931     -14831.291016
932     -14831.738281
933     -14832.185547
934     -14832.623047
935     -14833.059570
936     -14833.494141
937     -14833.927734
938     -14834.362305
939     -14834.792969
940     -14835.224609
941     -14835.654297
942     -14836.083984
943     -14836.510742
944     -14836.937500
945     -14837.362305
946     -14837.787109
947     -14838.210938
948     -14838.632812
949     -14839.054688
950     -14839.477539
951     -14839.897461
952     -14840.318359
953     -14840.737305
954     -14841.156250
955     -14841.574219
956     -14841.992188
957     -14842.408203
958     -14842.825195
959     -14843.240234
960     -14843.654297
961     -14844.068359
962     -14844.482422
963     -14844.892578
964     -14845.302734
965     -14845.710938
966     -14846.119141
967     -14846.526367
968     -14846.933594
969     -14847.338867
970     -14847.742188
971     -14848.142578
972     -14848.533203
973     -14848.921875
974     -14849.308594
975     -14849.696289
976     -14850.083008
977     -14850.468750
978     -14850.854492
979     -14851.238281
980     -14851.623047
981     -14852.005859
982     -14852.390625
983     -14852.773438
984     -14853.154297
985     -14853.537109
986     -14853.917969
987     -14854.297852
988     -14854.678711
989     -14855.058594
990     -14855.437500
991     -14855.811523
992     -14856.183594
993     -14856.554688
994     -14856.921875
995     -14857.282227
996     -14857.640625
997     -14857.999023
998     -14858.356445
999     -14858.712891
1000    -14859.070312
1001    -14859.424805
1002    -14859.779297
1003    -14860.134766
1004    -14860.488281
1005    -14860.840820
1006    -14861.193359
1007    -14861.542969
1008    -14861.891602
1009    -14862.238281
1010    -14862.585938
1011    -14862.933594
1012    -14863.280273
1013    -14863.623047
1014    -14863.966797
1015    -14864.309570
1016    -14864.650391
1017    -14864.987305
1018    -14865.324219
1019    -14865.660156
1020    -14865.994141
1021    -14866.328125
1022    -14866.659180
1023    -14866.988281
1024    -14867.316406
1025    -14867.640625
1026    -14867.964844
1027    -14868.289062
1028    -14868.613281
1029    -14868.936523
1030    -14869.259766
1031    -14869.583008
1032    -14869.906250
1033    -14870.228516
1034    -14870.552734
1035    -14870.873047
1036    -14871.191406
1037    -14871.509766
1038    -14871.828125
1039    -14872.145508
1040    -14872.462891
1041    -14872.781250
1042    -14873.097656
1043    -14873.415039
1044    -14873.732422
1045    -14874.048828
1046    -14874.366211
1047    -14874.682617
1048    -14874.999023
1049    -14875.312500
1050    -14875.626953
1051    -14875.940430
1052    -14876.253906
1053    -14876.567383
1054    -14876.881836
1055    -14877.193359
1056    -14877.505859
1057    -14877.820312
1058    -14878.132812
1059    -14878.445312
1060    -14878.758789
1061    -14879.070312
1062    -14879.383789
1063    -14879.695312
1064    -14880.007812
1065    -14880.319336
1066    -14880.628906
1067    -14880.939453
1068    -14881.249023
1069    -14881.558594
1070    -14881.865234
1071    -14882.170898
1072    -14882.475586
1073    -14882.781250
1074    -14883.085938
1075    -14883.391602
1076    -14883.697266
1077    -14884.000977
1078    -14884.303711
1079    -14884.603516
1080    -14884.903320
1081    -14885.203125
1082    -14885.502930
1083    -14885.803711
1084    -14886.103516
1085    -14886.403320
1086    -14886.703125
1087    -14887.001953
1088    -14887.301758
1089    -14887.601562
1090    -14887.900391
1091    -14888.199219
1092    -14888.499023
1093    -14888.798828
1094    -14889.096680
1095    -14889.394531
1096    -14889.687500
1097    -14889.978516
1098    -14890.271484
1099    -14890.562500
1100    -14890.853516
1101    -14891.142578
1102    -14891.431641
1103    -14891.722656
1104    -14892.010742
1105    -14892.299805
1106    -14892.589844
1107    -14892.877930
1108    -14893.166016
1109    -14893.454102
1110    -14893.741211
1111    -14894.027344
1112    -14894.312500
1113    -14894.597656
1114    -14894.883789
1115    -14895.167969
1116    -14895.450195
1117    -14895.732422
1118    -14896.011719
1119    -14896.291992
1120    -14896.571289
1121    -14896.850586
1122    -14897.130859
1123    -14897.410156
1124    -14897.688477
1125    -14897.965820
1126    -14898.243164
1127    -14898.520508
1128    -14898.796875
1129    -14899.074219
1130    -14899.351562
1131    -14899.628906
1132    -14899.904297
1133    -14900.181641
1134    -14900.458984
1135    -14900.730469
1136    -14901.000000
1137    -14901.271484
1138    -14901.541992
1139    -14901.812500
1140    -14902.083984
1141    -14902.353516
1142    -14902.623047
1143    -14902.894531
1144    -14903.163086
1145    -14903.433594
1146    -14903.703125
1147    -14903.972656
1148    -14904.243164
1149    -14904.511719
1150    -14904.781250
1151    -14905.050781
1152    -14905.320312
1153    -14905.589844
1154    -14905.857422
1155    -14906.125000
1156    -14906.392578
1157    -14906.660156
1158    -14906.927734
1159    -14907.195312
1160    -14907.461914
1161    -14907.726562
1162    -14907.991211
1163    -14908.255859
1164    -14908.521484
1165    -14908.785156
1166    -14909.048828
1167    -14909.313477
1168    -14909.578125
1169    -14909.839844
1170    -14910.101562
1171    -14910.361328
1172    -14910.623047
1173    -14910.882812
1174    -14911.138672
1175    -14911.392578
1176    -14911.645508
1177    -14911.898438
1178    -14912.148438
1179    -14912.394531
1180    -14912.640625
1181    -14912.888672
1182    -14913.133789
1183    -14913.380859
1184    -14913.626953
1185    -14913.873047
1186    -14914.119141
1187    -14914.365234
1188    -14914.611328
1189    -14914.856445
1190    -14915.101562
1191    -14915.347656
1192    -14915.592773
1193    -14915.837891
1194    -14916.083984
1195    -14916.328125
1196    -14916.571289
1197    -14916.814453
1198    -14917.056641
1199    -14917.300781
1200    -14917.543945
1201    -14917.787109
1202    -14918.029297
1203    -14918.271484
1204    -14918.513672
1205    -14918.754883
1206    -14918.994141
1207    -14919.234375
1208    -14919.474609
1209    -14919.712891
1210    -14919.952148
1211    -14920.191406
1212    -14920.429688
1213    -14920.667969
1214    -14920.906250
1215    -14921.144531
1216    -14921.378906
1217    -14921.613281
1218    -14921.846680
1219    -14922.076172
1220    -14922.301758
1221    -14922.529297
1222    -14922.754883
1223    -14922.980469
1224    -14923.207031
1225    -14923.431641
1226    -14923.658203
1227    -14923.883789
1228    -14924.108398
1229    -14924.333984
1230    -14924.559570
1231    -14924.785156
1232    -14925.011719
1233    -14925.236328
1234    -14925.461914
1235    -14925.686523
1236    -14925.912109
1237    -14926.136719
1238    -14926.361328
1239    -14926.586914
1240    -14926.812500
1241    -14927.036133
1242    -14927.259766
1243    -14927.484375
1244    -14927.708984
1245    -14927.932617
1246    -14928.157227
1247    -14928.380859
1248    -14928.604492
1249    -14928.829102
1250    -14929.046875
1251    -14929.265625
1252    -14929.482422
1253    -14929.699219
1254    -14929.917969
1255    -14930.134766
1256    -14930.351562
1257    -14930.569336
1258    -14930.785156
1259    -14931.001953
1260    -14931.218750
1261    -14931.435547
1262    -14931.652344
1263    -14931.869141
1264    -14932.085938
1265    -14932.301758
1266    -14932.519531
1267    -14932.735352
1268    -14932.953125
1269    -14933.167969
1270    -14933.383789
1271    -14933.599609
1272    -14933.814453
1273    -14934.027344
1274    -14934.239258
1275    -14934.452148
1276    -14934.665039
1277    -14934.876953
1278    -14935.089844
1279    -14935.302734
1280    -14935.514648
1281    -14935.728516
1282    -14935.940430
1283    -14936.153320
1284    -14936.366211
1285    -14936.578125
1286    -14936.791016
1287    -14937.001953
1288    -14937.213867
1289    -14937.425781
1290    -14937.636719
1291    -14937.849609
1292    -14938.060547
1293    -14938.273438
1294    -14938.484375
1295    -14938.696289
1296    -14938.908203
1297    -14939.121094
1298    -14939.332031
1299    -14939.544922
1300    -14939.753906
1301    -14939.964844
1302    -14940.175781
1303    -14940.386719
1304    -14940.597656
1305    -14940.808594
1306    -14941.019531
1307    -14941.230469
1308    -14941.441406
1309    -14941.652344
1310    -14941.863281
1311    -14942.074219
1312    -14942.285156
1313    -14942.496094
1314    -14942.708984
1315    -14942.918945
1316    -14943.129883
1317    -14943.341797
1318    -14943.552734
1319    -14943.763672
1320    -14943.976562
1321    -14944.187500
1322    -14944.398438
1323    -14944.610352
1324    -14944.821289
1325    -14945.033203
1326    -14945.245117
1327    -14945.457031
1328    -14945.669922
1329    -14945.880859
1330    -14946.092773
1331    -14946.304688
1332    -14946.516602
1333    -14946.728516
1334    -14946.941406
1335    -14947.152344
1336    -14947.364258
1337    -14947.576172
1338    -14947.789062
1339    -14948.000977
1340    -14948.213867
1341    -14948.424805
1342    -14948.636719
1343    -14948.849609
1344    -14949.062500
1345    -14949.273438
1346    -14949.486328
1347    -14949.698242
1348    -14949.910156
1349    -14950.121094
1350    -14950.333984
1351    -14950.545898
1352    -14950.757812
1353    -14950.967773
1354    -14951.173828
1355    -14951.378906
1356    -14951.582031
1357    -14951.788086
1358    -14951.992188
1359    -14952.196289
1360    -14952.401367
1361    -14952.605469
1362    -14952.810547
1363    -14953.015625
1364    -14953.218750
1365    -14953.422852
1366    -14953.626953
1367    -14953.831055
1368    -14954.035156
1369    -14954.239258
1370    -14954.443359
1371    -14954.646484
1372    -14954.850586
1373    -14955.054688
1374    -14955.256836
1375    -14955.461914
1376    -14955.665039
1377    -14955.867188
1378    -14956.071289
1379    -14956.273438
1380    -14956.476562
1381    -14956.679688
1382    -14956.882812
1383    -14957.084961
1384    -14957.287109
1385    -14957.489258
1386    -14957.691406
1387    -14957.894531
1388    -14958.094727
1389    -14958.296875
1390    -14958.496094
1391    -14958.694336
1392    -14958.892578
1393    -14959.091797
1394    -14959.289062
1395    -14959.488281
1396    -14959.686523
1397    -14959.883789
1398    -14960.082031
1399    -14960.279297
1400    -14960.476562
1401    -14960.673828
1402    -14960.871094
1403    -14961.067383
1404    -14961.259766
1405    -14961.451172
1406    -14961.640625
1407    -14961.830078
1408    -14962.021484
1409    -14962.210938
1410    -14962.400391
1411    -14962.589844
1412    -14962.779297
1413    -14962.967773
1414    -14963.157227
1415    -14963.345703
1416    -14963.533203
1417    -14963.722656
1418    -14963.910156
1419    -14964.098633
1420    -14964.287109
1421    -14964.474609
1422    -14964.662109
1423    -14964.849609
1424    -14965.037109
1425    -14965.222656
1426    -14965.410156
1427    -14965.596680
1428    -14965.783203
1429    -14965.969727
1430    -14966.156250
1431    -14966.341797
1432    -14966.527344
1433    -14966.712891
1434    -14966.898438
1435    -14967.083984
1436    -14967.268555
1437    -14967.453125
1438    -14967.636719
1439    -14967.820312
1440    -14968.003906
1441    -14968.187500
1442    -14968.371094
1443    -14968.553711
1444    -14968.736328
1445    -14968.919922
1446    -14969.101562
1447    -14969.283203
1448    -14969.466797
1449    -14969.648438
1450    -14969.830078
1451    -14970.010742
1452    -14970.192383
1453    -14970.373047
1454    -14970.554688
1455    -14970.734375
1456    -14970.916016
1457    -14971.095703
1458    -14971.275391
1459    -14971.455078
1460    -14971.633789
1461    -14971.812500
1462    -14971.992188
1463    -14972.171875
1464    -14972.349609
1465    -14972.527344
1466    -14972.705078
1467    -14972.884766
1468    -14973.061523
1469    -14973.238281
1470    -14973.414062
1471    -14973.591797
1472    -14973.767578
1473    -14973.943359
1474    -14974.121094
1475    -14974.296875
1476    -14974.472656
1477    -14974.649414
1478    -14974.824219
1479    -14975.001953
1480    -14975.176758
1481    -14975.353516
1482    -14975.529297
1483    -14975.705078
1484    -14975.880859
1485    -14976.056641
1486    -14976.232422
1487    -14976.408203
1488    -14976.583984
1489    -14976.759766
1490    -14976.935547
1491    -14977.111328
1492    -14977.284180
1493    -14977.457031
1494    -14977.627930
1495    -14977.799805
1496    -14977.972656
1497    -14978.144531
1498    -14978.316406
1499    -14978.488281
1500    -14978.657227
1501    -14978.822266
1502    -14978.988281
1503    -14979.154297
1504    -14979.320312
1505    -14979.484375
1506    -14979.651367
1507    -14979.817383
1508    -14979.982422
1509    -14980.149414
1510    -14980.316406
1511    -14980.481445
1512    -14980.648438
1513    -14980.816406
1514    -14980.982422
1515    -14981.149414
1516    -14981.317383
1517    -14981.484375
1518    -14981.652344
1519    -14981.819336
1520    -14981.986328
1521    -14982.153320
1522    -14982.320312
1523    -14982.486328
1524    -14982.653320
1525    -14982.820312
1526    -14982.988281
1527    -14983.154297
1528    -14983.321289
1529    -14983.488281
1530    -14983.657227
1531    -14983.824219
1532    -14983.992188
1533    -14984.162109
1534    -14984.329102
1535    -14984.498047
1536    -14984.666992
1537    -14984.835938
1538    -14985.001953
1539    -14985.167969
1540    -14985.333984
1541    -14985.500977
1542    -14985.667969
1543    -14985.833984
1544    -14986.001953
1545    -14986.167969
1546    -14986.336914
1547    -14986.504883
1548    -14986.672852
1549    -14986.841797
1550    -14987.009766
1551    -14987.178711
1552    -14987.347656
1553    -14987.517578
1554    -14987.685547
1555    -14987.853516
1556    -14988.021484
1557    -14988.189453
1558    -14988.357422
1559    -14988.525391
1560    -14988.693359
1561    -14988.861328
1562    -14989.030273
1563    -14989.199219
1564    -14989.369141
1565    -14989.537109
1566    -14989.707031
1567    -14989.877930
1568    -14990.047852
1569    -14990.218750
1570    -14990.388672
1571    -14990.560547
1572    -14990.731445
1573    -14990.902344
1574    -14991.074219
1575    -14991.246094
1576    -14991.417969
1577    -14991.590820
1578    -14991.763672
1579    -14991.935547
1580    -14992.109375
1581    -14992.282227
1582    -14992.455078
1583    -14992.629883
1584    -14992.803711
1585    -14992.977539
1586    -14993.152344
1587    -14993.326172
1588    -14993.500977
1589    -14993.675781
1590    -14993.851562
1591    -14994.025391
1592    -14994.201172
1593    -14994.376953
1594    -14994.548828
1595    -14994.722656
1596    -14994.893555
1597    -14995.064453
1598    -14995.235352
1599    -14995.407227
1600    -14995.578125
1601    -14995.750000
1602    -14995.920898
1603    -14996.093750
1604    -14996.265625
1605    -14996.436523
1606    -14996.609375
1607    -14996.780273
1608    -14996.953125
1609    -14997.125000
1610    -14997.296875
1611    -14997.470703
1612    -14997.642578
1613    -14997.816406
1614    -14997.988281
1615    -14998.161133
1616    -14998.333984
1617    -14998.506836
1618    -14998.679688
1619    -14998.852539
1620    -14999.025391
1621    -14999.199219
1622    -14999.372070
1623    -14999.544922
1624    -14999.718750
1625    -14999.891602
1626    -15000.064453
1627    -15000.238281
1628    -15000.411133
1629    -15000.583984
1630    -15000.757812
1631    -15000.930664
1632    -15001.105469
1633    -15001.277344
1634    -15001.450195
1635    -15001.623047
1636    -15001.796875
1637    -15001.968750
1638    -15002.142578
1639    -15002.315430
1640    -15002.488281
1641    -15002.661133
1642    -15002.834961
1643    -15003.007812
1644    -15003.180664
1645    -15003.353516
1646    -15003.525391
1647    -15003.692383
1648    -15003.856445
1649    -15004.019531
1650    -15004.179688
1651    -15004.341797
1652    -15004.503906
1653    -15004.666016
1654    -15004.827148
1655    -15004.988281
1656    -15005.149414
1657    -15005.311523
1658    -15005.471680
1659    -15005.632812
1660    -15005.794922
1661    -15005.955078
1662    -15006.117188
1663    -15006.277344
1664    -15006.438477
1665    -15006.597656
1666    -15006.756836
1667    -15006.916016
1668    -15007.073242
1669    -15007.232422
1670    -15007.390625
1671    -15007.548828
1672    -15007.707031
1673    -15007.864258
1674    -15008.021484
1675    -15008.179688
1676    -15008.337891
1677    -15008.495117
1678    -15008.652344
1679    -15008.810547
1680    -15008.967773
1681    -15009.123047
1682    -15009.281250
1683    -15009.437500
1684    -15009.593750
1685    -15009.751953
1686    -15009.908203
1687    -15010.064453
1688    -15010.218750
1689    -15010.373047
1690    -15010.527344
1691    -15010.681641
1692    -15010.835938
1693    -15010.990234
1694    -15011.143555
1695    -15011.297852
1696    -15011.451172
1697    -15011.603516
1698    -15011.756836
1699    -15011.909180
1700    -15012.060547
1701    -15012.211914
1702    -15012.363281
1703    -15012.513672
1704    -15012.664062
1705    -15012.815430
1706    -15012.964844
1707    -15013.115234
1708    -15013.266602
1709    -15013.416016
1710    -15013.565430
1711    -15013.716797
1712    -15013.866211
1713    -15014.015625
1714    -15014.164062
1715    -15014.312500
1716    -15014.462891
1717    -15014.611328
1718    -15014.759766
1719    -15014.908203
1720    -15015.056641
1721    -15015.205078
1722    -15015.351562
1723    -15015.500000
1724    -15015.647461
1725    -15015.794922
1726    -15015.942383
1727    -15016.088867
1728    -15016.236328
1729    -15016.382812
1730    -15016.529297
1731    -15016.675781
1732    -15016.820312
1733    -15016.964844
1734    -15017.110352
1735    -15017.253906
1736    -15017.399414
1737    -15017.542969
1738    -15017.686523
1739    -15017.830078
1740    -15017.974609
1741    -15018.118164
1742    -15018.261719
1743    -15018.405273
1744    -15018.547852
1745    -15018.691406
1746    -15018.833984
1747    -15018.976562
1748    -15019.119141
1749    -15019.259766
1750    -15019.398438
1751    -15019.536133
1752    -15019.673828
1753    -15019.811523
1754    -15019.948242
1755    -15020.085938
1756    -15020.222656
1757    -15020.360352
1758    -15020.496094
1759    -15020.632812
1760    -15020.769531
1761    -15020.905273
1762    -15021.039062
1763    -15021.171875
1764    -15021.306641
1765    -15021.439453
1766    -15021.573242
1767    -15021.705078
1768    -15021.838867
1769    -15021.970703
1770    -15022.103516
1771    -15022.236328
