Step            Loss
--------------------
1        -175.928329
2        -205.004333
3        -234.077057
4        -263.147156
5        -292.214661
6        -321.279663
7        -350.342712
8        -379.403717
9        -408.462952
10       -437.520752
11       -466.577789
12       -495.634338
13       -524.691162
14       -553.748779
15       -582.807983
16       -611.869751
17       -640.934692
18       -670.004150
19       -699.078735
20       -728.159668
21       -757.248047
22       -786.345337
23       -815.452393
24       -844.570923
25       -873.701843
26       -902.846680
27       -932.006897
28       -961.183960
29       -990.379150
30      -1019.593811
31      -1048.829712
32      -1078.087646
33      -1107.369385
34      -1136.676270
35      -1166.009521
36      -1195.370361
37      -1224.760010
38      -1254.179688
39      -1283.630615
40      -1313.113770
41      -1342.630371
42      -1372.181396
43      -1401.768066
44      -1431.390991
45      -1461.051392
46      -1490.750244
47      -1520.488037
48      -1550.266113
49      -1580.085083
50      -1609.945801
51      -1639.848877
52      -1669.795410
53      -1699.786133
54      -1729.821289
55      -1759.902344
56      -1790.029297
57      -1820.203125
58      -1850.424194
59      -1880.693848
60      -1911.011475
61      -1941.378906
62      -1971.795654
63      -2002.262695
64      -2032.780762
65      -2063.350098
66      -2093.970703
67      -2124.643799
68      -2155.369141
69      -2186.147461
70      -2216.978760
71      -2247.863770
72      -2278.802734
73      -2309.795410
74      -2340.842773
75      -2371.944580
76      -2403.101074
77      -2434.312744
78      -2465.579590
79      -2496.901367
80      -2528.278564
81      -2559.711670
82      -2591.199707
83      -2622.743896
84      -2654.343750
85      -2685.999023
86      -2717.709961
87      -2749.476562
88      -2781.298828
89      -2813.176514
90      -2845.109863
91      -2877.098633
92      -2909.142578
93      -2941.241699
94      -2973.395996
95      -3005.604980
96      -3037.868896
97      -3070.187012
98      -3102.559570
99      -3134.986328
100     -3167.466797
101     -3200.000977
102     -3232.588623
103     -3265.229248
104     -3297.922607
105     -3330.668701
106     -3363.466797
107     -3396.316895
108     -3429.218506
109     -3462.171387
110     -3495.174805
111     -3528.228516
112     -3561.333008
113     -3594.486572
114     -3627.689453
115     -3660.941406
116     -3694.241455
117     -3727.589355
118     -3760.985107
119     -3794.427734
120     -3827.916992
121     -3861.441895
122     -3895.009277
123     -3928.621582
124     -3962.278564
125     -3995.979492
126     -4029.723633
127     -4063.510986
128     -4097.340820
129     -4131.211426
130     -4165.124023
131     -4199.076660
132     -4233.069336
133     -4267.101562
134     -4301.171875
135     -4335.280273
136     -4369.426758
137     -4403.609375
138     -4437.828125
139     -4472.082031
140     -4506.371094
141     -4540.693848
142     -4575.050293
143     -4609.438965
144     -4643.859375
145     -4678.311035
146     -4712.792969
147     -4747.304688
148     -4781.845703
149     -4816.415039
150     -4851.010742
151     -4885.633789
152     -4920.282227
153     -4954.955078
154     -4989.653320
155     -5024.374512
156     -5059.118164
157     -5093.883789
158     -5128.670410
159     -5163.477539
160     -5198.303223
161     -5233.147461
162     -5268.009766
163     -5302.888672
164     -5337.783203
165     -5372.692871
166     -5407.617188
167     -5442.553711
168     -5477.503906
169     -5512.464844
170     -5547.436523
171     -5582.417969
172     -5617.408203
173     -5652.407227
174     -5687.412598
175     -5722.424316
176     -5757.440918
177     -5792.462891
178     -5827.487793
179     -5862.515137
180     -5897.544922
181     -5932.574219
182     -5967.604492
183     -6002.633301
184     -6037.660156
185     -6072.684570
186     -6107.705078
187     -6142.720215
188     -6177.730469
189     -6212.733398
190     -6247.729492
191     -6282.717285
192     -6317.694336
193     -6352.640137
194     -6387.574219
195     -6422.497070
196     -6457.406250
197     -6492.301270
198     -6527.182617
199     -6562.047852
200     -6596.896484
201     -6631.719727
202     -6666.510254
203     -6701.281250
204     -6736.031250
205     -6770.761719
206     -6805.469238
207     -6840.154297
208     -6874.799805
209     -6909.415527
210     -6944.006348
211     -6978.571289
212     -7013.108398
213     -7047.617188
214     -7082.098145
215     -7116.548828
216     -7150.969727
217     -7185.359375
218     -7219.716309
219     -7254.040527
220     -7288.331055
221     -7322.586914
222     -7356.808105
223     -7390.992676
224     -7425.140625
225     -7459.244141
226     -7493.293457
227     -7527.292969
228     -7561.250000
229     -7595.166016
230     -7629.040527
231     -7662.873047
232     -7696.662598
233     -7730.407227
234     -7764.108398
235     -7797.760254
236     -7831.355469
237     -7864.903809
238     -7898.405273
239     -7931.858398
240     -7965.262695
241     -7998.618164
242     -8031.918457
243     -8065.154785
244     -8098.339844
245     -8131.472656
246     -8164.552734
247     -8197.580078
248     -8230.552734
249     -8263.471680
250     -8296.333984
251     -8329.141602
252     -8361.893555
253     -8394.586914
254     -8427.222656
255     -8459.779297
256     -8492.275391
257     -8524.712891
258     -8557.091797
259     -8589.408203
260     -8621.666016
261     -8653.860352
262     -8685.980469
263     -8718.009766
264     -8749.967773
265     -8781.839844
266     -8813.648438
267     -8845.391602
268     -8877.064453
269     -8908.669922
270     -8940.205078
271     -8971.673828
272     -9003.069336
273     -9034.388672
274     -9065.638672
275     -9096.822266
276     -9127.938477
277     -9158.974609
278     -9189.939453
279     -9220.832031
280     -9251.656250
281     -9282.409180
282     -9313.091797
283     -9343.689453
284     -9374.213867
285     -9404.664062
286     -9435.025391
287     -9465.312500
288     -9495.527344
289     -9525.669922
290     -9555.736328
291     -9585.724609
292     -9615.634766
293     -9645.419922
294     -9675.109375
295     -9704.679688
296     -9734.131836
297     -9763.484375
298     -9792.744141
299     -9821.921875
300     -9851.001953
301     -9879.996094
302     -9908.895508
303     -9937.699219
304     -9966.413086
305     -9995.048828
306     -10023.590820
307     -10052.039062
308     -10080.401367
309     -10108.685547
310     -10136.891602
311     -10165.019531
312     -10193.064453
313     -10221.011719
314     -10248.863281
315     -10276.630859
316     -10304.318359
317     -10331.927734
318     -10359.457031
319     -10386.892578
320     -10414.217773
321     -10441.451172
322     -10468.580078
323     -10495.627930
324     -10522.594727
325     -10549.472656
326     -10576.223633
327     -10602.882812
328     -10629.461914
329     -10655.943359
330     -10682.342773
331     -10708.662109
332     -10734.896484
333     -10761.049805
334     -10787.124023
335     -10813.117188
336     -10839.030273
337     -10864.863281
338     -10890.616211
339     -10916.289062
340     -10941.877930
341     -10967.367188
342     -10992.772461
343     -11018.095703
344     -11043.338867
345     -11068.470703
346     -11093.513672
347     -11118.477539
348     -11143.359375
349     -11168.161133
350     -11192.871094
351     -11217.458984
352     -11241.898438
353     -11266.236328
354     -11290.473633
355     -11314.626953
356     -11338.703125
357     -11362.666992
358     -11386.520508
359     -11410.290039
360     -11433.966797
361     -11457.538086
362     -11481.025391
363     -11504.398438
364     -11527.669922
365     -11550.855469
366     -11573.947266
367     -11596.944336
368     -11619.851562
369     -11642.634766
370     -11665.322266
371     -11687.919922
372     -11710.425781
373     -11732.837891
374     -11755.123047
375     -11777.277344
376     -11799.318359
377     -11821.265625
378     -11843.113281
379     -11864.866211
380     -11886.472656
381     -11907.993164
382     -11929.437500
383     -11950.778320
384     -11972.035156
385     -11993.172852
386     -12014.208984
387     -12035.148438
388     -12055.964844
389     -12076.678711
390     -12097.272461
391     -12117.751953
392     -12138.138672
393     -12158.418945
394     -12178.620117
395     -12198.715820
396     -12218.723633
397     -12238.640625
398     -12258.472656
399     -12278.225586
400     -12297.852539
401     -12317.394531
402     -12336.822266
403     -12356.144531
404     -12375.392578
405     -12394.531250
406     -12413.569336
407     -12432.525391
408     -12451.347656
409     -12470.082031
410     -12488.713867
411     -12507.260742
412     -12525.707031
413     -12544.050781
414     -12562.296875
415     -12580.428711
416     -12598.481445
417     -12616.414062
418     -12634.230469
419     -12651.930664
420     -12669.468750
421     -12686.902344
422     -12704.220703
423     -12721.429688
424     -12738.520508
425     -12755.505859
426     -12772.402344
427     -12789.194336
428     -12805.905273
429     -12822.545898
430     -12839.097656
431     -12855.564453
432     -12871.937500
433     -12888.238281
434     -12904.439453
435     -12920.508789
436     -12936.454102
437     -12952.304688
438     -12968.075195
439     -12983.735352
440     -12999.236328
441     -13014.657227
442     -13030.000977
443     -13045.266602
444     -13060.444336
445     -13075.506836
446     -13090.466797
447     -13105.315430
448     -13120.085938
449     -13134.781250
450     -13149.419922
451     -13163.990234
452     -13178.401367
453     -13192.642578
454     -13206.800781
455     -13220.835938
456     -13234.798828
457     -13248.697266
458     -13262.519531
459     -13276.247070
460     -13289.904297
461     -13303.498047
462     -13317.028320
463     -13330.500000
464     -13343.916016
465     -13357.257812
466     -13370.542969
467     -13383.771484
468     -13396.937500
469     -13410.035156
470     -13423.025391
471     -13435.926758
472     -13448.751953
473     -13461.455078
474     -13474.007812
475     -13486.386719
476     -13498.656250
477     -13510.864258
478     -13522.995117
479     -13535.043945
480     -13547.039062
481     -13558.919922
482     -13570.716797
483     -13582.455078
484     -13594.136719
485     -13605.766602
486     -13617.332031
487     -13628.820312
488     -13640.234375
489     -13651.549805
490     -13662.750000
491     -13673.804688
492     -13684.698242
493     -13695.494141
494     -13706.212891
495     -13716.845703
496     -13727.369141
497     -13737.796875
498     -13748.119141
499     -13758.384766
500     -13768.574219
501     -13778.708984
502     -13788.751953
503     -13798.742188
504     -13808.636719
505     -13818.466797
506     -13828.212891
507     -13837.884766
508     -13847.484375
509     -13857.039062
510     -13866.543945
511     -13875.962891
512     -13885.325195
513     -13894.652344
514     -13903.894531
515     -13913.015625
516     -13922.059570
517     -13931.041016
518     -13939.957031
519     -13948.801758
520     -13957.559570
521     -13966.273438
522     -13974.917969
523     -13983.396484
524     -13991.798828
525     -14000.123047
526     -14008.406250
527     -14016.587891
528     -14024.701172
529     -14032.755859
530     -14040.757812
531     -14048.689453
532     -14056.561523
533     -14064.374023
534     -14072.140625
535     -14079.859375
536     -14087.539062
537     -14095.147461
538     -14102.679688
539     -14110.164062
540     -14117.587891
541     -14124.893555
542     -14132.117188
543     -14139.259766
544     -14146.355469
545     -14153.373047
546     -14160.306641
547     -14167.165039
548     -14173.994141
549     -14180.792969
550     -14187.542969
551     -14194.221680
552     -14200.827148
553     -14207.375977
554     -14213.875977
555     -14220.330078
556     -14226.755859
557     -14233.156250
558     -14239.508789
559     -14245.798828
560     -14251.957031
561     -14258.049805
562     -14264.083008
563     -14270.037109
564     -14275.963867
565     -14281.869141
566     -14287.747070
567     -14293.595703
568     -14299.378906
569     -14305.061523
570     -14310.683594
571     -14316.264648
572     -14321.769531
573     -14327.210938
574     -14332.569336
575     -14337.875977
576     -14343.149414
577     -14348.361328
578     -14353.549805
579     -14358.695312
580     -14363.815430
581     -14368.916016
582     -14373.986328
583     -14379.017578
584     -14384.004883
585     -14388.951172
586     -14393.835938
587     -14398.663086
588     -14403.398438
589     -14408.088867
590     -14412.727539
591     -14417.300781
592     -14421.791016
593     -14426.250000
594     -14430.678711
595     -14435.063477
596     -14439.419922
597     -14443.732422
598     -14448.003906
599     -14452.244141
600     -14456.446289
601     -14460.568359
602     -14464.658203
603     -14468.718750
604     -14472.742188
605     -14476.721680
606     -14480.650391
607     -14484.545898
608     -14488.393555
609     -14492.228516
610     -14496.035156
611     -14499.804688
612     -14503.527344
613     -14507.208984
614     -14510.870117
615     -14514.500000
616     -14518.112305
617     -14521.709961
618     -14525.264648
619     -14528.784180
620     -14532.268555
621     -14535.724609
622     -14539.166016
623     -14542.597656
624     -14546.015625
625     -14549.416992
626     -14552.798828
627     -14556.111328
628     -14559.388672
629     -14562.650391
630     -14565.881836
631     -14569.095703
632     -14572.280273
633     -14575.444336
634     -14578.575195
635     -14581.661133
636     -14584.708008
637     -14587.721680
638     -14590.694336
639     -14593.642578
640     -14596.569336
641     -14599.475586
642     -14602.373047
643     -14605.220703
644     -14608.054688
645     -14610.867188
646     -14613.662109
647     -14616.428711
648     -14619.151367
649     -14621.859375
650     -14624.542969
651     -14627.212891
652     -14629.872070
653     -14632.470703
654     -14635.007812
655     -14637.500977
656     -14639.958984
657     -14642.375000
658     -14644.746094
659     -14647.102539
660     -14649.447266
661     -14651.777344
662     -14654.085938
663     -14656.373047
664     -14658.630859
665     -14660.839844
666     -14663.003906
667     -14665.109375
668     -14667.174805
669     -14669.228516
670     -14671.269531
671     -14673.292969
672     -14675.300781
673     -14677.294922
674     -14679.260742
675     -14681.201172
676     -14683.134766
677     -14685.056641
678     -14686.955078
679     -14688.833984
680     -14690.689453
681     -14692.534180
682     -14694.374023
683     -14696.203125
684     -14698.023438
685     -14699.828125
686     -14701.621094
687     -14703.407227
688     -14705.189453
689     -14706.960938
690     -14708.728516
691     -14710.480469
692     -14712.214844
693     -14713.938477
694     -14715.653320
695     -14717.354492
696     -14719.042969
697     -14720.724609
698     -14722.378906
699     -14723.996094
700     -14725.607422
701     -14727.208008
702     -14728.802734
703     -14730.390625
704     -14731.972656
705     -14733.546875
706     -14735.113281
707     -14736.669922
708     -14738.208984
709     -14739.742188
710     -14741.273438
711     -14742.796875
712     -14744.302734
713     -14745.796875
714     -14747.284180
715     -14748.753906
716     -14750.208984
717     -14751.656250
718     -14753.083984
719     -14754.498047
720     -14755.906250
721     -14757.296875
722     -14758.679688
723     -14760.058594
724     -14761.427734
725     -14762.779297
726     -14764.123047
727     -14765.460938
728     -14766.794922
729     -14768.126953
730     -14769.453125
731     -14770.764648
732     -14772.047852
733     -14773.309570
734     -14774.562500
735     -14775.804688
736     -14777.033203
737     -14778.259766
738     -14779.475586
739     -14780.680664
740     -14781.882812
741     -14783.080078
742     -14784.263672
743     -14785.437500
744     -14786.599609
745     -14787.755859
746     -14788.903320
747     -14790.047852
748     -14791.168945
749     -14792.280273
750     -14793.388672
751     -14794.491211
752     -14795.592773
753     -14796.676758
754     -14797.756836
755     -14798.829102
756     -14799.892578
757     -14800.949219
758     -14802.001953
759     -14803.046875
760     -14804.089844
761     -14805.115234
762     -14806.125000
763     -14807.126953
764     -14808.123047
765     -14809.112305
766     -14810.098633
767     -14811.080078
768     -14812.053711
769     -14812.995117
770     -14813.927734
771     -14814.858398
772     -14815.785156
773     -14816.705078
774     -14817.624023
775     -14818.541016
776     -14819.453125
777     -14820.363281
778     -14821.266602
779     -14822.166016
780     -14823.058594
781     -14823.951172
782     -14824.837891
783     -14825.716797
784     -14826.580078
785     -14827.441406
786     -14828.298828
787     -14829.153320
788     -14830.001953
789     -14830.849609
790     -14831.693359
791     -14832.535156
792     -14833.375000
793     -14834.212891
794     -14835.048828
795     -14835.882812
796     -14836.714844
797     -14837.544922
798     -14838.369141
799     -14839.191406
800     -14840.012695
801     -14840.832031
802     -14841.644531
803     -14842.451172
804     -14843.248047
805     -14844.042969
806     -14844.833984
807     -14845.624023
808     -14846.408203
809     -14847.189453
810     -14847.969727
811     -14848.740234
812     -14849.505859
813     -14850.267578
814     -14851.030273
815     -14851.791016
816     -14852.548828
817     -14853.306641
818     -14854.062500
819     -14854.812500
820     -14855.559570
821     -14856.300781
822     -14857.038086
823     -14857.773438
824     -14858.500000
825     -14859.224609
826     -14859.942383
827     -14860.652344
828     -14861.352539
829     -14862.050781
830     -14862.750000
831     -14863.443359
832     -14864.132812
833     -14864.817383
834     -14865.490234
835     -14866.159180
836     -14866.822266
837     -14867.479492
838     -14868.134766
839     -14868.787109
840     -14869.438477
841     -14870.088867
842     -14870.732422
843     -14871.371094
844     -14872.006836
845     -14872.640625
846     -14873.273438
847     -14873.905273
848     -14874.535156
849     -14875.163086
850     -14875.791016
851     -14876.417969
852     -14877.035156
853     -14877.646484
854     -14878.245117
855     -14878.843750
856     -14879.433594
857     -14880.009766
858     -14880.577148
859     -14881.131836
860     -14881.685547
861     -14882.238281
862     -14882.789062
863     -14883.333984
864     -14883.878906
865     -14884.421875
866     -14884.962891
867     -14885.504883
868     -14886.044922
869     -14886.583984
870     -14887.123047
871     -14887.660156
872     -14888.193359
873     -14888.726562
874     -14889.247070
875     -14889.762695
876     -14890.276367
877     -14890.789062
878     -14891.300781
879     -14891.812500
880     -14892.319336
881     -14892.822266
882     -14893.323242
883     -14893.824219
884     -14894.323242
885     -14894.818359
886     -14895.307617
887     -14895.791992
888     -14896.269531
889     -14896.746094
890     -14897.220703
891     -14897.695312
892     -14898.168945
893     -14898.641602
894     -14899.113281
895     -14899.584961
896     -14900.056641
897     -14900.526367
898     -14900.996094
899     -14901.464844
900     -14901.933594
901     -14902.399414
902     -14902.865234
903     -14903.328125
904     -14903.791016
905     -14904.251953
906     -14904.710938
907     -14905.169922
908     -14905.626953
909     -14906.083984
910     -14906.541016
911     -14906.995117
912     -14907.447266
913     -14907.896484
914     -14908.343750
915     -14908.787109
916     -14909.229492
917     -14909.670898
918     -14910.112305
919     -14910.552734
920     -14910.984375
921     -14911.414062
922     -14911.841797
923     -14912.259766
924     -14912.673828
925     -14913.086914
926     -14913.497070
927     -14913.908203
928     -14914.316406
929     -14914.726562
930     -14915.134766
931     -14915.542969
932     -14915.949219
933     -14916.349609
934     -14916.748047
935     -14917.144531
936     -14917.541016
937     -14917.933594
938     -14918.325195
939     -14918.715820
940     -14919.101562
941     -14919.482422
942     -14919.865234
943     -14920.246094
944     -14920.625977
945     -14921.005859
946     -14921.384766
947     -14921.759766
948     -14922.132812
949     -14922.505859
950     -14922.876953
951     -14923.247070
952     -14923.614258
953     -14923.980469
954     -14924.346680
955     -14924.711914
956     -14925.074219
957     -14925.436523
958     -14925.794922
959     -14926.154297
960     -14926.511719
961     -14926.869141
962     -14927.222656
963     -14927.578125
964     -14927.930664
965     -14928.283203
966     -14928.632812
967     -14928.983398
968     -14929.332031
969     -14929.679688
970     -14930.029297
971     -14930.375000
972     -14930.722656
973     -14931.066406
974     -14931.412109
975     -14931.757812
976     -14932.099609
977     -14932.439453
978     -14932.779297
979     -14933.118164
980     -14933.456055
981     -14933.793945
982     -14934.129883
983     -14934.464844
984     -14934.800781
985     -14935.134766
986     -14935.468750
987     -14935.798828
988     -14936.125000
989     -14936.449219
990     -14936.774414
991     -14937.097656
992     -14937.419922
993     -14937.743164
994     -14938.064453
995     -14938.384766
996     -14938.705078
997     -14939.025391
998     -14939.344727
999     -14939.663086
1000    -14939.981445
1001    -14940.296875
1002    -14940.611328
1003    -14940.923828
1004    -14941.238281
1005    -14941.548828
1006    -14941.855469
1007    -14942.158203
1008    -14942.460938
1009    -14942.762695
1010    -14943.064453
1011    -14943.365234
1012    -14943.665039
1013    -14943.964844
1014    -14944.263672
1015    -14944.562500
1016    -14944.860352
1017    -14945.157227
1018    -14945.453125
1019    -14945.750000
1020    -14946.044922
1021    -14946.339844
1022    -14946.634766
1023    -14946.928711
1024    -14947.220703
1025    -14947.513672
1026    -14947.804688
1027    -14948.096680
1028    -14948.385742
1029    -14948.673828
1030    -14948.957031
1031    -14949.236328
1032    -14949.513672
1033    -14949.790039
1034    -14950.066406
1035    -14950.341797
1036    -14950.609375
1037    -14950.878906
1038    -14951.145508
1039    -14951.413086
1040    -14951.679688
1041    -14951.946289
1042    -14952.211914
1043    -14952.476562
1044    -14952.734375
1045    -14952.993164
1046    -14953.250000
1047    -14953.507812
1048    -14953.761719
1049    -14954.006836
1050    -14954.250000
1051    -14954.494141
1052    -14954.737305
1053    -14954.978516
1054    -14955.219727
1055    -14955.457031
1056    -14955.693359
1057    -14955.930664
1058    -14956.166016
1059    -14956.401367
1060    -14956.632812
1061    -14956.864258
1062    -14957.094727
1063    -14957.323242
1064    -14957.551758
1065    -14957.780273
1066    -14958.005859
1067    -14958.231445
1068    -14958.457031
1069    -14958.678711
1070    -14958.902344
1071    -14959.125000
1072    -14959.346680
1073    -14959.568359
1074    -14959.789062
1075    -14960.009766
1076    -14960.230469
1077    -14960.450195
1078    -14960.670898
1079    -14960.886719
1080    -14961.100586
1081    -14961.314453
1082    -14961.528320
1083    -14961.742188
1084    -14961.955078
1085    -14962.167969
1086    -14962.379883
1087    -14962.593750
1088    -14962.805664
1089    -14963.017578
1090    -14963.230469
1091    -14963.441406
1092    -14963.652344
1093    -14963.864258
1094    -14964.074219
1095    -14964.285156
1096    -14964.496094
1097    -14964.706055
1098    -14964.916016
1099    -14965.125977
1100    -14965.333008
1101    -14965.537109
1102    -14965.742188
1103    -14965.947266
1104    -14966.152344
1105    -14966.355469
1106    -14966.560547
1107    -14966.764648
1108    -14966.968750
1109    -14967.171875
1110    -14967.375000
1111    -14967.578125
1112    -14967.781250
1113    -14967.984375
1114    -14968.187500
1115    -14968.389648
1116    -14968.591797
1117    -14968.794922
1118    -14968.996094
1119    -14969.198242
1120    -14969.400391
1121    -14969.601562
1122    -14969.803711
1123    -14970.005859
1124    -14970.206055
1125    -14970.407227
1126    -14970.607422
1127    -14970.806641
1128    -14971.005859
1129    -14971.201172
1130    -14971.394531
1131    -14971.585938
1132    -14971.779297
1133    -14971.970703
1134    -14972.162109
1135    -14972.353516
1136    -14972.544922
1137    -14972.734375
1138    -14972.923828
1139    -14973.113281
1140    -14973.302734
1141    -14973.492188
1142    -14973.681641
1143    -14973.871094
1144    -14974.056641
1145    -14974.242188
1146    -14974.427734
1147    -14974.612305
1148    -14974.797852
1149    -14974.982422
1150    -14975.167969
1151    -14975.353516
1152    -14975.537109
1153    -14975.721680
1154    -14975.906250
1155    -14976.090820
1156    -14976.275391
1157    -14976.459961
1158    -14976.643555
1159    -14976.828125
1160    -14977.012695
1161    -14977.195312
1162    -14977.379883
1163    -14977.564453
1164    -14977.746094
1165    -14977.927734
1166    -14978.111328
1167    -14978.292969
1168    -14978.475586
1169    -14978.656250
1170    -14978.837891
1171    -14979.017578
1172    -14979.195312
1173    -14979.373047
1174    -14979.551758
1175    -14979.730469
1176    -14979.909180
1177    -14980.087891
1178    -14980.265625
1179    -14980.443359
1180    -14980.622070
1181    -14980.799805
1182    -14980.977539
1183    -14981.155273
1184    -14981.333984
1185    -14981.510742
1186    -14981.689453
1187    -14981.867188
1188    -14982.044922
1189    -14982.222656
1190    -14982.400391
1191    -14982.578125
1192    -14982.753906
1193    -14982.931641
1194    -14983.107422
1195    -14983.281250
1196    -14983.454102
1197    -14983.626953
1198    -14983.799805
1199    -14983.972656
1200    -14984.145508
1201    -14984.318359
1202    -14984.488281
1203    -14984.659180
1204    -14984.830078
1205    -14985.000000
1206    -14985.169922
1207    -14985.338867
1208    -14985.509766
1209    -14985.678711
1210    -14985.849609
1211    -14986.019531
1212    -14986.189453
1213    -14986.359375
1214    -14986.529297
1215    -14986.699219
1216    -14986.869141
1217    -14987.039062
1218    -14987.208984
1219    -14987.379883
1220    -14987.548828
1221    -14987.718750
1222    -14987.889648
1223    -14988.060547
1224    -14988.230469
1225    -14988.400391
1226    -14988.572266
1227    -14988.742188
1228    -14988.912109
1229    -14989.081055
1230    -14989.249023
1231    -14989.417969
1232    -14989.587891
1233    -14989.756836
1234    -14989.925781
1235    -14990.094727
1236    -14990.263672
1237    -14990.433594
1238    -14990.602539
1239    -14990.771484
1240    -14990.941406
1241    -14991.111328
1242    -14991.280273
1243    -14991.448242
1244    -14991.611328
1245    -14991.775391
1246    -14991.939453
1247    -14992.102539
1248    -14992.265625
1249    -14992.429688
1250    -14992.594727
1251    -14992.757812
1252    -14992.920898
1253    -14993.084961
1254    -14993.248047
1255    -14993.412109
1256    -14993.576172
1257    -14993.740234
1258    -14993.903320
1259    -14994.067383
1260    -14994.231445
1261    -14994.395508
1262    -14994.560547
1263    -14994.724609
1264    -14994.888672
1265    -14995.052734
1266    -14995.216797
1267    -14995.379883
1268    -14995.543945
1269    -14995.708984
1270    -14995.873047
1271    -14996.035156
1272    -14996.199219
1273    -14996.363281
1274    -14996.527344
1275    -14996.691406
1276    -14996.855469
1277    -14997.020508
1278    -14997.184570
1279    -14997.348633
1280    -14997.513672
1281    -14997.678711
1282    -14997.843750
1283    -14998.009766
1284    -14998.174805
1285    -14998.339844
1286    -14998.506836
1287    -14998.671875
1288    -14998.837891
1289    -14999.003906
1290    -14999.169922
1291    -14999.337891
1292    -14999.503906
1293    -14999.670898
1294    -14999.838867
1295    -15000.005859
1296    -15000.171875
1297    -15000.339844
1298    -15000.507812
1299    -15000.673828
1300    -15000.841797
1301    -15001.009766
1302    -15001.176758
1303    -15001.343750
1304    -15001.512695
1305    -15001.680664
1306    -15001.847656
1307    -15002.016602
1308    -15002.184570
1309    -15002.351562
1310    -15002.519531
1311    -15002.687500
1312    -15002.854492
1313    -15003.021484
1314    -15003.189453
1315    -15003.357422
1316    -15003.525391
1317    -15003.691406
1318    -15003.855469
1319    -15004.019531
1320    -15004.183594
1321    -15004.346680
1322    -15004.511719
1323    -15004.674805
1324    -15004.838867
1325    -15005.002930
1326    -15005.166992
1327    -15005.328125
1328    -15005.491211
1329    -15005.654297
1330    -15005.816406
1331    -15005.978516
1332    -15006.140625
1333    -15006.303711
1334    -15006.465820
1335    -15006.628906
1336    -15006.791016
1337    -15006.954102
1338    -15007.117188
1339    -15007.280273
1340    -15007.442383
1341    -15007.599609
1342    -15007.752930
1343    -15007.907227
1344    -15008.060547
1345    -15008.215820
1346    -15008.369141
1347    -15008.523438
1348    -15008.676758
1349    -15008.831055
1350    -15008.985352
1351    -15009.138672
1352    -15009.292969
1353    -15009.446289
1354    -15009.600586
1355    -15009.754883
1356    -15009.908203
1357    -15010.062500
1358    -15010.215820
1359    -15010.369141
1360    -15010.523438
1361    -15010.677734
1362    -15010.830078
1363    -15010.982422
1364    -15011.136719
1365    -15011.290039
1366    -15011.443359
1367    -15011.596680
1368    -15011.748047
1369    -15011.902344
1370    -15012.054688
1371    -15012.208008
1372    -15012.359375
1373    -15012.511719
1374    -15012.664062
1375    -15012.816406
1376    -15012.968750
1377    -15013.121094
1378    -15013.268555
1379    -15013.416016
1380    -15013.562500
1381    -15013.708984
1382    -15013.856445
1383    -15014.002930
1384    -15014.148438
1385    -15014.294922
1386    -15014.441406
1387    -15014.586914
1388    -15014.732422
1389    -15014.878906
1390    -15015.024414
1391    -15015.169922
1392    -15015.314453
1393    -15015.458984
1394    -15015.604492
1395    -15015.749023
1396    -15015.892578
1397    -15016.037109
1398    -15016.180664
1399    -15016.326172
1400    -15016.468750
1401    -15016.612305
1402    -15016.755859
1403    -15016.898438
1404    -15017.041016
1405    -15017.184570
1406    -15017.327148
1407    -15017.469727
1408    -15017.611328
1409    -15017.753906
1410    -15017.894531
1411    -15018.036133
1412    -15018.177734
1413    -15018.319336
1414    -15018.458984
1415    -15018.599609
1416    -15018.741211
1417    -15018.880859
1418    -15019.021484
1419    -15019.162109
1420    -15019.300781
1421    -15019.438477
1422    -15019.575195
1423    -15019.711914
1424    -15019.849609
1425    -15019.984375
1426    -15020.121094
1427    -15020.255859
1428    -15020.388672
1429    -15020.521484
1430    -15020.653320
1431    -15020.785156
1432    -15020.916992
1433    -15021.048828
