Step            Loss
--------------------
1        -681.726746
2        -710.147827
3        -738.576416
4        -767.012329
5        -795.455750
6        -823.906982
7        -852.366577
8        -880.835327
9        -909.313965
10       -937.802979
11       -966.303345
12       -994.815735
13      -1023.340820
14      -1051.879639
15      -1080.432739
16      -1109.001221
17      -1137.585938
18      -1166.187622
19      -1194.807373
20      -1223.446167
21      -1252.104736
22      -1280.784424
23      -1309.485840
24      -1338.210449
25      -1366.958984
26      -1395.732666
27      -1424.532227
28      -1453.359253
29      -1482.214355
30      -1511.098877
31      -1540.013672
32      -1568.959961
33      -1597.938965
34      -1626.951416
35      -1655.998779
36      -1685.082153
37      -1714.202148
38      -1743.360229
39      -1772.557251
40      -1801.794556
41      -1831.072876
42      -1860.393555
43      -1889.757080
44      -1919.165039
45      -1948.617920
46      -1978.117188
47      -2007.663330
48      -2037.257324
49      -2066.900391
50      -2096.593018
51      -2126.336182
52      -2156.130859
53      -2185.978027
54      -2215.877930
55      -2245.831543
56      -2275.840088
57      -2305.903809
58      -2336.023438
59      -2366.199707
60      -2396.433594
61      -2426.725098
62      -2457.075684
63      -2487.485352
64      -2517.954834
65      -2548.484619
66      -2579.075439
67      -2609.727539
68      -2640.441895
69      -2671.218750
70      -2702.058105
71      -2732.960938
72      -2763.927246
73      -2794.958008
74      -2826.053223
75      -2857.213379
76      -2888.438721
77      -2919.729736
78      -2951.086182
79      -2982.509033
80      -3013.998047
81      -3045.554199
82      -3077.176758
83      -3108.866699
84      -3140.624023
85      -3172.448730
86      -3204.340820
87      -3236.300781
88      -3268.328613
89      -3300.424805
90      -3332.588379
91      -3364.820312
92      -3397.120605
93      -3429.488770
94      -3461.925293
95      -3494.429688
96      -3527.002441
97      -3559.643066
98      -3592.351807
99      -3625.128418
100     -3657.972656
101     -3690.884521
102     -3723.864014
103     -3756.910645
104     -3790.024414
105     -3823.205078
106     -3856.452393
107     -3889.766357
108     -3923.146240
109     -3956.591797
110     -3990.103027
111     -4023.679199
112     -4057.320801
113     -4091.026855
114     -4124.796387
115     -4158.629883
116     -4192.526855
117     -4226.486328
118     -4260.508301
119     -4294.591797
120     -4328.737305
121     -4362.943359
122     -4397.209473
123     -4431.536133
124     -4465.921387
125     -4500.365234
126     -4534.867676
127     -4569.427246
128     -4604.043945
129     -4638.716309
130     -4673.444336
131     -4708.227051
132     -4743.063965
133     -4777.954590
134     -4812.897949
135     -4847.892578
136     -4882.939453
137     -4918.036621
138     -4953.183105
139     -4988.378418
140     -5023.622559
141     -5058.913086
142     -5094.250977
143     -5129.634766
144     -5165.062500
145     -5200.535156
146     -5236.049805
147     -5271.608398
148     -5307.207031
149     -5342.846680
150     -5378.526367
151     -5414.244141
152     -5450.000000
153     -5485.791992
154     -5521.621094
155     -5557.484375
156     -5593.381836
157     -5629.312500
158     -5665.275879
159     -5701.269531
160     -5737.293945
161     -5773.347168
162     -5809.428711
163     -5845.538086
164     -5881.672852
165     -5917.833008
166     -5954.017578
167     -5990.211426
168     -6026.417969
169     -6062.646484
170     -6098.894043
171     -6135.161133
172     -6171.445801
173     -6207.747559
174     -6244.065430
175     -6280.397949
176     -6316.745117
177     -6353.103516
178     -6389.475098
179     -6425.856445
180     -6462.248047
181     -6498.647949
182     -6535.054688
183     -6571.468750
184     -6607.887695
185     -6644.311523
186     -6680.738281
187     -6717.166992
188     -6753.597656
189     -6790.028320
190     -6826.458008
191     -6862.885742
192     -6899.310547
193     -6935.730469
194     -6972.145508
195     -7008.555176
196     -7044.957031
197     -7081.350586
198     -7117.735352
199     -7154.108398
200     -7190.471680
201     -7226.821289
202     -7263.158203
203     -7299.460938
204     -7335.746582
205     -7372.007324
206     -7408.248535
207     -7444.471191
208     -7480.671875
209     -7516.851074
210     -7553.009277
211     -7589.144531
212     -7625.256348
213     -7661.342773
214     -7697.404297
215     -7733.394043
216     -7769.353516
217     -7805.284668
218     -7841.186035
219     -7877.057617
220     -7912.896484
221     -7948.703613
222     -7984.476562
223     -8020.216309
224     -8055.920898
225     -8091.587891
226     -8127.218262
227     -8162.796387
228     -8198.331055
229     -8233.826172
230     -8269.281250
231     -8304.693359
232     -8340.064453
233     -8375.388672
234     -8410.664062
235     -8445.894531
236     -8481.077148
237     -8516.212891
238     -8551.286133
239     -8586.285156
240     -8621.212891
241     -8656.090820
242     -8690.916016
243     -8725.691406
244     -8760.413086
245     -8795.081055
246     -8829.695312
247     -8864.253906
248     -8898.757812
249     -8933.205078
250     -8967.593750
251     -9001.925781
252     -9036.194336
253     -9070.399414
254     -9104.542969
255     -9138.626953
256     -9172.646484
257     -9206.600586
258     -9240.484375
259     -9274.305664
260     -9308.061523
261     -9341.752930
262     -9375.378906
263     -9408.939453
264     -9442.431641
265     -9475.855469
266     -9509.206055
267     -9542.487305
268     -9575.683594
269     -9608.808594
270     -9641.863281
271     -9674.847656
272     -9707.760742
273     -9740.603516
274     -9773.373047
275     -9806.068359
276     -9838.693359
277     -9871.242188
278     -9903.701172
279     -9936.082031
280     -9968.358398
281     -10000.558594
282     -10032.683594
283     -10064.732422
284     -10096.703125
285     -10128.560547
286     -10160.337891
287     -10192.037109
288     -10223.657227
289     -10255.162109
290     -10286.579102
291     -10317.916016
292     -10349.172852
293     -10380.349609
294     -10411.437500
295     -10442.416992
296     -10473.314453
297     -10504.104492
298     -10534.809570
299     -10565.431641
300     -10595.970703
301     -10626.427734
302     -10656.744141
303     -10686.960938
304     -10717.091797
305     -10747.101562
306     -10777.009766
307     -10806.821289
308     -10836.515625
309     -10866.118164
310     -10895.629883
311     -10925.057617
312     -10954.399414
313     -10983.626953
314     -11012.748047
315     -11041.739258
316     -11070.611328
317     -11099.390625
318     -11128.082031
319     -11156.662109
320     -11185.140625
321     -11213.533203
322     -11241.833984
323     -11270.031250
324     -11298.136719
325     -11326.109375
326     -11353.957031
327     -11381.709961
328     -11409.339844
329     -11436.874023
330     -11464.309570
331     -11491.638672
332     -11518.867188
333     -11546.001953
334     -11573.013672
335     -11599.908203
336     -11626.705078
337     -11653.398438
338     -11679.972656
339     -11706.435547
340     -11732.812500
341     -11759.097656
342     -11785.271484
343     -11811.332031
344     -11837.269531
345     -11863.097656
346     -11888.775391
347     -11914.287109
348     -11939.679688
349     -11964.951172
350     -11990.112305
351     -12015.175781
352     -12040.144531
353     -12065.005859
354     -12089.687500
355     -12114.268555
356     -12138.765625
357     -12163.168945
358     -12187.462891
359     -12211.671875
360     -12235.794922
361     -12259.832031
362     -12283.785156
363     -12307.656250
364     -12331.438477
365     -12355.097656
366     -12378.658203
367     -12402.100586
368     -12425.455078
369     -12448.714844
370     -12471.880859
371     -12494.929688
372     -12517.879883
373     -12540.701172
374     -12563.415039
375     -12585.984375
376     -12608.452148
377     -12630.828125
378     -12653.119141
379     -12675.301758
380     -12697.391602
381     -12719.401367
382     -12741.303711
383     -12763.099609
384     -12784.746094
385     -12806.269531
386     -12827.669922
387     -12848.984375
388     -12870.158203
389     -12891.221680
390     -12912.192383
391     -12933.067383
392     -12953.831055
393     -12974.515625
394     -12995.123047
395     -13015.638672
396     -13036.063477
397     -13056.398438
398     -13076.629883
399     -13096.754883
400     -13116.779297
401     -13136.701172
402     -13156.534180
403     -13176.263672
404     -13195.878906
405     -13215.380859
406     -13234.763672
407     -13254.039062
408     -13273.173828
409     -13292.184570
410     -13311.089844
411     -13329.891602
412     -13348.532227
413     -13366.986328
414     -13385.306641
415     -13403.486328
416     -13421.568359
417     -13439.550781
418     -13457.427734
419     -13475.208008
420     -13492.897461
421     -13510.458984
422     -13527.878906
423     -13545.200195
424     -13562.445312
425     -13579.603516
426     -13596.658203
427     -13613.568359
428     -13630.348633
429     -13646.968750
430     -13663.483398
431     -13679.898438
432     -13696.155273
433     -13712.269531
434     -13728.287109
435     -13744.228516
436     -13760.054688
437     -13775.791992
438     -13791.451172
439     -13806.972656
440     -13822.417969
441     -13837.757812
442     -13853.005859
443     -13868.174805
444     -13883.211914
445     -13898.115234
446     -13912.869141
447     -13927.469727
448     -13941.998047
449     -13956.468750
450     -13970.880859
451     -13985.238281
452     -13999.539062
453     -14013.772461
454     -14027.921875
455     -14042.009766
456     -14056.017578
457     -14069.933594
458     -14083.741211
459     -14097.475586
460     -14111.112305
461     -14124.690430
462     -14138.168945
463     -14151.540039
464     -14164.833984
465     -14178.071289
466     -14191.225586
467     -14204.302734
468     -14217.294922
469     -14230.163086
470     -14242.906250
471     -14255.525391
472     -14268.064453
473     -14280.501953
474     -14292.827148
475     -14305.048828
476     -14317.207031
477     -14329.286133
478     -14341.310547
479     -14353.269531
480     -14365.132812
481     -14376.906250
482     -14388.576172
483     -14400.173828
484     -14411.698242
485     -14423.092773
486     -14434.392578
487     -14445.608398
488     -14456.764648
489     -14467.831055
490     -14478.810547
491     -14489.732422
492     -14500.609375
493     -14511.409180
494     -14522.082031
495     -14532.680664
496     -14543.224609
497     -14553.712891
498     -14564.142578
499     -14574.451172
500     -14584.654297
501     -14594.807617
502     -14604.879883
503     -14614.881836
504     -14624.821289
505     -14634.720703
506     -14644.552734
507     -14654.255859
508     -14663.848633
509     -14673.374023
510     -14682.816406
511     -14692.187500
512     -14701.454102
513     -14710.597656
514     -14719.635742
515     -14728.624023
516     -14737.533203
517     -14746.361328
518     -14755.119141
519     -14763.779297
520     -14772.382812
521     -14780.931641
522     -14789.408203
523     -14797.833984
524     -14806.220703
525     -14814.560547
526     -14822.853516
527     -14831.096680
528     -14839.308594
529     -14847.445312
530     -14855.492188
531     -14863.486328
532     -14871.422852
533     -14879.288086
534     -14887.076172
535     -14894.813477
536     -14902.473633
537     -14910.074219
538     -14917.601562
539     -14925.091797
540     -14932.542969
541     -14939.939453
542     -14947.277344
543     -14954.542969
544     -14961.717773
545     -14968.821289
546     -14975.844727
547     -14982.832031
548     -14989.761719
549     -14996.627930
550     -15003.431641
551     -15010.205078
552     -15016.897461
553     -15023.501953
554     -15030.037109
555     -15036.530273
556     -15042.963867
557     -15049.332031
558     -15055.662109
559     -15061.951172
560     -15068.192383
561     -15074.410156
562     -15080.605469
563     -15086.734375
564     -15092.792969
565     -15098.817383
566     -15104.754883
567     -15110.587891
568     -15116.389648
569     -15122.127930
570     -15127.837891
571     -15133.510742
572     -15139.164062
573     -15144.786133
574     -15150.370117
575     -15155.907227
576     -15161.417969
577     -15166.894531
578     -15172.334961
579     -15177.730469
580     -15183.080078
581     -15188.362305
582     -15193.554688
583     -15198.716797
584     -15203.837891
585     -15208.881836
586     -15213.842773
587     -15218.753906
588     -15223.597656
589     -15228.414062
590     -15233.192383
591     -15237.926758
592     -15242.613281
593     -15247.271484
594     -15251.861328
595     -15256.392578
596     -15260.869141
597     -15265.324219
598     -15269.718750
599     -15274.050781
600     -15278.335938
601     -15282.581055
602     -15286.794922
603     -15290.964844
604     -15295.101562
605     -15299.187500
606     -15303.238281
607     -15307.240234
608     -15311.186523
609     -15315.103516
610     -15319.004883
611     -15322.883789
612     -15326.742188
613     -15330.579102
614     -15334.393555
615     -15338.183594
616     -15341.915039
617     -15345.570312
618     -15349.198242
619     -15352.809570
620     -15356.396484
621     -15359.966797
622     -15363.500000
623     -15367.004883
624     -15370.487305
625     -15373.958008
626     -15377.412109
627     -15380.837891
628     -15384.206055
629     -15387.520508
630     -15390.808594
631     -15394.064453
632     -15397.305664
633     -15400.513672
634     -15403.702148
635     -15406.853516
636     -15409.976562
637     -15413.070312
638     -15416.154297
639     -15419.214844
640     -15422.256836
641     -15425.263672
642     -15428.234375
643     -15431.171875
644     -15434.083008
645     -15436.972656
646     -15439.839844
647     -15442.691406
648     -15445.527344
649     -15448.353516
650     -15451.162109
651     -15453.898438
652     -15456.589844
653     -15459.232422
654     -15461.866211
655     -15464.463867
656     -15467.032227
657     -15469.569336
658     -15472.063477
659     -15474.524414
660     -15476.970703
661     -15479.394531
662     -15481.783203
663     -15484.155273
664     -15486.515625
665     -15488.844727
666     -15491.166992
667     -15493.484375
668     -15495.794922
669     -15498.079102
670     -15500.338867
671     -15502.584961
672     -15504.824219
673     -15507.052734
674     -15509.250977
675     -15511.410156
676     -15513.542969
677     -15515.656250
678     -15517.765625
679     -15519.861328
680     -15521.947266
681     -15524.026367
682     -15526.099609
683     -15528.159180
684     -15530.181641
685     -15532.175781
686     -15534.145508
687     -15536.106445
688     -15538.058594
689     -15539.999023
690     -15541.918945
691     -15543.833984
692     -15545.718750
693     -15547.578125
694     -15549.410156
695     -15551.214844
696     -15553.009766
697     -15554.781250
698     -15556.538086
699     -15558.289062
700     -15560.019531
701     -15561.734375
702     -15563.447266
703     -15565.146484
704     -15566.814453
705     -15568.446289
706     -15570.072266
707     -15571.686523
708     -15573.289062
709     -15574.869141
710     -15576.424805
711     -15577.960938
712     -15579.489258
713     -15581.009766
714     -15582.521484
715     -15584.032227
716     -15585.537109
717     -15587.033203
718     -15588.499023
719     -15589.947266
720     -15591.380859
721     -15592.790039
722     -15594.175781
723     -15595.544922
724     -15596.885742
725     -15598.210938
726     -15599.535156
727     -15600.845703
728     -15602.154297
729     -15603.458008
730     -15604.741211
731     -15606.019531
732     -15607.292969
733     -15608.566406
734     -15609.832031
735     -15611.093750
736     -15612.351562
737     -15613.601562
738     -15614.843750
739     -15616.062500
740     -15617.274414
741     -15618.486328
742     -15619.689453
743     -15620.886719
744     -15622.074219
745     -15623.251953
746     -15624.418945
747     -15625.585938
748     -15626.744141
749     -15627.891602
750     -15629.035156
751     -15630.176758
752     -15631.314453
753     -15632.445312
754     -15633.563477
755     -15634.677734
756     -15635.791016
757     -15636.895508
758     -15637.992188
759     -15639.085938
760     -15640.166016
761     -15641.241211
762     -15642.314453
763     -15643.386719
764     -15644.453125
765     -15645.519531
766     -15646.574219
767     -15647.616211
768     -15648.656250
769     -15649.697266
770     -15650.734375
771     -15651.768555
772     -15652.798828
773     -15653.827148
774     -15654.842773
775     -15655.857422
776     -15656.868164
777     -15657.871094
778     -15658.869141
779     -15659.857422
780     -15660.844727
781     -15661.826172
782     -15662.798828
783     -15663.772461
784     -15664.744141
785     -15665.714844
786     -15666.681641
787     -15667.638672
788     -15668.593750
789     -15669.545898
790     -15670.489258
791     -15671.430664
