1_data_1000
method                    1e-1            1e-2            1e-3            1e-4            1e-5            1e-6
2_neal            -1.98801e+04    -1.98801e+04    -1.98801e+04    -1.98801e+04    -1.98801e+04    -1.98801e+04
3_PyTorch         -1.95241e+04    -1.95467e+04    -1.96442e+04    -1.96807e+04    -1.96844e+04    -1.96903e+04
4_PyTorch         -1.94891e+04    -1.95252e+04    -1.96407e+04    -1.96855e+04    -1.96855e+04    -1.97114e+04
5_JAX             -1.88791e+04    -1.92221e+04    -1.94725e+04    -1.95910e+04    -1.96544e+04    -1.96693e+04
6_SciPy           -1.82733e+04    -1.89443e+04    -1.93935e+04    -1.96176e+04    -1.96940e+04    -1.97302e+04

2_data_6000
method                    1e-1            1e-2            1e-3            1e-4            1e-5            1e-6
2_neal            -2.83160e+05    -2.83160e+05    -2.83160e+05    -2.83160e+05    -2.83160e+05    -2.83160e+05
3_PyTorch         -2.77255e+05    -2.77802e+05    -2.79226e+05    -2.80585e+05    -2.80921e+05    -2.80978e+05
4_PyTorch         -2.77267e+05    -2.77755e+05    -2.79388e+05    -2.80553e+05    -2.80868e+05    -2.81030e+05
5_JAX             -2.67506e+05    -2.72372e+05    -2.76231e+05    -2.79126e+05    -2.80303e+05    -2.80571e+05
6_SciPy           -2.36933e+05    -2.69659e+05    -2.75293e+05    -2.77787e+05    -2.79327e+05    -2.80293e+05

3_data_25000
method                    1e-1            1e-2            1e-3            1e-4            1e-5            1e-6
3_PyTorch         -2.35282e+06    -2.35748e+06    -2.37328e+06    -2.38420e+06    -2.38868e+06    -2.39016e+06
4_PyTorch         -2.35268e+06    -2.35737e+06    -2.37281e+06    -2.38489e+06    -2.38837e+06    -2.39123e+06
5_JAX             -2.26683e+06    -2.31224e+06    -2.34349e+06    -2.37100e+06    -2.38311e+06    -2.38797e+06
6_SciPy           -1.87493e+06    -2.29020e+06    -2.33842e+06    -2.36393e+06    -2.37160e+06    -2.38001e+06

4_data_45000
method                    1e-1            1e-2            1e-3            1e-4            1e-5            1e-6
4_PyTorch         -5.68197e+06    -5.69236e+06    -5.72989e+06    -5.75705e+06    -5.76961e+06    -5.77395e+06

