Step            Loss
--------------------
1         313.230713
2         -93.347809
3        -502.484467
4        -909.083252
5       -1316.651001
6       -1723.641357
7       -2131.217773
8       -2538.341309
9       -2944.375732
10      -3351.422852
11      -3759.004395
12      -4166.254395
13      -4572.961914
14      -4980.089355
15      -5388.046387
16      -5794.609375
17      -6201.239746
18      -6608.416992
19      -7015.569336
20      -7423.277832
21      -7830.260742
22      -8237.390625
23      -8645.308594
24      -9053.124023
25      -9461.388672
26      -9869.033203
27      -10277.565430
28      -10685.531250
29      -11094.685547
30      -11502.779297
31      -11912.393555
32      -12320.973633
33      -12732.082031
34      -13141.642578
35      -13551.748047
36      -13962.230469
37      -14374.208984
38      -14784.800781
39      -15196.117188
40      -15609.093750
41      -16022.043945
42      -16434.425781
43      -16848.285156
44      -17261.738281
45      -17676.246094
46      -18091.894531
47      -18507.183594
48      -18923.144531
49      -19339.546875
50      -19756.757812
51      -20174.423828
52      -20592.789062
53      -21011.769531
54      -21430.914062
55      -21851.099609
56      -22271.339844
57      -22693.972656
58      -23116.154297
59      -23538.355469
60      -23961.863281
61      -24386.123047
62      -24811.744141
63      -25236.914062
64      -25663.244141
65      -26090.417969
66      -26518.613281
67      -26946.826172
68      -27377.830078
69      -27807.058594
70      -28238.246094
71      -28670.019531
72      -29102.890625
73      -29537.039062
74      -29971.380859
75      -30405.689453
76      -30842.447266
77      -31279.019531
78      -31717.308594
79      -32156.558594
80      -32595.519531
81      -33036.648438
82      -33477.863281
83      -33919.515625
84      -34362.050781
85      -34806.546875
86      -35251.812500
87      -35696.875000
88      -36143.714844
89      -36592.078125
90      -37039.859375
91      -37489.339844
92      -37940.652344
93      -38390.414062
94      -38842.250000
95      -39296.597656
96      -39749.914062
97      -40205.246094
98      -40660.726562
99      -41117.289062
100     -41574.691406
101     -42033.449219
102     -42492.679688
103     -42952.882812
104     -43414.503906
105     -43876.773438
106     -44340.480469
107     -44804.363281
108     -45268.289062
109     -45734.593750
110     -46201.632812
111     -46668.898438
112     -47136.667969
113     -47606.859375
114     -48076.664062
115     -48547.343750
116     -49018.890625
117     -49491.445312
118     -49964.707031
119     -50440.023438
120     -50914.933594
121     -51390.664062
122     -51868.375000
123     -52345.425781
124     -52824.363281
125     -53302.750000
126     -53783.992188
127     -54262.859375
128     -54745.886719
129     -55228.023438
130     -55712.500000
131     -56195.199219
132     -56680.375000
133     -57165.375000
134     -57651.378906
135     -58139.093750
136     -58626.683594
137     -59115.125000
138     -59603.734375
139     -60092.691406
140     -60583.515625
141     -61074.156250
142     -61565.210938
143     -62058.371094
144     -62551.210938
145     -63046.160156
146     -63537.921875
147     -64033.621094
148     -64528.453125
149     -65024.152344
150     -65520.523438
151     -66017.640625
152     -66515.937500
153     -67012.773438
154     -67510.968750
155     -68010.734375
156     -68510.179688
157     -69009.640625
158     -69509.992188
159     -70010.765625
160     -70511.757812
161     -71013.656250
162     -71515.406250
163     -72016.953125
164     -72520.546875
165     -73023.226562
166     -73527.960938
167     -74030.632812
168     -74534.234375
169     -75038.507812
170     -75545.250000
171     -76048.531250
172     -76554.031250
173     -77058.890625
174     -77565.937500
175     -78070.976562
176     -78577.500000
177     -79083.101562
178     -79591.304688
179     -80096.546875
180     -80603.187500
181     -81109.843750
182     -81616.109375
183     -82124.093750
184     -82631.656250
185     -83137.390625
186     -83644.250000
187     -84151.640625
188     -84658.828125
189     -85166.664062
190     -85673.320312
191     -86180.789062
192     -86686.281250
193     -87194.812500
194     -87702.250000
195     -88208.250000
196     -88714.593750
197     -89222.390625
198     -89728.484375
199     -90235.734375
200     -90740.625000
201     -91246.843750
202     -91753.351562
203     -92258.812500
204     -92764.906250
205     -93270.531250
206     -93774.703125
207     -94279.750000
208     -94783.875000
209     -95287.406250
210     -95791.468750
211     -96294.562500
212     -96798.109375
213     -97300.054688
214     -97801.015625
215     -98304.203125
216     -98806.171875
217     -99306.921875
218     -99807.984375
219     -100309.531250
220     -100809.328125
221     -101308.515625
222     -101807.359375
223     -102305.296875
224     -102803.632812
225     -103300.687500
226     -103797.328125
227     -104294.570312
228     -104790.609375
229     -105285.250000
230     -105780.976562
231     -106274.500000
232     -106766.437500
233     -107260.296875
234     -107751.781250
235     -108243.218750
236     -108734.148438
237     -109225.171875
238     -109714.281250
239     -110203.671875
240     -110692.203125
241     -111179.156250
242     -111664.671875
243     -112151.023438
244     -112635.843750
245     -113119.679688
246     -113604.234375
247     -114086.546875
248     -114568.578125
249     -115049.375000
250     -115529.937500
251     -116008.523438
252     -116487.234375
253     -116964.359375
254     -117441.781250
255     -117917.718750
256     -118392.078125
257     -118866.617188
258     -119339.898438
259     -119811.062500
260     -120283.164062
261     -120753.289062
262     -121223.218750
263     -121691.617188
264     -122158.039062
265     -122623.945312
266     -123089.820312
267     -123554.843750
268     -124017.718750
269     -124481.953125
270     -124941.023438
271     -125400.320312
272     -125860.359375
273     -126319.140625
274     -126776.226562
275     -127231.812500
276     -127685.968750
277     -128140.093750
278     -128591.265625
279     -129043.914062
280     -129494.984375
281     -129942.835938
282     -130392.257812
283     -130838.671875
284     -131284.078125
285     -131729.109375
286     -132172.046875
287     -132615.250000
288     -133057.375000
289     -133495.375000
290     -133934.578125
291     -134371.187500
292     -134808.437500
293     -135244.437500
294     -135677.375000
295     -136110.453125
296     -136541.968750
297     -136972.343750
298     -137401.125000
299     -137828.531250
300     -138256.031250
301     -138679.953125
302     -139103.812500
303     -139527.187500
304     -139947.437500
305     -140366.812500
306     -140787.078125
307     -141202.578125
308     -141617.531250
309     -142033.187500
310     -142445.187500
311     -142857.906250
312     -143268.921875
313     -143676.843750
314     -144085.656250
315     -144493.281250
316     -144896.656250
317     -145300.093750
318     -145701.250000
319     -146103.031250
320     -146503.312500
321     -146899.906250
322     -147296.656250
323     -147691.656250
324     -148085.843750
325     -148476.984375
326     -148868.843750
327     -149256.031250
328     -149645.375000
329     -150032.031250
330     -150417.921875
331     -150802.328125
332     -151183.593750
333     -151564.656250
334     -151944.500000
335     -152322.500000
336     -152698.312500
337     -153075.515625
338     -153448.625000
339     -153821.187500
340     -154192.843750
341     -154562.562500
342     -154930.312500
343     -155295.812500
344     -155662.312500
345     -156026.437500
346     -156388.109375
347     -156748.156250
348     -157107.406250
349     -157465.000000
350     -157821.453125
351     -158174.750000
352     -158528.281250
353     -158880.968750
354     -159232.000000
355     -159580.046875
356     -159926.625000
357     -160271.546875
358     -160617.125000
359     -160958.875000
360     -161300.453125
361     -161640.515625
362     -161977.062500
363     -162314.625000
364     -162649.812500
365     -162984.343750
366     -163316.250000
367     -163647.203125
368     -163977.203125
369     -164302.875000
370     -164629.718750
371     -164955.046875
372     -165277.937500
373     -165598.593750
374     -165919.328125
375     -166237.968750
376     -166556.343750
377     -166870.343750
378     -167185.875000
379     -167497.468750
380     -167807.781250
381     -168117.750000
382     -168426.250000
383     -168734.609375
384     -169039.437500
385     -169343.734375
386     -169646.546875
387     -169947.000000
388     -170247.406250
389     -170544.984375
390     -170841.031250
391     -171135.921875
392     -171431.093750
393     -171723.093750
394     -172015.187500
395     -172303.750000
396     -172591.281250
397     -172878.468750
398     -173164.531250
399     -173448.375000
400     -173730.031250
401     -174010.812500
402     -174290.406250
403     -174567.187500
404     -174842.687500
405     -175117.968750
406     -175389.296875
407     -175660.406250
408     -175930.312500
409     -176198.593750
410     -176464.968750
411     -176732.031250
412     -176995.062500
413     -177256.578125
414     -177518.250000
415     -177778.000000
416     -178035.093750
417     -178292.312500
418     -178547.812500
419     -178801.000000
420     -179051.875000
421     -179303.796875
422     -179550.406250
423     -179799.968750
424     -180045.921875
425     -180290.687500
426     -180534.062500
427     -180773.953125
428     -181014.218750
429     -181253.812500
430     -181490.937500
431     -181728.843750
432     -181962.531250
433     -182195.218750
434     -182426.390625
435     -182656.000000
436     -182884.343750
437     -183112.593750
438     -183339.468750
439     -183562.343750
440     -183786.890625
441     -184007.812500
442     -184230.468750
443     -184448.812500
444     -184665.937500
445     -184882.781250
446     -185099.218750
447     -185312.093750
448     -185524.296875
449     -185735.750000
450     -185946.203125
451     -186154.171875
452     -186362.812500
453     -186568.468750
454     -186772.234375
455     -186974.921875
456     -187176.078125
457     -187375.218750
458     -187574.343750
459     -187771.531250
460     -187967.437500
461     -188160.921875
462     -188355.218750
463     -188547.500000
464     -188737.562500
465     -188926.109375
466     -189113.187500
467     -189299.343750
468     -189485.062500
469     -189668.234375
470     -189850.593750
471     -190030.500000
472     -190210.562500
473     -190388.500000
474     -190565.250000
475     -190741.718750
476     -190917.531250
477     -191091.125000
478     -191262.953125
479     -191433.687500
480     -191604.546875
481     -191771.843750
482     -191938.656250
483     -192105.343750
484     -192270.343750
485     -192434.437500
486     -192597.484375
487     -192758.328125
488     -192917.312500
489     -193077.656250
490     -193234.421875
491     -193391.343750
492     -193546.671875
493     -193701.250000
494     -193854.531250
495     -194006.046875
496     -194157.031250
497     -194306.171875
498     -194454.500000
499     -194601.718750
500     -194747.500000
501     -194892.375000
502     -195036.890625
503     -195179.406250
504     -195320.031250
505     -195459.015625
506     -195598.984375
507     -195736.109375
508     -195872.046875
509     -196008.031250
510     -196142.656250
511     -196276.390625
512     -196407.875000
513     -196539.281250
514     -196668.953125
515     -196797.562500
516     -196926.234375
517     -197052.906250
518     -197178.578125
519     -197305.906250
520     -197429.765625
521     -197552.656250
522     -197675.781250
523     -197796.843750
524     -197918.828125
525     -198038.203125
526     -198156.765625
527     -198273.984375
528     -198391.750000
529     -198507.390625
530     -198621.937500
531     -198736.312500
532     -198848.406250
533     -198961.375000
534     -199074.015625
535     -199184.468750
536     -199294.937500
537     -199403.531250
538     -199511.687500
539     -199618.937500
540     -199725.937500
541     -199830.812500
542     -199935.250000
543     -200038.937500
544     -200141.750000
545     -200243.312500
546     -200343.968750
547     -200443.437500
548     -200542.296875
549     -200639.781250
550     -200736.765625
551     -200833.781250
552     -200929.312500
553     -201024.218750
554     -201117.625000
555     -201210.468750
556     -201302.281250
557     -201394.750000
558     -201485.250000
559     -201574.437500
560     -201663.562500
561     -201751.484375
562     -201838.859375
563     -201926.468750
564     -202012.984375
565     -202096.578125
566     -202181.296875
567     -202265.234375
568     -202349.093750
569     -202431.359375
570     -202513.125000
571     -202594.250000
572     -202673.500000
573     -202754.796875
574     -202832.906250
575     -202911.343750
576     -202989.687500
577     -203065.453125
578     -203141.562500
579     -203218.046875
580     -203292.343750
581     -203367.078125
582     -203440.703125
583     -203512.328125
584     -203584.593750
585     -203656.328125
586     -203726.203125
587     -203796.062500
588     -203865.062500
589     -203933.765625
590     -204001.062500
591     -204068.328125
592     -204134.187500
593     -204199.406250
594     -204265.531250
595     -204329.828125
596     -204393.750000
597     -204457.781250
598     -204519.140625
599     -204581.500000
600     -204642.687500
601     -204702.843750
602     -204762.546875
603     -204822.421875
604     -204881.156250
605     -204939.125000
606     -204998.062500
607     -205054.187500
608     -205110.062500
609     -205166.468750
610     -205221.703125
611     -205276.875000
612     -205330.875000
613     -205384.531250
614     -205438.437500
615     -205491.718750
616     -205544.156250
617     -205596.546875
618     -205648.203125
619     -205699.906250
620     -205750.250000
621     -205800.000000
622     -205850.375000
623     -205898.781250
624     -205947.906250
625     -205995.812500
626     -206044.843750
627     -206092.265625
628     -206139.656250
629     -206186.500000
630     -206232.500000
631     -206279.250000
632     -206324.343750
633     -206369.062500
634     -206413.578125
635     -206457.359375
636     -206500.734375
637     -206544.000000
638     -206586.468750
639     -206628.515625
640     -206670.703125
641     -206711.515625
642     -206752.734375
643     -206793.406250
644     -206833.031250
645     -206872.640625
646     -206911.406250
647     -206950.218750
648     -206989.218750
649     -207026.750000
650     -207064.531250
651     -207101.968750
652     -207139.000000
653     -207175.140625
654     -207211.718750
655     -207248.250000
656     -207283.437500
657     -207318.593750
658     -207353.343750
659     -207387.875000
660     -207422.187500
661     -207456.125000
662     -207489.859375
663     -207523.718750
664     -207556.437500
665     -207589.843750
666     -207622.281250
667     -207654.828125
668     -207687.046875
669     -207718.968750
670     -207750.109375
671     -207781.968750
672     -207813.218750
673     -207844.031250
674     -207874.796875
675     -207904.984375
676     -207935.343750
677     -207964.781250
678     -207994.062500
679     -208023.312500
680     -208052.078125
681     -208080.859375
682     -208108.875000
683     -208137.109375
684     -208165.046875
685     -208192.593750
686     -208220.000000
687     -208247.218750
688     -208274.125000
689     -208300.906250
690     -208326.812500
691     -208353.296875
692     -208378.875000
693     -208404.953125
694     -208429.687500
695     -208455.453125
696     -208480.453125
697     -208505.562500
698     -208530.000000
699     -208554.609375
700     -208579.187500
701     -208603.781250
702     -208627.312500
703     -208651.812500
704     -208675.328125
705     -208698.484375
706     -208721.531250
707     -208744.906250
708     -208767.656250
709     -208790.718750
710     -208812.609375
711     -208835.000000
712     -208856.968750
713     -208878.562500
714     -208900.468750
715     -208921.781250
716     -208943.218750
717     -208964.468750
718     -208985.265625
719     -209006.375000
720     -209026.781250
721     -209047.234375
722     -209067.187500
723     -209087.812500
724     -209107.687500
725     -209127.765625
726     -209147.406250
727     -209166.859375
728     -209186.437500
729     -209205.515625
730     -209224.328125
731     -209243.296875
732     -209262.125000
733     -209280.781250
734     -209299.218750
735     -209317.500000
736     -209335.375000
737     -209353.906250
738     -209371.578125
739     -209389.375000
740     -209407.109375
741     -209424.921875
742     -209442.000000
743     -209459.765625
744     -209477.062500
745     -209493.781250
746     -209510.812500
747     -209527.750000
748     -209544.203125
749     -209560.593750
750     -209577.203125
751     -209593.625000
752     -209609.812500
753     -209625.859375
754     -209641.953125
755     -209657.875000
756     -209673.968750
757     -209689.406250
758     -209705.218750
759     -209720.625000
760     -209736.359375
761     -209751.453125
762     -209766.562500
763     -209782.218750
764     -209797.187500
765     -209812.156250
766     -209827.000000
767     -209841.656250
768     -209855.796875
769     -209870.796875
770     -209884.953125
771     -209899.468750
772     -209913.640625
773     -209927.890625
774     -209942.093750
775     -209956.187500
776     -209969.968750
777     -209984.156250
778     -209997.921875
779     -210011.593750
780     -210025.375000
781     -210039.078125
782     -210052.500000
783     -210066.281250
784     -210079.562500
785     -210092.718750
786     -210106.281250
787     -210119.437500
788     -210132.609375
789     -210145.406250
790     -210158.484375
791     -210171.375000
792     -210184.171875
793     -210196.656250
794     -210209.750000
795     -210222.171875
796     -210234.656250
797     -210247.109375
798     -210259.718750
799     -210272.250000
800     -210284.703125
801     -210297.015625
802     -210309.296875
803     -210321.359375
804     -210333.718750
805     -210345.750000
806     -210357.531250
807     -210369.562500
808     -210381.375000
809     -210392.968750
810     -210404.968750
811     -210416.468750
812     -210427.562500
813     -210439.390625
814     -210450.625000
815     -210462.046875
816     -210473.187500
817     -210484.593750
818     -210495.546875
819     -210506.718750
820     -210517.359375
821     -210528.531250
822     -210539.468750
823     -210550.281250
824     -210561.171875
825     -210571.750000
826     -210582.656250
827     -210593.046875
828     -210603.656250
829     -210614.312500
830     -210624.625000
831     -210635.031250
832     -210645.531250
833     -210656.031250
834     -210666.234375
835     -210676.437500
836     -210686.609375
837     -210696.968750
838     -210707.312500
839     -210717.078125
840     -210726.906250
841     -210737.093750
842     -210746.843750
843     -210757.078125
844     -210766.750000
845     -210776.593750
846     -210786.484375
847     -210796.000000
848     -210805.906250
849     -210815.421875
850     -210825.000000
851     -210834.687500
852     -210844.703125
853     -210853.843750
854     -210863.156250
855     -210872.625000
856     -210881.859375
857     -210891.296875
858     -210900.328125
859     -210909.546875
860     -210918.656250
861     -210927.937500
862     -210936.781250
863     -210945.812500
864     -210954.875000
865     -210964.093750
866     -210973.062500
867     -210982.062500
868     -210991.093750
869     -210999.828125
870     -211008.906250
871     -211017.515625
872     -211026.437500
873     -211035.250000
874     -211044.000000
875     -211052.859375
876     -211061.578125
877     -211070.250000
878     -211078.515625
879     -211087.156250
880     -211095.906250
881     -211104.437500
882     -211112.937500
883     -211121.546875
884     -211129.890625
885     -211138.343750
886     -211146.515625
887     -211154.781250
888     -211163.156250
889     -211171.531250
890     -211179.781250
891     -211188.078125
892     -211196.031250
893     -211204.593750
894     -211212.687500
895     -211220.750000
896     -211228.796875
897     -211236.890625
898     -211245.093750
899     -211253.093750
900     -211261.250000
901     -211268.859375
902     -211276.968750
903     -211284.843750
904     -211292.750000
905     -211300.515625
906     -211308.328125
907     -211316.234375
908     -211324.156250
909     -211331.828125
910     -211339.281250
911     -211346.968750
912     -211354.562500
913     -211362.125000
914     -211369.687500
915     -211377.406250
916     -211384.687500
917     -211392.093750
918     -211399.453125
919     -211406.937500
920     -211413.984375
921     -211421.687500
922     -211428.687500
923     -211436.187500
924     -211443.421875
925     -211450.765625
926     -211457.765625
927     -211465.093750
928     -211472.343750
929     -211479.593750
930     -211486.937500
931     -211493.593750
932     -211500.718750
933     -211507.812500
934     -211514.531250
935     -211521.687500
936     -211528.437500
937     -211535.656250
938     -211542.437500
939     -211549.531250
940     -211556.078125
941     -211563.250000
942     -211570.093750
943     -211576.828125
944     -211583.625000
945     -211590.453125
946     -211597.078125
947     -211603.875000
948     -211610.812500
949     -211617.406250
950     -211624.187500
951     -211630.656250
952     -211637.437500
953     -211644.031250
954     -211650.781250
955     -211657.046875
956     -211663.640625
957     -211670.093750
958     -211676.750000
959     -211683.109375
960     -211689.500000
961     -211695.906250
962     -211702.500000
963     -211708.953125
964     -211715.187500
965     -211721.812500
966     -211727.906250
967     -211734.281250
968     -211740.312500
969     -211746.796875
970     -211752.968750
971     -211759.062500
972     -211765.187500
973     -211771.468750
974     -211777.687500
975     -211783.765625
976     -211790.093750
977     -211795.906250
978     -211802.015625
979     -211808.031250
980     -211814.109375
981     -211820.296875
982     -211826.093750
983     -211832.062500
984     -211837.906250
985     -211843.843750
986     -211849.718750
987     -211855.656250
988     -211861.656250
989     -211867.406250
990     -211873.218750
991     -211879.218750
992     -211884.859375
993     -211890.718750
994     -211896.468750
995     -211902.140625
996     -211907.765625
997     -211913.796875
998     -211919.218750
999     -211924.718750
1000    -211930.406250
1001    -211936.031250
1002    -211941.750000
1003    -211947.328125
1004    -211952.750000
1005    -211958.406250
1006    -211963.937500
1007    -211969.453125
1008    -211974.875000
1009    -211980.437500
1010    -211985.937500
1011    -211991.281250
1012    -211996.812500
1013    -212002.109375
1014    -212007.421875
1015    -212012.796875
1016    -212018.062500
1017    -212023.453125
1018    -212028.578125
1019    -212034.000000
1020    -212039.250000
1021    -212044.593750
1022    -212049.718750
1023    -212054.968750
1024    -212060.109375
1025    -212065.421875
1026    -212070.656250
1027    -212075.656250
1028    -212080.875000
1029    -212085.906250
1030    -212091.234375
1031    -212096.187500
1032    -212101.328125
1033    -212106.531250
1034    -212111.375000
1035    -212116.406250
1036    -212121.718750
1037    -212126.718750
1038    -212131.843750
1039    -212136.750000
1040    -212141.796875
1041    -212146.781250
1042    -212151.796875
1043    -212156.515625
1044    -212161.828125
1045    -212166.828125
1046    -212171.593750
1047    -212176.812500
1048    -212181.281250
1049    -212186.437500
1050    -212191.593750
1051    -212196.218750
1052    -212201.140625
1053    -212205.890625
1054    -212210.703125
1055    -212215.687500
1056    -212220.468750
1057    -212225.375000
1058    -212230.281250
1059    -212234.859375
1060    -212239.562500
1061    -212244.218750
1062    -212248.906250
1063    -212253.843750
1064    -212258.593750
1065    -212263.140625
1066    -212267.968750
1067    -212272.625000
1068    -212277.171875
1069    -212281.843750
1070    -212286.453125
1071    -212291.125000
1072    -212295.953125
1073    -212300.562500
1074    -212305.093750
1075    -212309.750000
1076    -212314.390625
1077    -212319.062500
1078    -212323.671875
1079    -212328.250000
1080    -212332.906250
1081    -212337.406250
1082    -212341.875000
1083    -212346.468750
1084    -212351.062500
1085    -212355.656250
1086    -212360.312500
1087    -212364.781250
1088    -212369.156250
1089    -212373.671875
1090    -212378.125000
1091    -212382.656250
1092    -212387.203125
1093    -212391.468750
1094    -212396.031250
1095    -212400.515625
1096    -212404.968750
1097    -212409.093750
1098    -212413.687500
1099    -212418.062500
1100    -212422.531250
1101    -212426.687500
1102    -212431.031250
1103    -212435.593750
1104    -212439.656250
1105    -212444.218750
1106    -212448.437500
1107    -212452.437500
1108    -212457.062500
1109    -212461.359375
1110    -212465.500000
1111    -212469.859375
1112    -212473.906250
1113    -212478.250000
1114    -212482.375000
1115    -212486.625000
1116    -212490.890625
1117    -212495.250000
1118    -212499.468750
1119    -212503.531250
1120    -212507.640625
1121    -212511.781250
1122    -212515.859375
1123    -212520.125000
1124    -212524.406250
1125    -212528.500000
1126    -212532.562500
1127    -212536.640625
1128    -212540.718750
1129    -212544.937500
1130    -212549.250000
1131    -212553.250000
1132    -212557.109375
1133    -212561.140625
1134    -212565.109375
1135    -212569.562500
1136    -212573.406250
1137    -212577.359375
1138    -212581.375000
1139    -212585.406250
1140    -212589.375000
1141    -212593.656250
1142    -212597.671875
1143    -212601.750000
1144    -212605.468750
1145    -212609.546875
1146    -212613.625000
1147    -212617.703125
1148    -212621.671875
1149    -212625.500000
1150    -212629.500000
1151    -212633.500000
1152    -212637.718750
1153    -212641.531250
1154    -212645.515625
1155    -212649.468750
1156    -212653.406250
1157    -212657.343750
1158    -212661.218750
1159    -212665.156250
1160    -212669.000000
1161    -212672.937500
1162    -212676.734375
1163    -212680.781250
1164    -212684.609375
1165    -212688.281250
1166    -212692.250000
1167    -212696.234375
1168    -212700.062500
1169    -212703.875000
1170    -212707.750000
1171    -212711.687500
1172    -212715.343750
1173    -212719.437500
1174    -212723.203125
1175    -212727.062500
1176    -212730.875000
1177    -212734.734375
1178    -212738.406250
1179    -212742.218750
1180    -212746.015625
1181    -212749.984375
1182    -212753.687500
1183    -212757.421875
1184    -212761.046875
1185    -212764.812500
1186    -212768.750000
1187    -212772.531250
1188    -212776.093750
1189    -212779.937500
1190    -212783.656250
1191    -212787.484375
1192    -212791.281250
1193    -212794.953125
1194    -212798.468750
1195    -212802.406250
1196    -212806.062500
1197    -212809.765625
1198    -212813.468750
1199    -212817.375000
1200    -212821.078125
1201    -212824.687500
1202    -212828.281250
1203    -212831.953125
1204    -212835.781250
1205    -212839.437500
1206    -212843.250000
1207    -212846.578125
1208    -212850.281250
1209    -212854.250000
1210    -212857.718750
1211    -212861.593750
1212    -212864.937500
1213    -212868.750000
1214    -212872.343750
1215    -212876.093750
1216    -212879.437500
1217    -212883.031250
1218    -212886.812500
1219    -212890.406250
1220    -212893.843750
1221    -212897.406250
1222    -212901.046875
1223    -212904.812500
1224    -212908.187500
1225    -212911.875000
1226    -212915.218750
1227    -212918.937500
1228    -212922.437500
1229    -212926.031250
1230    -212929.406250
1231    -212933.109375
1232    -212936.734375
1233    -212939.984375
1234    -212943.468750
1235    -212947.125000
1236    -212950.625000
1237    -212954.031250
1238    -212957.406250
1239    -212960.796875
1240    -212964.390625
1241    -212967.828125
1242    -212971.140625
1243    -212974.562500
1244    -212977.875000
1245    -212981.531250
1246    -212984.625000
1247    -212988.046875
1248    -212991.375000
1249    -212994.843750
1250    -212998.046875
1251    -213001.484375
1252    -213004.781250
1253    -213007.937500
1254    -213011.500000
1255    -213014.718750
1256    -213017.984375
1257    -213021.500000
1258    -213024.843750
1259    -213027.875000
1260    -213031.218750
1261    -213034.671875
1262    -213037.906250
1263    -213041.218750
1264    -213044.500000
1265    -213047.750000
1266    -213051.031250
1267    -213054.390625
1268    -213057.500000
1269    -213060.593750
1270    -213063.875000
1271    -213067.031250
1272    -213070.343750
1273    -213073.593750
1274    -213076.843750
1275    -213079.875000
1276    -213083.187500
1277    -213086.218750
1278    -213089.468750
1279    -213092.750000
1280    -213095.781250
1281    -213098.750000
1282    -213101.875000
1283    -213105.078125
1284    -213107.906250
1285    -213111.031250
1286    -213114.343750
1287    -213117.078125
1288    -213120.140625
1289    -213123.046875
1290    -213126.187500
1291    -213129.031250
1292    -213132.109375
1293    -213134.937500
1294    -213138.031250
1295    -213140.906250
1296    -213143.937500
1297    -213146.875000
1298    -213149.765625
1299    -213152.625000
1300    -213155.625000
1301    -213158.531250
1302    -213161.234375
1303    -213164.203125
1304    -213167.125000
1305    -213169.937500
1306    -213172.687500
1307    -213175.515625
1308    -213178.281250
1309    -213181.062500
1310    -213184.125000
1311    -213186.937500
1312    -213189.625000
1313    -213192.343750
1314    -213195.125000
1315    -213198.015625
1316    -213200.718750
1317    -213203.593750
1318    -213206.328125
1319    -213209.062500
1320    -213211.875000
1321    -213214.484375
1322    -213217.312500
1323    -213219.968750
1324    -213222.546875
1325    -213225.484375
1326    -213228.093750
1327    -213230.968750
1328    -213233.562500
1329    -213236.218750
1330    -213238.875000
1331    -213241.531250
1332    -213244.125000
1333    -213246.843750
1334    -213249.437500
1335    -213252.203125
1336    -213254.781250
1337    -213257.406250
1338    -213260.062500
1339    -213262.734375
1340    -213265.390625
1341    -213267.906250
1342    -213270.484375
1343    -213273.015625
1344    -213275.718750
1345    -213278.250000
1346    -213280.796875
1347    -213283.406250
1348    -213285.968750
1349    -213288.625000
1350    -213291.031250
1351    -213293.796875
1352    -213296.187500
1353    -213298.703125
1354    -213301.375000
1355    -213303.671875
1356    -213306.109375
1357    -213308.781250
1358    -213311.312500
1359    -213313.625000
1360    -213316.296875
1361    -213318.781250
1362    -213321.218750
1363    -213323.718750
1364    -213326.046875
1365    -213328.546875
1366    -213331.109375
1367    -213333.515625
1368    -213335.781250
1369    -213338.375000
1370    -213340.718750
1371    -213343.265625
1372    -213345.609375
1373    -213348.218750
1374    -213350.578125
1375    -213352.937500
1376    -213355.281250
1377    -213357.609375
1378    -213360.093750
1379    -213362.500000
1380    -213364.859375
1381    -213367.109375
1382    -213369.421875
1383    -213371.750000
1384    -213374.031250
1385    -213376.312500
1386    -213378.781250
1387    -213381.187500
1388    -213383.406250
1389    -213385.765625
1390    -213388.031250
1391    -213390.156250
1392    -213392.515625
1393    -213394.828125
1394    -213396.937500
1395    -213399.312500
1396    -213401.609375
1397    -213403.843750
1398    -213406.093750
1399    -213408.218750
1400    -213410.609375
1401    -213412.625000
1402    -213414.843750
1403    -213417.218750
1404    -213419.218750
1405    -213421.437500
1406    -213423.500000
1407    -213425.718750
1408    -213428.109375
1409    -213430.093750
1410    -213432.343750
1411    -213434.421875
1412    -213436.593750
1413    -213438.687500
1414    -213440.843750
1415    -213443.015625
1416    -213445.171875
1417    -213447.125000
1418    -213449.468750
1419    -213451.531250
1420    -213453.546875
1421    -213455.718750
1422    -213457.750000
1423    -213459.937500
1424    -213462.000000
1425    -213463.953125
1426    -213466.140625
1427    -213468.359375
1428    -213470.281250
1429    -213472.375000
1430    -213474.421875
1431    -213476.406250
1432    -213478.437500
1433    -213480.609375
1434    -213482.593750
1435    -213484.515625
1436    -213486.656250
1437    -213488.531250
1438    -213490.562500
1439    -213492.656250
1440    -213494.562500
1441    -213496.578125
1442    -213498.625000
1443    -213500.609375
1444    -213502.578125
1445    -213504.687500
1446    -213506.593750
1447    -213508.531250
1448    -213510.578125
1449    -213512.593750
1450    -213514.578125
1451    -213516.515625
1452    -213518.453125
1453    -213520.500000
1454    -213522.406250
1455    -213524.343750
1456    -213526.468750
1457    -213528.218750
1458    -213530.250000
1459    -213532.281250
1460    -213534.015625
1461    -213536.046875
1462    -213537.859375
1463    -213539.875000
1464    -213541.953125
1465    -213543.750000
1466    -213545.687500
1467    -213547.687500
1468    -213549.390625
1469    -213551.281250
1470    -213553.187500
1471    -213555.156250
1472    -213557.125000
1473    -213558.875000
1474    -213560.781250
1475    -213562.718750
1476    -213564.593750
1477    -213566.500000
1478    -213568.406250
1479    -213570.343750
1480    -213572.312500
1481    -213574.078125
1482    -213576.031250
1483    -213577.843750
1484    -213579.875000
1485    -213581.671875
1486    -213583.500000
1487    -213585.421875
