Step            Loss
--------------------
1         273.880127
2        -131.831757
3        -538.013733
4        -943.680298
5       -1350.222778
6       -1755.749023
7       -2161.417480
8       -2567.386719
9       -2972.702881
10      -3378.984375
11      -3784.519043
12      -4190.842773
13      -4596.339355
14      -5002.664551
15      -5407.935547
16      -5813.764160
17      -6219.182129
18      -6625.845215
19      -7032.083008
20      -7438.298828
21      -7844.390625
22      -8251.570312
23      -8658.035156
24      -9065.281250
25      -9472.323242
26      -9879.753906
27      -10287.026367
28      -10695.783203
29      -11102.990234
30      -11511.970703
31      -11920.297852
32      -12329.904297
33      -12738.300781
34      -13149.121094
35      -13558.237305
36      -13969.464844
37      -14379.697266
38      -14791.167969
39      -15203.890625
40      -15615.137695
41      -16028.131836
42      -16442.089844
43      -16855.015625
44      -17269.707031
45      -17683.580078
46      -18100.351562
47      -18515.796875
48      -18932.554688
49      -19349.232422
50      -19766.949219
51      -20185.187500
52      -20604.023438
53      -21023.847656
54      -21444.753906
55      -21865.060547
56      -22287.230469
57      -22709.156250
58      -23132.283203
59      -23556.443359
60      -23980.386719
61      -24406.246094
62      -24831.757812
63      -25259.367188
64      -25686.726562
65      -26115.503906
66      -26543.902344
67      -26973.857422
68      -27405.398438
69      -27836.798828
70      -28269.089844
71      -28701.726562
72      -29136.234375
73      -29571.394531
74      -30006.800781
75      -30444.148438
76      -30881.441406
77      -31320.283203
78      -31759.537109
79      -32200.492188
80      -32640.775391
81      -33082.542969
82      -33526.355469
83      -33969.718750
84      -34415.265625
85      -34860.500000
86      -35307.394531
87      -35755.464844
88      -36202.976562
89      -36652.226562
90      -37103.996094
91      -37553.953125
92      -38007.601562
93      -38459.832031
94      -38914.343750
95      -39369.250000
96      -39825.792969
97      -40281.617188
98      -40739.968750
99      -41199.007812
100     -41659.437500
101     -42120.406250
102     -42581.218750
103     -43043.949219
104     -43507.406250
105     -43971.757812
106     -44436.734375
107     -44903.218750
108     -45370.621094
109     -45838.101562
110     -46308.273438
111     -46778.250000
112     -47248.164062
113     -47720.187500
114     -48192.976562
115     -48665.808594
116     -49140.058594
117     -49615.003906
118     -50091.910156
119     -50569.199219
120     -51047.496094
121     -51525.312500
122     -52005.070312
123     -52484.792969
124     -52966.890625
125     -53447.429688
126     -53930.910156
127     -54414.339844
128     -54898.675781
129     -55383.550781
130     -55869.195312
131     -56355.917969
132     -56843.066406
133     -57332.539062
134     -57820.722656
135     -58310.031250
136     -58800.566406
137     -59291.394531
138     -59783.304688
139     -60276.734375
140     -60769.421875
141     -61262.050781
142     -61757.640625
143     -62251.570312
144     -62747.558594
145     -63244.664062
146     -63739.953125
147     -64238.675781
148     -64735.296875
149     -65236.273438
150     -65733.007812
151     -66233.296875
152     -66734.093750
153     -67234.570312
154     -67736.359375
155     -68237.742188
156     -68739.375000
157     -69242.421875
158     -69746.062500
159     -70249.312500
160     -70752.265625
161     -71257.750000
162     -71761.812500
163     -72266.781250
164     -72773.312500
165     -73278.687500
166     -73785.234375
167     -74290.140625
168     -74798.546875
169     -75305.351562
170     -75812.210938
171     -76320.976562
172     -76828.640625
173     -77336.195312
174     -77844.984375
175     -78353.312500
176     -78860.906250
177     -79371.421875
178     -79879.421875
179     -80389.515625
180     -80899.179688
181     -81407.921875
182     -81917.445312
183     -82427.281250
184     -82936.593750
185     -83446.359375
186     -83956.765625
187     -84466.359375
188     -84976.273438
189     -85486.140625
190     -85995.375000
191     -86506.218750
192     -87015.968750
193     -87525.593750
194     -88035.468750
195     -88544.906250
196     -89054.750000
197     -89562.687500
198     -90072.648438
199     -90582.460938
200     -91089.960938
201     -91598.718750
202     -92107.640625
203     -92616.429688
204     -93123.828125
205     -93631.921875
206     -94138.531250
207     -94646.031250
208     -95154.359375
209     -95659.851562
210     -96166.906250
211     -96672.539062
212     -97178.960938
213     -97684.250000
214     -98188.468750
215     -98693.171875
216     -99197.765625
217     -99702.265625
218     -100205.421875
219     -100707.421875
220     -101208.906250
221     -101710.046875
222     -102213.234375
223     -102715.140625
224     -103213.531250
225     -103714.546875
226     -104213.109375
227     -104712.250000
228     -105210.468750
229     -105707.117188
230     -106203.265625
231     -106699.828125
232     -107196.109375
233     -107690.757812
234     -108184.671875
235     -108678.875000
236     -109172.093750
237     -109664.726562
238     -110156.210938
239     -110647.109375
240     -111137.640625
241     -111626.687500
242     -112116.164062
243     -112603.453125
244     -113092.531250
245     -113577.546875
246     -114063.328125
247     -114547.765625
248     -115031.843750
249     -115514.421875
250     -115998.250000
251     -116478.265625
252     -116958.882812
253     -117437.390625
254     -117918.476562
255     -118395.093750
256     -118872.375000
257     -119349.601562
258     -119823.195312
259     -120298.468750
260     -120771.203125
261     -121243.492188
262     -121717.203125
263     -122186.625000
264     -122656.562500
265     -123125.953125
266     -123594.140625
267     -124060.335938
268     -124526.546875
269     -124991.718750
270     -125455.148438
271     -125918.250000
272     -126378.734375
273     -126840.914062
274     -127300.500000
275     -127757.562500
276     -128215.703125
277     -128672.296875
278     -129126.953125
279     -129580.578125
280     -130034.554688
281     -130486.523438
282     -130935.203125
283     -131386.937500
284     -131834.953125
285     -132282.312500
286     -132727.296875
287     -133174.218750
288     -133617.218750
289     -134059.750000
290     -134501.687500
291     -134941.562500
292     -135379.625000
293     -135818.718750
294     -136253.953125
295     -136689.968750
296     -137123.015625
297     -137556.671875
298     -137986.875000
299     -138416.218750
300     -138845.015625
301     -139272.093750
302     -139698.562500
303     -140122.531250
304     -140546.015625
305     -140968.375000
306     -141389.859375
307     -141807.781250
308     -142226.250000
309     -142642.218750
310     -143057.843750
311     -143472.281250
312     -143885.343750
313     -144297.093750
314     -144706.031250
315     -145116.078125
316     -145522.984375
317     -145926.968750
318     -146331.468750
319     -146733.468750
320     -147136.703125
321     -147537.171875
322     -147936.656250
323     -148331.984375
324     -148727.359375
325     -149123.000000
326     -149514.453125
327     -149907.843750
328     -150297.562500
329     -150686.531250
330     -151074.828125
331     -151460.593750
332     -151843.875000
333     -152227.156250
334     -152608.875000
335     -152989.906250
336     -153367.531250
337     -153743.359375
338     -154121.640625
339     -154494.781250
340     -154866.234375
341     -155239.781250
342     -155608.906250
343     -155979.015625
344     -156344.468750
345     -156710.828125
346     -157075.312500
347     -157437.265625
348     -157797.187500
349     -158156.765625
350     -158514.406250
351     -158870.718750
352     -159225.656250
353     -159577.656250
354     -159930.406250
355     -160280.125000
356     -160629.765625
357     -160976.203125
358     -161321.468750
359     -161665.656250
360     -162008.796875
361     -162349.875000
362     -162688.390625
363     -163027.906250
364     -163363.890625
365     -163701.453125
366     -164035.703125
367     -164366.937500
368     -164698.062500
369     -165028.281250
370     -165356.015625
371     -165681.406250
372     -166007.468750
373     -166329.468750
374     -166650.468750
375     -166971.390625
376     -167288.671875
377     -167606.593750
378     -167922.906250
379     -168235.437500
380     -168548.078125
381     -168859.781250
382     -169169.109375
383     -169475.906250
384     -169782.406250
385     -170087.062500
386     -170390.500000
387     -170690.843750
388     -170991.906250
389     -171288.718750
390     -171584.937500
391     -171881.406250
392     -172175.328125
393     -172466.812500
394     -172756.125000
395     -173045.468750
396     -173332.859375
397     -173618.281250
398     -173901.296875
399     -174183.406250
400     -174465.031250
401     -174744.937500
402     -175022.937500
403     -175299.187500
404     -175573.515625
405     -175847.593750
406     -176119.250000
407     -176389.453125
408     -176657.625000
409     -176925.843750
410     -177191.859375
411     -177455.281250
412     -177717.656250
413     -177978.656250
414     -178238.781250
415     -178495.640625
416     -178752.187500
417     -179008.406250
418     -179262.656250
419     -179512.843750
420     -179764.937500
421     -180014.562500
422     -180263.406250
423     -180510.562500
424     -180755.468750
425     -180998.250000
426     -181240.187500
427     -181480.343750
428     -181718.234375
429     -181956.921875
430     -182191.328125
431     -182426.531250
432     -182659.000000
433     -182891.687500
434     -183122.203125
435     -183349.718750
436     -183577.562500
437     -183804.312500
438     -184028.609375
439     -184250.375000
440     -184473.406250
441     -184692.078125
442     -184912.328125
443     -185130.843750
444     -185344.906250
445     -185559.906250
446     -185774.281250
447     -185987.062500
448     -186197.640625
449     -186407.218750
450     -186615.312500
451     -186821.906250
452     -187025.468750
453     -187228.968750
454     -187433.281250
455     -187635.859375
456     -187834.312500
457     -188032.968750
458     -188230.625000
459     -188425.078125
460     -188620.000000
461     -188812.906250
462     -189003.906250
463     -189193.937500
464     -189381.937500
465     -189571.015625
466     -189755.984375
467     -189940.265625
468     -190125.046875
469     -190308.218750
470     -190487.500000
471     -190668.312500
472     -190846.937500
473     -191025.468750
474     -191200.453125
475     -191374.250000
476     -191547.515625
477     -191719.546875
478     -191891.640625
479     -192060.375000
480     -192228.218750
481     -192396.187500
482     -192561.125000
483     -192725.093750
484     -192889.531250
485     -193050.671875
486     -193211.531250
487     -193370.875000
488     -193529.718750
489     -193687.312500
490     -193843.812500
491     -193998.296875
492     -194151.937500
493     -194304.468750
494     -194454.984375
495     -194603.796875
496     -194753.781250
497     -194901.437500
498     -195047.750000
499     -195193.281250
500     -195338.359375
501     -195480.234375
502     -195621.250000
503     -195760.906250
504     -195900.000000
505     -196037.812500
506     -196173.250000
507     -196309.093750
508     -196444.093750
509     -196576.062500
510     -196707.781250
511     -196838.781250
512     -196969.375000
513     -197097.296875
514     -197225.734375
515     -197352.531250
516     -197476.625000
517     -197601.500000
518     -197725.968750
519     -197847.937500
520     -197969.140625
521     -198089.500000
522     -198207.843750
523     -198325.906250
524     -198443.187500
525     -198558.718750
526     -198673.468750
527     -198786.859375
528     -198899.375000
529     -199012.250000
530     -199122.781250
531     -199232.343750
532     -199342.156250
533     -199449.812500
534     -199557.937500
535     -199663.968750
536     -199769.437500
537     -199874.031250
538     -199978.140625
539     -200080.062500
540     -200182.625000
541     -200282.843750
542     -200383.875000
543     -200481.546875
544     -200580.718750
545     -200677.437500
546     -200774.234375
547     -200868.593750
548     -200963.343750
549     -201057.265625
550     -201149.984375
551     -201241.593750
552     -201331.500000
553     -201422.750000
554     -201512.468750
555     -201601.343750
556     -201689.765625
557     -201776.093750
558     -201862.312500
559     -201948.906250
560     -202032.500000
561     -202116.093750
562     -202200.937500
563     -202282.531250
564     -202364.437500
565     -202446.625000
566     -202525.968750
567     -202605.734375
568     -202684.671875
569     -202761.703125
570     -202840.234375
571     -202916.187500
572     -202991.312500
573     -203066.937500
574     -203140.843750
575     -203214.234375
576     -203286.875000
577     -203359.937500
578     -203430.296875
579     -203502.171875
580     -203572.625000
581     -203642.250000
582     -203711.703125
583     -203780.281250
584     -203847.562500
585     -203915.890625
586     -203983.093750
587     -204049.062500
588     -204114.828125
589     -204180.500000
590     -204244.312500
591     -204308.328125
592     -204370.703125
593     -204433.890625
594     -204496.437500
595     -204558.468750
596     -204619.593750
597     -204679.609375
598     -204738.812500
599     -204798.609375
600     -204857.437500
601     -204914.875000
602     -204972.828125
603     -205029.515625
604     -205085.718750
605     -205142.421875
606     -205196.968750
607     -205252.156250
608     -205306.546875
609     -205359.812500
610     -205412.968750
611     -205465.796875
612     -205518.109375
613     -205569.265625
614     -205620.984375
615     -205671.984375
616     -205721.062500
617     -205772.000000
618     -205821.046875
619     -205869.875000
620     -205918.437500
621     -205966.375000
622     -206013.750000
623     -206061.437500
624     -206107.250000
625     -206153.843750
626     -206198.906250
627     -206245.000000
628     -206289.296875
629     -206333.812500
630     -206378.031250
631     -206421.406250
632     -206464.625000
633     -206507.625000
634     -206549.953125
635     -206591.500000
636     -206632.937500
637     -206674.625000
638     -206714.406250
639     -206755.234375
640     -206794.593750
641     -206834.156250
642     -206873.531250
643     -206912.078125
644     -206950.953125
645     -206989.218750
646     -207027.093750
647     -207064.000000
648     -207101.781250
649     -207137.953125
650     -207174.812500
651     -207211.265625
652     -207246.921875
653     -207282.093750
654     -207317.718750
655     -207352.593750
656     -207387.375000
657     -207421.578125
658     -207455.218750
659     -207489.343750
660     -207522.984375
661     -207555.718750
662     -207589.593750
663     -207622.375000
664     -207654.000000
665     -207686.625000
666     -207718.640625
667     -207750.312500
668     -207782.140625
669     -207813.703125
670     -207844.203125
671     -207874.937500
672     -207904.718750
673     -207935.093750
674     -207964.765625
675     -207994.281250
676     -208023.281250
677     -208052.140625
678     -208081.453125
679     -208109.046875
680     -208137.781250
681     -208165.531250
682     -208193.406250
683     -208220.453125
684     -208248.203125
685     -208275.125000
686     -208301.656250
687     -208328.187500
688     -208354.125000
689     -208380.593750
690     -208405.875000
691     -208431.968750
692     -208457.437500
693     -208482.250000
694     -208507.500000
695     -208532.125000
696     -208556.156250
697     -208580.281250
698     -208604.562500
699     -208628.546875
700     -208652.468750
701     -208675.656250
702     -208699.156250
703     -208722.093750
704     -208744.656250
705     -208767.187500
706     -208789.781250
707     -208812.031250
708     -208833.906250
709     -208855.750000
710     -208877.218750
711     -208898.937500
712     -208919.953125
713     -208941.281250
714     -208961.750000
715     -208983.031250
716     -209003.640625
717     -209024.703125
718     -209044.687500
719     -209065.031250
720     -209084.812500
721     -209105.062500
722     -209124.906250
723     -209144.390625
724     -209163.890625
725     -209183.359375
726     -209202.546875
727     -209222.062500
728     -209240.921875
729     -209259.671875
730     -209278.750000
731     -209297.562500
732     -209316.093750
733     -209334.406250
734     -209353.062500
735     -209370.812500
736     -209388.906250
737     -209406.687500
738     -209424.500000
739     -209441.843750
740     -209459.781250
741     -209476.781250
742     -209493.906250
743     -209511.156250
744     -209528.375000
745     -209545.109375
746     -209561.687500
747     -209578.625000
748     -209594.937500
749     -209611.281250
750     -209627.250000
751     -209643.718750
752     -209659.828125
753     -209675.734375
754     -209691.593750
755     -209707.015625
756     -209722.890625
757     -209738.453125
758     -209753.781250
759     -209769.125000
760     -209784.062500
761     -209799.343750
762     -209814.031250
763     -209829.125000
764     -209843.656250
765     -209858.593750
766     -209873.031250
767     -209887.500000
768     -209901.781250
769     -209915.968750
770     -209929.625000
771     -209944.109375
772     -209958.000000
773     -209971.843750
774     -209985.578125
775     -209999.500000
776     -210012.812500
777     -210026.656250
778     -210039.812500
779     -210053.156250
780     -210066.718750
781     -210079.750000
782     -210092.921875
783     -210105.937500
784     -210118.859375
785     -210131.625000
786     -210144.250000
787     -210156.875000
788     -210169.843750
789     -210182.156250
790     -210194.562500
791     -210206.765625
792     -210219.015625
793     -210231.296875
794     -210243.187500
795     -210255.093750
796     -210267.093750
797     -210278.875000
798     -210290.562500
799     -210302.406250
800     -210313.796875
801     -210325.453125
802     -210336.734375
803     -210348.281250
804     -210359.609375
805     -210371.250000
806     -210382.359375
807     -210393.343750
808     -210404.375000
809     -210415.562500
810     -210426.421875
811     -210437.218750
812     -210448.109375
813     -210458.656250
814     -210469.281250
815     -210479.531250
816     -210490.015625
817     -210500.625000
818     -210510.984375
819     -210521.093750
820     -210531.343750
821     -210541.828125
822     -210551.875000
823     -210561.750000
824     -210572.000000
825     -210581.906250
826     -210592.125000
827     -210601.875000
828     -210611.875000
829     -210621.765625
830     -210631.468750
831     -210641.218750
832     -210650.531250
833     -210660.218750
834     -210669.656250
835     -210679.093750
836     -210688.375000
837     -210697.812500
838     -210707.031250
839     -210716.343750
840     -210725.250000
841     -210734.500000
842     -210743.500000
843     -210752.500000
844     -210761.593750
845     -210770.625000
846     -210779.046875
847     -210788.281250
848     -210796.843750
849     -210805.406250
850     -210814.187500
851     -210822.703125
852     -210831.281250
853     -210839.625000
854     -210848.359375
855     -210856.843750
856     -210865.062500
857     -210873.593750
858     -210882.046875
859     -210890.250000
860     -210898.421875
861     -210906.875000
862     -210915.031250
863     -210923.078125
864     -210931.546875
865     -210939.500000
866     -210947.625000
867     -210955.531250
868     -210963.515625
869     -210971.234375
870     -210979.234375
871     -210987.171875
872     -210994.843750
873     -211002.625000
874     -211010.343750
875     -211018.078125
876     -211025.875000
877     -211033.343750
878     -211040.906250
879     -211048.578125
880     -211056.000000
881     -211063.437500
882     -211070.875000
883     -211078.437500
884     -211085.718750
885     -211093.093750
886     -211100.375000
887     -211107.750000
888     -211114.812500
889     -211122.093750
890     -211129.140625
891     -211136.468750
892     -211143.500000
893     -211150.812500
894     -211157.921875
895     -211164.765625
896     -211171.812500
897     -211178.859375
898     -211185.781250
899     -211192.906250
900     -211199.609375
901     -211206.531250
902     -211213.453125
903     -211220.343750
904     -211226.875000
905     -211233.906250
906     -211240.562500
907     -211246.968750
908     -211253.593750
909     -211260.359375
910     -211266.906250
911     -211273.296875
912     -211280.140625
913     -211286.500000
914     -211292.765625
915     -211299.171875
916     -211305.656250
917     -211311.968750
918     -211318.250000
919     -211324.468750
920     -211330.781250
921     -211336.968750
922     -211343.125000
923     -211349.593750
924     -211355.609375
925     -211361.781250
926     -211367.812500
927     -211374.125000
928     -211379.937500
929     -211386.250000
930     -211392.187500
931     -211398.250000
932     -211404.031250
933     -211410.156250
934     -211416.046875
935     -211421.984375
936     -211428.000000
937     -211433.812500
938     -211439.687500
939     -211445.718750
940     -211451.406250
941     -211456.937500
942     -211462.531250
943     -211468.343750
944     -211474.000000
945     -211479.593750
946     -211485.093750
947     -211490.562500
948     -211496.062500
949     -211501.468750
950     -211506.937500
951     -211512.375000
952     -211517.687500
953     -211523.125000
954     -211528.562500
955     -211533.937500
956     -211539.281250
957     -211544.500000
958     -211549.843750
959     -211555.203125
960     -211560.390625
961     -211565.781250
962     -211570.828125
963     -211576.156250
964     -211581.484375
965     -211586.531250
966     -211591.843750
967     -211597.031250
968     -211602.171875
969     -211607.406250
970     -211612.343750
971     -211617.796875
972     -211622.453125
973     -211627.937500
974     -211632.906250
975     -211638.078125
976     -211643.000000
977     -211648.062500
978     -211653.187500
979     -211658.312500
980     -211663.109375
981     -211668.109375
982     -211673.218750
983     -211678.218750
984     -211683.109375
985     -211688.093750
986     -211693.031250
987     -211697.843750
988     -211702.921875
989     -211707.640625
990     -211712.500000
991     -211717.500000
992     -211722.281250
993     -211727.296875
994     -211731.953125
995     -211736.875000
996     -211741.406250
997     -211746.296875
998     -211751.031250
999     -211755.687500
1000    -211760.500000
1001    -211765.140625
1002    -211769.812500
1003    -211774.375000
1004    -211779.000000
1005    -211783.640625
1006    -211788.250000
1007    -211792.875000
1008    -211797.500000
1009    -211801.968750
1010    -211806.718750
1011    -211811.171875
1012    -211815.718750
1013    -211820.171875
1014    -211824.671875
1015    -211829.312500
1016    -211833.625000
1017    -211838.218750
1018    -211842.546875
1019    -211846.812500
1020    -211851.312500
1021    -211855.656250
1022    -211859.921875
1023    -211864.312500
1024    -211868.687500
1025    -211872.875000
1026    -211877.109375
1027    -211881.328125
1028    -211885.812500
1029    -211889.921875
1030    -211894.234375
1031    -211898.593750
1032    -211902.421875
1033    -211906.734375
1034    -211910.921875
1035    -211915.078125
1036    -211919.281250
1037    -211923.468750
1038    -211927.375000
1039    -211931.656250
1040    -211935.593750
1041    -211939.593750
1042    -211943.609375
1043    -211947.781250
1044    -211951.781250
1045    -211955.812500
1046    -211959.671875
1047    -211963.625000
1048    -211967.718750
1049    -211971.703125
1050    -211975.593750
1051    -211979.546875
1052    -211983.390625
1053    -211987.500000
1054    -211991.453125
1055    -211995.312500
1056    -211999.218750
1057    -212002.968750
1058    -212007.000000
1059    -212010.875000
1060    -212014.718750
1061    -212018.718750
1062    -212022.281250
1063    -212026.375000
1064    -212030.156250
1065    -212034.031250
1066    -212037.812500
1067    -212041.546875
1068    -212045.156250
1069    -212049.187500
1070    -212052.750000
1071    -212056.406250
1072    -212060.062500
1073    -212063.781250
1074    -212067.406250
1075    -212071.046875
1076    -212074.906250
1077    -212078.546875
1078    -212082.156250
1079    -212085.625000
1080    -212089.187500
1081    -212092.859375
1082    -212096.562500
1083    -212100.062500
1084    -212103.562500
1085    -212107.218750
1086    -212110.734375
1087    -212114.281250
1088    -212117.843750
1089    -212121.484375
1090    -212124.843750
1091    -212128.343750
1092    -212131.968750
1093    -212135.578125
1094    -212139.031250
1095    -212142.437500
1096    -212145.640625
1097    -212149.375000
1098    -212152.734375
1099    -212156.187500
1100    -212159.687500
1101    -212162.812500
1102    -212166.406250
1103    -212169.687500
1104    -212173.156250
1105    -212176.625000
1106    -212179.875000
1107    -212183.218750
1108    -212186.718750
1109    -212190.265625
1110    -212193.468750
1111    -212196.578125
1112    -212200.171875
1113    -212203.437500
1114    -212206.750000
1115    -212210.156250
1116    -212213.281250
1117    -212216.812500
1118    -212220.015625
1119    -212223.156250
1120    -212226.375000
1121    -212229.781250
1122    -212232.937500
1123    -212236.218750
1124    -212239.546875
1125    -212242.687500
1126    -212245.906250
1127    -212249.062500
1128    -212252.187500
1129    -212255.312500
1130    -212258.437500
1131    -212261.812500
1132    -212264.968750
1133    -212268.171875
1134    -212271.296875
1135    -212274.375000
1136    -212277.593750
1137    -212280.718750
1138    -212283.859375
1139    -212287.000000
1140    -212290.093750
1141    -212293.109375
1142    -212296.125000
1143    -212299.234375
1144    -212302.328125
1145    -212305.562500
1146    -212308.656250
1147    -212311.578125
1148    -212314.531250
1149    -212317.484375
1150    -212320.687500
1151    -212323.718750
1152    -212326.609375
1153    -212329.593750
1154    -212332.546875
1155    -212335.562500
1156    -212338.515625
1157    -212341.390625
1158    -212344.281250
1159    -212347.125000
1160    -212350.218750
1161    -212353.015625
1162    -212355.859375
1163    -212358.656250
1164    -212361.656250
1165    -212364.500000
1166    -212367.375000
1167    -212370.062500
1168    -212372.906250
1169    -212375.812500
1170    -212378.515625
1171    -212381.609375
1172    -212384.250000
1173    -212387.156250
1174    -212389.875000
1175    -212392.656250
1176    -212395.453125
1177    -212398.250000
1178    -212401.093750
1179    -212403.718750
1180    -212406.546875
1181    -212409.343750
1182    -212412.062500
1183    -212414.687500
1184    -212417.453125
1185    -212420.125000
1186    -212423.062500
1187    -212425.625000
1188    -212428.234375
1189    -212430.968750
1190    -212433.750000
1191    -212436.437500
1192    -212439.125000
1193    -212441.765625
1194    -212444.468750
1195    -212447.062500
1196    -212449.843750
1197    -212452.468750
1198    -212455.250000
1199    -212457.781250
1200    -212460.281250
1201    -212463.062500
1202    -212465.687500
1203    -212468.437500
1204    -212470.937500
1205    -212473.531250
1206    -212476.125000
1207    -212478.468750
1208    -212481.125000
1209    -212483.687500
1210    -212486.281250
1211    -212488.921875
1212    -212491.578125
1213    -212493.812500
1214    -212496.640625
1215    -212498.984375
1216    -212501.531250
1217    -212503.937500
1218    -212506.500000
1219    -212509.125000
1220    -212511.375000
1221    -212514.000000
1222    -212516.562500
1223    -212519.156250
1224    -212521.515625
1225    -212523.921875
1226    -212526.328125
1227    -212528.781250
1228    -212531.078125
1229    -212533.500000
1230    -212536.015625
1231    -212538.328125
1232    -212540.796875
1233    -212543.203125
1234    -212545.531250
1235    -212547.765625
1236    -212550.296875
1237    -212552.593750
1238    -212555.156250
1239    -212557.468750
1240    -212559.703125
1241    -212562.218750
1242    -212564.578125
1243    -212566.843750
1244    -212569.359375
1245    -212571.562500
1246    -212573.968750
1247    -212576.125000
1248    -212578.390625
1249    -212580.859375
1250    -212583.125000
1251    -212585.468750
1252    -212587.625000
1253    -212590.031250
1254    -212592.140625
1255    -212594.625000
1256    -212596.937500
1257    -212599.156250
1258    -212601.281250
1259    -212603.734375
1260    -212605.921875
1261    -212608.140625
1262    -212610.500000
1263    -212612.625000
1264    -212614.828125
1265    -212617.031250
1266    -212619.234375
1267    -212621.375000
1268    -212623.593750
1269    -212625.843750
1270    -212627.968750
1271    -212630.156250
1272    -212632.171875
1273    -212634.406250
1274    -212636.546875
1275    -212638.656250
1276    -212640.921875
1277    -212643.000000
1278    -212645.343750
1279    -212647.218750
1280    -212649.546875
1281    -212651.687500
1282    -212653.812500
1283    -212655.781250
1284    -212657.843750
1285    -212659.890625
1286    -212661.875000
1287    -212664.140625
1288    -212666.218750
1289    -212668.312500
1290    -212670.234375
1291    -212672.312500
1292    -212674.250000
1293    -212676.468750
1294    -212678.312500
1295    -212680.421875
1296    -212682.375000
1297    -212684.531250
1298    -212686.640625
1299    -212688.562500
1300    -212690.718750
1301    -212692.593750
1302    -212694.562500
1303    -212696.593750
1304    -212698.531250
1305    -212700.562500
1306    -212702.562500
1307    -212704.437500
1308    -212706.593750
1309    -212708.281250
1310    -212710.406250
1311    -212712.406250
1312    -212714.343750
1313    -212716.531250
1314    -212718.234375
1315    -212720.312500
1316    -212722.343750
1317    -212724.156250
1318    -212726.140625
1319    -212728.125000
1320    -212730.218750
1321    -212732.078125
1322    -212733.906250
1323    -212735.921875
1324    -212737.875000
1325    -212739.781250
1326    -212741.796875
1327    -212743.750000
1328    -212745.500000
1329    -212747.562500
1330    -212749.531250
1331    -212751.359375
1332    -212753.250000
1333    -212755.156250
1334    -212757.046875
1335    -212758.906250
1336    -212760.906250
1337    -212762.859375
1338    -212764.578125
1339    -212766.500000
1340    -212768.328125
1341    -212770.265625
1342    -212772.125000
1343    -212774.078125
1344    -212775.968750
1345    -212777.859375
1346    -212779.750000
1347    -212781.640625
1348    -212783.687500
1349    -212785.375000
1350    -212787.265625
1351    -212788.953125
