Step            Loss
--------------------
1         384.987976
2         -22.286499
3        -428.122620
4        -834.428284
5       -1240.584473
6       -1647.088379
7       -2053.545410
8       -2459.772217
9       -2865.649902
10      -3271.794434
11      -3678.654541
12      -4084.779053
13      -4491.162598
14      -4897.635254
15      -5304.124023
16      -5710.065430
17      -6116.340820
18      -6523.070312
19      -6929.668945
20      -7337.061523
21      -7743.122070
22      -8150.580078
23      -8557.937500
24      -8965.169922
25      -9372.642578
26      -9781.210938
27      -10188.735352
28      -10597.421875
29      -11004.781250
30      -11414.209961
31      -11823.187500
32      -12231.895508
33      -12642.910156
34      -13051.893555
35      -13462.993164
36      -13873.958984
37      -14285.732422
38      -14696.900391
39      -15108.660156
40      -15520.613281
41      -15933.845703
42      -16347.091797
43      -16759.986328
44      -17176.140625
45      -17590.070312
46      -18006.019531
47      -18421.667969
48      -18838.062500
49      -19256.046875
50      -19672.746094
51      -20091.404297
52      -20509.863281
53      -20930.476562
54      -21349.976562
55      -21771.566406
56      -22192.863281
57      -22615.050781
58      -23037.730469
59      -23461.556641
60      -23885.121094
61      -24311.500000
62      -24737.572266
63      -25163.437500
64      -25591.589844
65      -26018.705078
66      -26448.027344
67      -26877.785156
68      -27308.822266
69      -27739.871094
70      -28172.251953
71      -28604.988281
72      -29038.976562
73      -29472.738281
74      -29909.765625
75      -30345.925781
76      -30783.093750
77      -31220.914062
78      -31660.759766
79      -32099.546875
80      -32541.000000
81      -32983.093750
82      -33424.398438
83      -33868.058594
84      -34313.062500
85      -34757.152344
86      -35203.679688
87      -35650.917969
88      -36097.800781
89      -36547.574219
90      -36998.031250
91      -37448.207031
92      -37899.375000
93      -38351.914062
94      -38805.136719
95      -39259.664062
96      -39715.195312
97      -40171.171875
98      -40629.015625
99      -41086.425781
100     -41545.214844
101     -42004.664062
102     -42464.417969
103     -42927.796875
104     -43390.316406
105     -43853.175781
106     -44317.066406
107     -44782.191406
108     -45248.464844
109     -45715.964844
110     -46182.359375
111     -46651.679688
112     -47121.066406
113     -47590.812500
114     -48064.109375
115     -48534.671875
116     -49008.234375
117     -49482.179688
118     -49957.570312
119     -50432.785156
120     -50909.558594
121     -51385.281250
122     -51864.242188
123     -52342.964844
124     -52822.929688
125     -53302.375000
126     -53784.023438
127     -54265.859375
128     -54749.039062
129     -55231.929688
130     -55716.898438
131     -56200.500000
132     -56686.964844
133     -57173.296875
134     -57660.851562
135     -58147.992188
136     -58637.000000
137     -59125.996094
138     -59616.421875
139     -60106.863281
140     -60597.152344
141     -61088.910156
142     -61580.933594
143     -62074.632812
144     -62569.015625
145     -63063.785156
146     -63558.238281
147     -64053.289062
148     -64549.234375
149     -65047.187500
150     -65543.960938
151     -66040.578125
152     -66539.312500
153     -67037.921875
154     -67537.875000
155     -68036.875000
156     -68536.851562
157     -69038.398438
158     -69538.304688
159     -70040.875000
160     -70542.781250
161     -71044.773438
162     -71548.164062
163     -72050.765625
164     -72554.609375
165     -73058.109375
166     -73562.312500
167     -74066.890625
168     -74571.359375
169     -75076.976562
170     -75581.968750
171     -76087.593750
172     -76593.921875
173     -77100.203125
174     -77605.648438
175     -78112.929688
176     -78618.546875
177     -79125.578125
178     -79633.125000
179     -80140.906250
180     -80646.593750
181     -81154.109375
182     -81662.453125
183     -82169.289062
184     -82677.421875
185     -83186.062500
186     -83692.203125
187     -84200.726562
188     -84708.781250
189     -85217.632812
190     -85724.296875
191     -86230.437500
192     -86740.710938
193     -87247.453125
194     -87756.593750
195     -88262.171875
196     -88769.976562
197     -89276.703125
198     -89784.476562
199     -90290.843750
200     -90796.843750
201     -91302.960938
202     -91811.078125
203     -92316.031250
204     -92822.468750
205     -93327.890625
206     -93833.226562
207     -94337.304688
208     -94843.765625
209     -95348.796875
210     -95851.476562
211     -96355.843750
212     -96859.406250
213     -97364.343750
214     -97865.218750
215     -98368.578125
216     -98870.523438
217     -99371.890625
218     -99873.007812
219     -100374.406250
220     -100873.859375
221     -101374.640625
222     -101874.562500
223     -102373.046875
224     -102871.390625
225     -103368.484375
226     -103866.054688
227     -104363.390625
228     -104858.546875
229     -105355.062500
230     -105849.859375
231     -106345.007812
232     -106838.171875
233     -107331.750000
234     -107824.218750
235     -108314.906250
236     -108807.101562
237     -109297.093750
238     -109787.351562
239     -110274.968750
240     -110764.468750
241     -111250.937500
242     -111738.218750
243     -112223.539062
244     -112709.062500
245     -113192.648438
246     -113676.296875
247     -114159.835938
248     -114641.632812
249     -115122.500000
250     -115602.976562
251     -116082.109375
252     -116560.250000
253     -117037.046875
254     -117513.945312
255     -117988.687500
256     -118465.070312
257     -118938.812500
258     -119411.179688
259     -119883.078125
260     -120354.625000
261     -120823.718750
262     -121292.250000
263     -121760.648438
264     -122230.453125
265     -122694.539062
266     -123159.828125
267     -123624.593750
268     -124087.390625
269     -124549.500000
270     -125009.468750
271     -125469.437500
272     -125929.500000
273     -126387.335938
274     -126842.156250
275     -127298.171875
276     -127754.250000
277     -128206.960938
278     -128658.976562
279     -129109.851562
280     -129561.125000
281     -130010.609375
282     -130457.015625
283     -130904.164062
284     -131349.812500
285     -131793.500000
286     -132238.062500
287     -132678.468750
288     -133119.281250
289     -133557.968750
290     -133996.953125
291     -134435.250000
292     -134870.187500
293     -135303.593750
294     -135736.515625
295     -136170.546875
296     -136600.656250
297     -137028.750000
298     -137456.375000
299     -137882.375000
300     -138308.468750
301     -138732.000000
302     -139155.562500
303     -139575.468750
304     -139997.125000
305     -140415.937500
306     -140833.578125
307     -141249.062500
308     -141665.203125
309     -142077.515625
310     -142490.406250
311     -142902.093750
312     -143310.687500
313     -143718.968750
314     -144125.750000
315     -144531.937500
316     -144936.062500
317     -145339.437500
318     -145739.593750
319     -146138.281250
320     -146539.234375
321     -146936.812500
322     -147333.125000
323     -147725.343750
324     -148117.718750
325     -148508.453125
326     -148899.093750
327     -149288.562500
328     -149675.718750
329     -150060.937500
330     -150445.281250
331     -150828.953125
332     -151209.937500
333     -151588.843750
334     -151967.875000
335     -152345.078125
336     -152718.406250
337     -153092.890625
338     -153465.281250
339     -153837.718750
340     -154207.843750
341     -154576.281250
342     -154941.578125
343     -155308.890625
344     -155671.812500
345     -156035.343750
346     -156397.375000
347     -156756.906250
348     -157115.000000
349     -157471.484375
350     -157827.515625
351     -158179.937500
352     -158533.968750
353     -158883.906250
354     -159234.343750
355     -159583.890625
356     -159930.046875
357     -160274.781250
358     -160618.421875
359     -160961.031250
360     -161302.343750
361     -161640.140625
362     -161978.062500
363     -162315.562500
364     -162650.312500
365     -162983.562500
366     -163314.718750
367     -163645.968750
368     -163974.703125
369     -164302.203125
370     -164626.812500
371     -164953.562500
372     -165277.093750
373     -165597.671875
374     -165917.781250
375     -166234.156250
376     -166551.937500
377     -166867.718750
378     -167181.343750
379     -167494.406250
380     -167805.562500
381     -168113.703125
382     -168423.031250
383     -168729.562500
384     -169034.093750
385     -169338.062500
386     -169640.625000
387     -169940.843750
388     -170241.062500
389     -170538.359375
390     -170835.671875
391     -171129.015625
392     -171422.156250
393     -171714.875000
394     -172003.468750
395     -172292.812500
396     -172580.140625
397     -172867.109375
398     -173151.765625
399     -173434.421875
400     -173715.000000
401     -173996.375000
402     -174275.828125
403     -174551.375000
404     -174827.375000
405     -175101.734375
406     -175375.312500
407     -175648.062500
408     -175918.250000
409     -176185.968750
410     -176454.328125
411     -176719.156250
412     -176982.953125
413     -177245.687500
414     -177509.250000
415     -177767.359375
416     -178025.968750
417     -178282.125000
418     -178537.937500
419     -178791.281250
420     -179043.140625
421     -179293.593750
422     -179541.234375
423     -179789.125000
424     -180035.156250
425     -180279.859375
426     -180523.687500
427     -180765.796875
428     -181005.750000
429     -181243.500000
430     -181482.343750
431     -181716.468750
432     -181953.000000
433     -182184.578125
434     -182415.578125
435     -182646.125000
436     -182875.312500
437     -183101.406250
438     -183325.000000
439     -183550.968750
440     -183775.468750
441     -183996.093750
442     -184214.687500
443     -184433.062500
444     -184650.921875
445     -184866.187500
446     -185080.703125
447     -185294.000000
448     -185506.437500
449     -185716.359375
450     -185924.187500
451     -186132.203125
452     -186339.281250
453     -186541.250000
454     -186743.656250
455     -186945.609375
456     -187145.656250
457     -187344.203125
458     -187542.281250
459     -187737.953125
460     -187932.468750
461     -188127.656250
462     -188320.171875
463     -188511.031250
464     -188700.687500
465     -188888.109375
466     -189073.718750
467     -189259.500000
468     -189444.453125
469     -189627.265625
470     -189809.265625
471     -189989.093750
472     -190168.578125
473     -190347.343750
474     -190523.156250
475     -190699.531250
476     -190875.031250
477     -191048.187500
478     -191220.062500
479     -191391.515625
480     -191560.140625
481     -191728.046875
482     -191895.484375
483     -192062.375000
484     -192226.781250
485     -192389.234375
486     -192551.093750
487     -192712.750000
488     -192872.156250
489     -193030.281250
490     -193186.968750
491     -193343.984375
492     -193498.171875
493     -193652.234375
494     -193804.546875
495     -193956.500000
496     -194106.828125
497     -194254.468750
498     -194402.625000
499     -194549.781250
500     -194696.312500
501     -194840.062500
502     -194982.875000
503     -195124.843750
504     -195265.250000
505     -195405.937500
506     -195543.031250
507     -195680.906250
508     -195816.578125
509     -195951.328125
510     -196086.296875
511     -196219.609375
512     -196351.218750
513     -196480.781250
514     -196612.109375
515     -196739.312500
516     -196866.468750
517     -196993.468750
518     -197119.015625
519     -197242.437500
520     -197365.015625
521     -197486.437500
522     -197606.718750
523     -197726.906250
524     -197845.125000
525     -197961.625000
526     -198079.781250
527     -198195.406250
528     -198309.218750
529     -198423.125000
530     -198537.062500
531     -198648.593750
532     -198758.437500
533     -198869.000000
534     -198979.093750
535     -199087.578125
536     -199194.078125
537     -199301.000000
538     -199407.937500
539     -199511.500000
540     -199615.687500
541     -199718.531250
542     -199820.812500
543     -199922.312500
544     -200023.265625
545     -200121.640625
546     -200221.093750
547     -200318.906250
548     -200414.625000
549     -200511.031250
550     -200605.531250
551     -200699.703125
552     -200793.343750
553     -200886.015625
554     -200977.156250
555     -201067.781250
556     -201157.015625
557     -201246.500000
558     -201335.578125
559     -201421.250000
560     -201508.640625
561     -201593.687500
562     -201677.578125
563     -201763.281250
564     -201845.250000
565     -201928.359375
566     -202010.250000
567     -202091.078125
568     -202171.750000
569     -202252.156250
570     -202330.921875
571     -202409.812500
572     -202487.312500
573     -202564.218750
574     -202641.078125
575     -202716.687500
576     -202790.656250
577     -202865.156250
578     -202937.718750
579     -203010.265625
580     -203081.687500
581     -203151.781250
582     -203221.656250
583     -203291.640625
584     -203360.265625
585     -203429.406250
586     -203496.531250
587     -203563.625000
588     -203630.859375
589     -203696.156250
590     -203761.781250
591     -203826.750000
592     -203890.843750
593     -203954.375000
594     -204017.656250
595     -204080.187500
596     -204142.343750
597     -204202.593750
598     -204264.359375
599     -204324.187500
600     -204384.375000
601     -204443.843750
602     -204501.562500
603     -204560.187500
604     -204616.968750
605     -204674.796875
606     -204730.500000
607     -204786.015625
608     -204840.515625
609     -204895.687500
610     -204950.062500
611     -205003.671875
612     -205057.203125
613     -205110.359375
614     -205162.343750
615     -205214.421875
616     -205265.781250
617     -205317.968750
618     -205367.250000
619     -205417.656250
620     -205467.218750
621     -205517.062500
622     -205565.265625
623     -205614.000000
624     -205661.984375
625     -205709.640625
626     -205756.937500
627     -205803.750000
628     -205850.640625
629     -205896.156250
630     -205941.468750
631     -205986.843750
632     -206031.593750
633     -206076.031250
634     -206120.125000
635     -206163.250000
636     -206207.421875
637     -206250.031250
638     -206291.968750
639     -206334.218750
640     -206376.375000
641     -206417.140625
642     -206457.968750
643     -206499.437500
644     -206539.062500
645     -206579.140625
646     -206619.031250
647     -206658.250000
648     -206697.453125
649     -206735.562500
650     -206774.375000
651     -206812.531250
652     -206850.000000
653     -206887.671875
654     -206924.453125
655     -206961.312500
656     -206997.500000
657     -207033.500000
658     -207069.125000
659     -207104.484375
660     -207139.218750
661     -207173.906250
662     -207208.687500
663     -207242.281250
664     -207276.437500
665     -207309.843750
666     -207343.312500
667     -207375.312500
668     -207409.187500
669     -207440.859375
670     -207473.046875
671     -207504.953125
672     -207536.750000
673     -207568.140625
674     -207599.281250
675     -207629.828125
676     -207660.453125
677     -207691.500000
678     -207721.312500
679     -207751.250000
680     -207781.343750
681     -207810.265625
682     -207839.468750
683     -207868.437500
684     -207897.187500
685     -207925.250000
686     -207954.140625
687     -207981.453125
688     -208009.250000
689     -208036.468750
690     -208063.468750
691     -208089.937500
692     -208116.437500
693     -208142.656250
694     -208168.281250
695     -208194.468750
696     -208219.812500
697     -208245.500000
698     -208270.640625
699     -208295.031250
700     -208319.453125
701     -208344.296875
702     -208368.531250
703     -208392.968750
704     -208416.921875
705     -208440.375000
706     -208464.062500
707     -208487.000000
708     -208510.281250
709     -208533.031250
710     -208555.906250
711     -208578.171875
712     -208600.718750
713     -208623.046875
714     -208645.250000
715     -208667.109375
716     -208689.203125
717     -208710.828125
718     -208732.562500
719     -208754.140625
720     -208775.375000
721     -208796.781250
722     -208817.593750
723     -208838.156250
724     -208859.562500
725     -208880.015625
726     -208900.609375
727     -208920.765625
728     -208940.656250
729     -208960.156250
730     -208980.093750
731     -208999.968750
732     -209018.984375
733     -209038.500000
734     -209057.921875
735     -209076.843750
736     -209095.968750
737     -209114.156250
738     -209132.968750
739     -209151.218750
740     -209169.656250
741     -209187.562500
742     -209205.640625
743     -209223.218750
744     -209240.937500
745     -209258.562500
746     -209275.703125
747     -209293.203125
748     -209310.437500
749     -209327.703125
750     -209344.656250
751     -209361.406250
752     -209378.234375
753     -209394.671875
754     -209411.468750
755     -209427.656250
756     -209443.984375
757     -209460.375000
758     -209476.234375
759     -209492.421875
760     -209508.000000
761     -209523.984375
762     -209539.718750
763     -209555.312500
764     -209570.312500
765     -209585.968750
766     -209601.406250
767     -209616.625000
768     -209631.687500
769     -209646.968750
770     -209661.562500
771     -209676.625000
772     -209691.281250
773     -209706.000000
774     -209720.437500
775     -209734.906250
776     -209749.000000
777     -209763.593750
778     -209777.484375
779     -209791.609375
780     -209805.812500
781     -209819.234375
782     -209833.375000
783     -209846.750000
784     -209860.640625
785     -209874.109375
786     -209887.625000
787     -209900.781250
788     -209913.953125
789     -209927.281250
790     -209940.218750
791     -209953.593750
792     -209966.500000
793     -209979.250000
794     -209991.953125
795     -210005.062500
796     -210017.718750
797     -210030.343750
798     -210043.015625
799     -210055.562500
800     -210067.968750
801     -210080.031250
802     -210092.687500
803     -210104.781250
804     -210116.812500
805     -210129.203125
806     -210141.000000
807     -210152.843750
808     -210164.531250
809     -210176.562500
810     -210188.156250
811     -210199.843750
812     -210211.328125
813     -210222.968750
814     -210234.140625
815     -210245.546875
816     -210256.953125
817     -210267.968750
818     -210279.468750
819     -210290.468750
820     -210301.750000
821     -210312.687500
822     -210323.312500
823     -210334.500000
824     -210345.156250
825     -210356.046875
826     -210366.531250
827     -210377.312500
828     -210387.937500
829     -210398.328125
830     -210409.031250
831     -210419.406250
832     -210430.015625
833     -210440.468750
834     -210450.875000
835     -210461.031250
836     -210471.203125
837     -210481.375000
838     -210491.453125
839     -210501.390625
840     -210511.484375
841     -210521.718750
842     -210531.593750
843     -210541.468750
844     -210551.203125
845     -210561.093750
846     -210570.843750
847     -210580.625000
848     -210590.281250
849     -210600.031250
850     -210609.781250
851     -210619.156250
852     -210628.734375
853     -210638.187500
854     -210647.906250
855     -210657.171875
856     -210666.703125
857     -210675.796875
858     -210685.140625
859     -210694.359375
860     -210703.718750
861     -210713.062500
862     -210722.000000
863     -210731.343750
864     -210740.531250
865     -210749.546875
866     -210758.484375
867     -210767.703125
868     -210776.515625
869     -210785.218750
870     -210794.156250
871     -210803.156250
872     -210812.062500
873     -210820.968750
874     -210829.437500
875     -210838.453125
876     -210846.984375
877     -210855.437500
878     -210864.468750
879     -210872.718750
880     -210881.421875
881     -210890.031250
882     -210898.156250
883     -210906.625000
884     -210915.093750
885     -210923.250000
886     -210931.828125
887     -210940.093750
888     -210948.437500
889     -210956.687500
890     -210964.906250
891     -210973.218750
892     -210981.500000
893     -210989.437500
894     -210997.531250
895     -211005.062500
896     -211013.343750
897     -211021.281250
898     -211029.343750
899     -211037.250000
900     -211045.125000
901     -211052.859375
902     -211060.640625
903     -211068.421875
904     -211076.218750
905     -211083.828125
906     -211091.531250
907     -211098.937500
908     -211106.718750
909     -211114.171875
910     -211121.781250
911     -211129.546875
912     -211136.703125
913     -211144.296875
914     -211151.671875
915     -211159.281250
916     -211166.578125
917     -211173.906250
918     -211181.312500
919     -211188.812500
920     -211196.125000
921     -211203.359375
922     -211210.531250
923     -211217.890625
924     -211225.062500
925     -211232.406250
926     -211239.500000
927     -211246.500000
928     -211253.937500
929     -211260.671875
930     -211267.812500
931     -211274.937500
932     -211281.828125
933     -211288.890625
934     -211295.656250
935     -211302.625000
936     -211309.453125
937     -211316.328125
938     -211323.281250
939     -211330.031250
940     -211336.906250
941     -211343.796875
942     -211350.421875
943     -211357.093750
944     -211364.046875
945     -211370.703125
946     -211377.281250
947     -211383.875000
948     -211390.593750
949     -211396.937500
950     -211403.515625
951     -211410.000000
952     -211416.437500
953     -211423.093750
954     -211429.578125
955     -211435.828125
956     -211442.093750
957     -211448.562500
958     -211454.843750
959     -211460.968750
960     -211467.453125
961     -211473.656250
962     -211479.890625
963     -211486.093750
964     -211492.312500
965     -211498.531250
966     -211504.687500
967     -211510.718750
968     -211516.937500
969     -211522.953125
970     -211529.062500
971     -211535.156250
972     -211541.062500
973     -211547.312500
974     -211553.187500
975     -211559.000000
976     -211565.093750
977     -211571.031250
978     -211576.921875
979     -211582.796875
980     -211588.421875
981     -211594.406250
982     -211600.000000
983     -211605.968750
984     -211611.750000
985     -211617.265625
986     -211623.031250
987     -211628.687500
988     -211634.531250
989     -211640.062500
990     -211645.796875
991     -211651.203125
992     -211656.937500
993     -211662.468750
994     -211667.921875
995     -211673.390625
996     -211678.968750
997     -211684.531250
998     -211690.187500
999     -211695.531250
1000    -211701.156250
1001    -211706.359375
1002    -211711.593750
1003    -211716.937500
1004    -211722.437500
1005    -211727.687500
1006    -211732.843750
1007    -211738.312500
1008    -211743.750000
1009    -211748.734375
1010    -211754.109375
1011    -211759.203125
1012    -211764.218750
1013    -211769.562500
1014    -211774.687500
1015    -211779.500000
1016    -211784.671875
1017    -211789.687500
1018    -211794.656250
1019    -211799.593750
1020    -211804.718750
1021    -211809.687500
1022    -211814.718750
1023    -211819.625000
1024    -211824.640625
1025    -211829.609375
1026    -211834.531250
1027    -211839.421875
1028    -211844.406250
1029    -211849.203125
1030    -211853.843750
1031    -211858.937500
1032    -211863.750000
1033    -211868.500000
1034    -211873.453125
1035    -211878.250000
1036    -211882.984375
1037    -211887.781250
1038    -211892.593750
1039    -211897.343750
1040    -211902.015625
1041    -211906.812500
1042    -211911.343750
1043    -211916.062500
1044    -211920.578125
1045    -211925.406250
1046    -211929.921875
1047    -211934.484375
1048    -211939.281250
1049    -211943.906250
1050    -211948.343750
1051    -211952.843750
1052    -211957.437500
1053    -211961.718750
1054    -211966.218750
1055    -211970.593750
1056    -211975.078125
1057    -211979.734375
1058    -211984.046875
1059    -211988.343750
1060    -211992.937500
1061    -211997.406250
1062    -212001.718750
1063    -212006.015625
1064    -212010.375000
1065    -212014.843750
1066    -212019.062500
1067    -212023.156250
1068    -212027.468750
1069    -212031.890625
1070    -212035.937500
1071    -212040.312500
1072    -212044.406250
1073    -212048.656250
1074    -212052.718750
1075    -212056.921875
1076    -212061.078125
1077    -212065.359375
1078    -212069.343750
1079    -212073.531250
1080    -212077.781250
1081    -212081.937500
1082    -212085.843750
1083    -212090.031250
1084    -212094.093750
1085    -212098.156250
1086    -212102.203125
1087    -212106.265625
1088    -212110.218750
1089    -212114.234375
1090    -212118.234375
1091    -212122.390625
1092    -212126.250000
1093    -212130.281250
1094    -212134.187500
1095    -212138.281250
1096    -212141.953125
1097    -212145.968750
1098    -212149.890625
1099    -212153.656250
1100    -212157.625000
1101    -212161.593750
1102    -212165.500000
1103    -212169.265625
1104    -212172.984375
1105    -212176.968750
1106    -212180.843750
1107    -212184.437500
1108    -212188.390625
1109    -212192.078125
1110    -212195.812500
1111    -212199.750000
1112    -212203.625000
1113    -212207.375000
1114    -212211.125000
1115    -212214.890625
1116    -212218.593750
1117    -212222.406250
1118    -212226.109375
1119    -212229.875000
1120    -212233.703125
1121    -212237.453125
1122    -212241.031250
1123    -212244.578125
1124    -212248.375000
1125    -212251.875000
1126    -212255.531250
1127    -212259.093750
1128    -212262.781250
1129    -212266.531250
1130    -212270.125000
1131    -212273.687500
1132    -212277.250000
1133    -212280.609375
1134    -212284.218750
1135    -212287.609375
1136    -212291.500000
1137    -212294.718750
1138    -212298.406250
1139    -212301.640625
1140    -212305.562500
1141    -212308.734375
1142    -212312.390625
1143    -212315.906250
1144    -212319.406250
1145    -212322.843750
1146    -212326.250000
1147    -212329.750000
1148    -212333.187500
1149    -212336.593750
1150    -212340.000000
1151    -212343.500000
1152    -212346.906250
1153    -212350.281250
1154    -212353.750000
1155    -212356.906250
1156    -212360.468750
1157    -212363.875000
1158    -212367.187500
1159    -212370.500000
1160    -212373.890625
1161    -212377.078125
1162    -212380.328125
1163    -212383.781250
1164    -212387.109375
1165    -212390.500000
1166    -212393.656250
1167    -212396.937500
1168    -212400.218750
1169    -212403.468750
1170    -212406.843750
1171    -212410.062500
1172    -212413.187500
1173    -212416.562500
1174    -212419.843750
1175    -212423.109375
1176    -212426.312500
1177    -212429.562500
1178    -212432.875000
1179    -212435.875000
1180    -212439.187500
1181    -212442.187500
1182    -212445.593750
1183    -212448.687500
1184    -212451.828125
1185    -212455.031250
1186    -212458.062500
1187    -212461.218750
1188    -212464.437500
1189    -212467.578125
1190    -212470.468750
1191    -212473.671875
1192    -212476.750000
1193    -212479.812500
1194    -212483.031250
1195    -212486.187500
1196    -212489.250000
1197    -212492.312500
1198    -212495.375000
1199    -212498.421875
1200    -212501.421875
1201    -212504.625000
1202    -212507.734375
1203    -212510.734375
1204    -212513.703125
1205    -212516.765625
1206    -212519.875000
1207    -212522.890625
1208    -212526.000000
1209    -212529.015625
1210    -212532.015625
1211    -212535.000000
1212    -212538.062500
1213    -212541.015625
1214    -212543.906250
1215    -212547.062500
1216    -212550.125000
1217    -212553.031250
1218    -212556.078125
1219    -212558.984375
1220    -212562.093750
1221    -212564.921875
1222    -212567.953125
1223    -212571.000000
1224    -212573.906250
1225    -212576.812500
1226    -212579.937500
1227    -212582.812500
1228    -212585.781250
1229    -212588.781250
1230    -212591.765625
1231    -212594.750000
1232    -212597.375000
1233    -212600.328125
1234    -212603.453125
1235    -212606.437500
1236    -212609.187500
1237    -212612.156250
1238    -212614.796875
1239    -212617.937500
1240    -212620.890625
1241    -212623.500000
1242    -212626.625000
1243    -212629.640625
1244    -212632.375000
1245    -212635.171875
1246    -212637.906250
1247    -212640.890625
1248    -212643.812500
1249    -212646.406250
1250    -212649.312500
1251    -212652.125000
1252    -212654.875000
1253    -212657.875000
1254    -212660.687500
1255    -212663.500000
1256    -212666.343750
1257    -212669.156250
1258    -212671.875000
1259    -212674.781250
1260    -212677.234375
1261    -212680.343750
1262    -212683.187500
1263    -212685.781250
1264    -212688.718750
1265    -212691.562500
1266    -212694.218750
1267    -212696.937500
1268    -212699.875000
1269    -212702.500000
1270    -212705.250000
1271    -212708.046875
1272    -212710.765625
1273    -212713.500000
1274    -212716.296875
1275    -212718.937500
1276    -212721.718750
1277    -212724.375000
1278    -212727.125000
1279    -212729.750000
1280    -212732.343750
1281    -212735.062500
1282    -212737.765625
1283    -212740.421875
1284    -212743.171875
1285    -212745.843750
1286    -212748.359375
1287    -212751.000000
1288    -212753.781250
1289    -212756.156250
1290    -212758.875000
1291    -212761.406250
1292    -212764.140625
1293    -212766.812500
1294    -212769.437500
1295    -212771.875000
1296    -212774.484375
1297    -212776.875000
1298    -212779.375000
1299    -212782.093750
1300    -212784.703125
1301    -212787.234375
1302    -212789.593750
1303    -212792.187500
1304    -212794.640625
1305    -212797.281250
1306    -212799.750000
1307    -212802.296875
1308    -212804.906250
1309    -212807.250000
1310    -212809.984375
1311    -212812.187500
1312    -212814.875000
1313    -212817.281250
1314    -212819.593750
1315    -212822.265625
1316    -212824.656250
1317    -212827.156250
1318    -212829.484375
1319    -212831.984375
1320    -212834.343750
1321    -212836.765625
1322    -212839.265625
1323    -212841.609375
1324    -212844.031250
1325    -212846.343750
1326    -212848.937500
1327    -212851.171875
1328    -212853.562500
1329    -212856.000000
1330    -212858.281250
1331    -212860.640625
1332    -212862.937500
1333    -212865.312500
1334    -212867.593750
1335    -212869.906250
1336    -212872.437500
1337    -212874.703125
1338    -212877.031250
1339    -212879.125000
1340    -212881.562500
1341    -212883.890625
1342    -212886.093750
1343    -212888.375000
1344    -212890.609375
1345    -212892.906250
1346    -212895.218750
1347    -212897.531250
1348    -212899.687500
1349    -212901.812500
1350    -212904.156250
1351    -212906.312500
1352    -212908.609375
1353    -212910.843750
1354    -212913.156250
1355    -212915.359375
1356    -212917.500000
1357    -212919.656250
1358    -212921.906250
1359    -212924.046875
1360    -212926.125000
1361    -212928.437500
1362    -212930.640625
1363    -212932.796875
1364    -212934.968750
1365    -212937.140625
1366    -212939.171875
1367    -212941.375000
1368    -212943.515625
1369    -212945.375000
1370    -212947.656250
1371    -212949.796875
1372    -212951.875000
1373    -212953.953125
1374    -212956.015625
1375    -212958.187500
1376    -212960.375000
1377    -212962.437500
1378    -212964.531250
1379    -212966.500000
1380    -212968.593750
1381    -212970.812500
1382    -212972.796875
1383    -212974.906250
1384    -212976.937500
1385    -212978.906250
1386    -212980.984375
1387    -212983.046875
1388    -212985.015625
1389    -212987.203125
1390    -212989.234375
1391    -212991.250000
1392    -212993.312500
1393    -212995.312500
1394    -212997.234375
1395    -212999.281250
1396    -213001.250000
1397    -213003.250000
1398    -213005.156250
1399    -213007.218750
1400    -213009.203125
1401    -213011.093750
1402    -213013.062500
1403    -213015.046875
1404    -213016.968750
1405    -213018.718750
1406    -213020.671875
1407    -213022.671875
1408    -213024.468750
1409    -213026.468750
1410    -213028.531250
1411    -213030.156250
1412    -213032.250000
1413    -213034.109375
1414    -213036.093750
1415    -213037.937500
1416    -213039.968750
1417    -213041.750000
1418    -213043.484375
1419    -213045.234375
1420    -213047.156250
1421    -213048.906250
1422    -213050.875000
1423    -213052.796875
1424    -213054.421875
1425    -213056.281250
1426    -213058.015625
1427    -213059.875000
1428    -213061.750000
1429    -213063.546875
1430    -213065.343750
1431    -213067.093750
1432    -213068.859375
1433    -213070.515625
1434    -213072.500000
1435    -213074.203125
1436    -213076.156250
