Step            Loss
--------------------
1        3639.365479
2        3241.208984
3        2844.441895
4        2447.252930
5        2050.218262
6        1653.004639
7        1255.143066
8         859.280151
9         462.095459
10         65.608154
11       -331.830200
12       -727.836731
13      -1125.302124
14      -1521.141357
15      -1918.439941
16      -2314.875000
17      -2711.557373
18      -3108.302246
19      -3505.426758
20      -3902.412842
21      -4299.307617
22      -4695.923828
23      -5093.567383
24      -5490.863281
25      -5888.239258
26      -6285.545410
27      -6683.593750
28      -7082.228516
29      -7479.805176
30      -7877.818359
31      -8277.220703
32      -8676.316406
33      -9075.119141
34      -9474.923828
35      -9874.130859
36      -10275.109375
37      -10674.454102
38      -11076.970703
39      -11477.863281
40      -11878.951172
41      -12280.839844
42      -12683.892578
43      -13086.610352
44      -13489.714844
45      -13893.078125
46      -14298.056641
47      -14702.822266
48      -15108.180664
49      -15514.884766
50      -15919.458008
51      -16328.504883
52      -16734.755859
53      -17143.277344
54      -17552.263672
55      -17961.984375
56      -18372.277344
57      -18781.335938
58      -19193.585938
59      -19604.316406
60      -20017.996094
61      -20430.707031
62      -20845.265625
63      -21259.339844
64      -21674.644531
65      -22090.835938
66      -22507.673828
67      -22925.851562
68      -23343.142578
69      -23762.828125
70      -24182.433594
71      -24602.910156
72      -25024.578125
73      -25446.046875
74      -25870.435547
75      -26293.400391
76      -26717.738281
77      -27142.482422
78      -27568.708984
79      -27995.951172
80      -28423.382812
81      -28853.224609
82      -29282.173828
83      -29711.937500
84      -30144.019531
85      -30575.816406
86      -31008.816406
87      -31442.191406
88      -31877.230469
89      -32312.722656
90      -32749.056641
91      -33186.109375
92      -33624.347656
93      -34062.359375
94      -34502.734375
95      -34943.117188
96      -35384.867188
97      -35827.593750
98      -36270.035156
99      -36715.035156
100     -37160.015625
101     -37605.093750
102     -38052.292969
103     -38500.246094
104     -38948.984375
105     -39398.070312
106     -39847.339844
107     -40299.429688
108     -40750.859375
109     -41204.148438
110     -41657.671875
111     -42113.179688
112     -42567.484375
113     -43023.726562
114     -43481.039062
115     -43938.773438
116     -44397.640625
117     -44856.953125
118     -45317.875000
119     -45778.195312
120     -46239.664062
121     -46702.859375
122     -47166.214844
123     -47630.316406
124     -48095.492188
125     -48560.878906
126     -49027.117188
127     -49494.917969
128     -49962.941406
129     -50431.882812
130     -50901.355469
131     -51372.218750
132     -51842.980469
133     -52314.550781
134     -52786.765625
135     -53259.929688
136     -53733.812500
137     -54207.546875
138     -54683.019531
139     -55158.195312
140     -55634.062500
141     -56111.847656
142     -56588.656250
143     -57067.453125
144     -57546.851562
145     -58026.437500
146     -58505.957031
147     -58986.500000
148     -59467.250000
149     -59948.367188
150     -60430.734375
151     -60914.109375
152     -61396.359375
153     -61880.910156
154     -62364.378906
155     -62848.851562
156     -63333.910156
157     -63819.000000
158     -64305.109375
159     -64791.406250
160     -65277.886719
161     -65764.914062
162     -66252.367188
163     -66740.546875
164     -67229.062500
165     -67718.273438
166     -68205.992188
167     -68694.343750
168     -69185.945312
169     -69675.218750
170     -70164.187500
171     -70654.867188
172     -71145.179688
173     -71635.921875
174     -72126.953125
175     -72618.859375
176     -73108.875000
177     -73600.828125
178     -74093.125000
179     -74583.453125
180     -75075.992188
181     -75568.890625
182     -76060.867188
183     -76552.367188
184     -77045.164062
185     -77537.125000
186     -78029.179688
187     -78522.281250
188     -79013.851562
189     -79506.171875
190     -79999.343750
191     -80491.867188
192     -80984.867188
193     -81475.593750
194     -81967.687500
195     -82461.562500
196     -82952.843750
197     -83443.554688
198     -83935.796875
199     -84427.453125
200     -84920.156250
201     -85409.765625
202     -85901.218750
203     -86391.578125
204     -86882.367188
205     -87372.539062
206     -87863.125000
207     -88352.796875
208     -88841.945312
209     -89330.796875
210     -89819.656250
211     -90309.328125
212     -90796.804688
213     -91285.593750
214     -91773.648438
215     -92259.726562
216     -92747.296875
217     -93233.000000
218     -93719.242188
219     -94205.960938
220     -94689.046875
221     -95174.921875
222     -95659.140625
223     -96142.578125
224     -96628.398438
225     -97109.750000
226     -97591.359375
227     -98073.273438
228     -98554.312500
229     -99035.406250
230     -99514.281250
231     -99994.937500
232     -100472.781250
233     -100950.929688
234     -101428.515625
235     -101906.796875
236     -102381.687500
237     -102857.976562
238     -103331.617188
239     -103806.921875
240     -104280.632812
241     -104753.054688
242     -105225.421875
243     -105696.757812
244     -106167.929688
245     -106636.750000
246     -107107.671875
247     -107574.671875
248     -108041.984375
249     -108509.078125
250     -108976.304688
251     -109440.468750
252     -109904.203125
253     -110366.898438
254     -110830.093750
255     -111292.257812
256     -111751.679688
257     -112212.906250
258     -112670.914062
259     -113127.796875
260     -113585.601562
261     -114042.484375
262     -114496.523438
263     -114951.312500
264     -115404.351562
265     -115856.046875
266     -116307.515625
267     -116757.359375
268     -117207.335938
269     -117654.250000
270     -118100.187500
271     -118547.140625
272     -118992.343750
273     -119437.515625
274     -119880.750000
275     -120321.984375
276     -120762.562500
277     -121201.992188
278     -121640.656250
279     -122079.562500
280     -122516.320312
281     -122951.046875
282     -123386.453125
283     -123819.062500
284     -124250.226562
285     -124681.539062
286     -125111.125000
287     -125540.507812
288     -125967.609375
289     -126394.421875
290     -126818.851562
291     -127243.750000
292     -127665.742188
293     -128087.804688
294     -128507.953125
295     -128926.718750
296     -129343.234375
297     -129760.515625
298     -130175.570312
299     -130591.234375
300     -131004.343750
301     -131415.703125
302     -131827.125000
303     -132235.781250
304     -132642.703125
305     -133050.562500
306     -133456.000000
307     -133860.437500
308     -134263.593750
309     -134664.875000
310     -135065.593750
311     -135465.250000
312     -135863.812500
313     -136260.031250
314     -136655.687500
315     -137048.500000
316     -137441.500000
317     -137834.453125
318     -138224.593750
319     -138612.093750
320     -138998.796875
321     -139386.062500
322     -139772.031250
323     -140156.468750
324     -140536.312500
325     -140917.468750
326     -141296.765625
327     -141676.187500
328     -142052.343750
329     -142427.250000
330     -142801.796875
331     -143174.093750
332     -143544.406250
333     -143915.671875
334     -144282.281250
335     -144651.687500
336     -145016.968750
337     -145381.250000
338     -145743.875000
339     -146106.375000
340     -146466.703125
341     -146825.906250
342     -147182.937500
343     -147540.468750
344     -147894.812500
345     -148249.062500
346     -148599.968750
347     -148950.375000
348     -149298.468750
349     -149646.062500
350     -149992.406250
351     -150337.218750
352     -150678.546875
353     -151019.953125
354     -151359.843750
355     -151697.875000
356     -152034.187500
357     -152369.390625
358     -152703.187500
359     -153034.953125
360     -153365.796875
361     -153695.406250
362     -154022.437500
363     -154348.937500
364     -154674.906250
365     -154998.312500
366     -155318.671875
367     -155640.250000
368     -155960.218750
369     -156277.906250
370     -156594.625000
371     -156908.437500
372     -157220.687500
373     -157533.312500
374     -157843.687500
375     -158153.500000
376     -158461.421875
377     -158766.921875
378     -159072.531250
379     -159376.062500
380     -159679.828125
381     -159980.093750
382     -160278.359375
383     -160576.312500
384     -160871.875000
385     -161165.890625
386     -161461.093750
387     -161752.093750
388     -162042.468750
389     -162332.156250
390     -162618.656250
391     -162905.765625
392     -163191.218750
393     -163474.375000
394     -163757.031250
395     -164038.500000
396     -164317.406250
397     -164595.375000
398     -164872.500000
399     -165146.625000
400     -165422.156250
401     -165695.296875
402     -165964.656250
403     -166234.656250
404     -166504.062500
405     -166769.890625
406     -167035.375000
407     -167301.312500
408     -167562.718750
409     -167823.906250
410     -168082.906250
411     -168342.375000
412     -168599.546875
413     -168855.718750
414     -169110.531250
415     -169363.812500
416     -169616.093750
417     -169865.687500
418     -170114.968750
419     -170360.578125
420     -170607.781250
421     -170851.250000
422     -171094.218750
423     -171334.890625
424     -171574.812500
425     -171813.281250
426     -172050.687500
427     -172286.656250
428     -172520.843750
429     -172752.828125
430     -172985.421875
431     -173216.718750
432     -173445.687500
433     -173672.281250
434     -173900.203125
435     -174123.812500
436     -174346.468750
437     -174569.375000
438     -174790.375000
439     -175009.406250
440     -175226.765625
441     -175443.406250
442     -175659.046875
443     -175872.281250
444     -176084.328125
445     -176294.750000
446     -176503.953125
447     -176711.359375
448     -176917.906250
449     -177122.875000
450     -177326.218750
451     -177531.406250
452     -177733.281250
453     -177935.218750
454     -178133.250000
455     -178332.031250
456     -178530.109375
457     -178727.265625
458     -178922.000000
459     -179115.906250
460     -179308.734375
461     -179499.187500
462     -179689.328125
463     -179878.890625
464     -180067.500000
465     -180253.562500
466     -180439.312500
467     -180624.500000
468     -180807.625000
469     -180988.234375
470     -181169.843750
471     -181349.968750
472     -181527.843750
473     -181705.781250
474     -181882.218750
475     -182057.390625
476     -182230.937500
477     -182404.031250
478     -182575.000000
479     -182744.781250
480     -182913.937500
481     -183081.000000
482     -183248.609375
483     -183413.281250
484     -183575.593750
485     -183738.187500
486     -183899.796875
487     -184061.484375
488     -184220.406250
489     -184379.500000
490     -184536.843750
491     -184692.250000
492     -184845.515625
493     -185000.187500
494     -185152.781250
495     -185301.656250
496     -185452.343750
497     -185600.000000
498     -185746.500000
499     -185893.468750
500     -186038.953125
501     -186182.000000
502     -186326.093750
503     -186468.281250
504     -186609.031250
505     -186749.734375
506     -186888.406250
507     -187025.515625
508     -187162.937500
509     -187299.218750
510     -187433.468750
511     -187566.281250
512     -187698.187500
513     -187829.671875
514     -187960.281250
515     -188089.062500
516     -188217.593750
517     -188345.156250
518     -188471.531250
519     -188595.875000
520     -188722.062500
521     -188845.250000
522     -188967.828125
523     -189090.500000
524     -189210.625000
525     -189331.015625
526     -189450.875000
527     -189569.437500
528     -189686.437500
529     -189802.765625
530     -189919.093750
531     -190033.843750
532     -190147.078125
533     -190258.718750
534     -190371.906250
535     -190483.109375
536     -190592.312500
537     -190701.984375
538     -190810.015625
539     -190916.562500
540     -191023.968750
541     -191129.187500
542     -191233.750000
543     -191338.703125
544     -191441.734375
545     -191545.468750
546     -191646.140625
547     -191747.437500
548     -191848.390625
549     -191947.468750
550     -192046.500000
551     -192143.750000
552     -192240.937500
553     -192337.562500
554     -192431.687500
555     -192526.250000
556     -192619.578125
557     -192710.781250
558     -192802.812500
559     -192893.718750
560     -192982.640625
561     -193072.468750
562     -193160.343750
563     -193248.140625
564     -193333.968750
565     -193419.734375
566     -193505.281250
567     -193589.593750
568     -193673.343750
569     -193756.218750
570     -193839.312500
571     -193919.843750
572     -194001.000000
573     -194081.156250
574     -194159.906250
575     -194238.500000
576     -194316.750000
577     -194393.750000
578     -194470.718750
579     -194546.968750
580     -194622.031250
581     -194698.078125
582     -194771.843750
583     -194845.843750
584     -194918.875000
585     -194990.515625
586     -195062.390625
587     -195132.812500
588     -195203.343750
589     -195273.156250
590     -195342.687500
591     -195410.875000
592     -195479.781250
593     -195545.718750
594     -195612.546875
595     -195677.906250
596     -195743.156250
597     -195807.046875
598     -195870.984375
599     -195934.953125
600     -195996.031250
601     -196057.953125
602     -196120.062500
603     -196180.312500
604     -196240.640625
605     -196300.984375
606     -196359.515625
607     -196418.750000
608     -196477.296875
609     -196533.859375
610     -196591.546875
611     -196647.140625
612     -196703.734375
613     -196759.218750
614     -196813.843750
615     -196868.578125
616     -196922.156250
617     -196976.031250
618     -197028.421875
619     -197081.281250
620     -197132.562500
621     -197184.171875
622     -197235.312500
623     -197285.312500
624     -197335.937500
625     -197384.187500
626     -197433.312500
627     -197481.625000
628     -197529.718750
629     -197577.843750
630     -197624.875000
631     -197672.250000
632     -197718.796875
633     -197764.750000
634     -197811.031250
635     -197855.828125
636     -197901.031250
637     -197945.031250
638     -197989.718750
639     -198033.250000
640     -198077.109375
641     -198120.343750
642     -198163.343750
643     -198206.000000
644     -198248.500000
645     -198290.859375
646     -198332.453125
647     -198374.687500
648     -198415.093750
649     -198455.968750
650     -198496.734375
651     -198536.968750
652     -198577.687500
653     -198617.390625
654     -198656.421875
655     -198696.062500
656     -198734.843750
657     -198773.593750
658     -198812.734375
659     -198850.281250
660     -198887.812500
661     -198925.093750
662     -198962.375000
663     -198998.656250
664     -199035.531250
665     -199071.250000
666     -199107.406250
667     -199142.875000
668     -199178.843750
669     -199213.531250
670     -199248.078125
671     -199282.812500
672     -199316.656250
673     -199350.609375
674     -199384.125000
675     -199417.812500
676     -199450.906250
677     -199484.031250
678     -199516.703125
679     -199548.546875
680     -199581.062500
681     -199612.890625
682     -199644.562500
683     -199675.968750
684     -199707.281250
685     -199737.750000
686     -199768.437500
687     -199799.406250
688     -199829.515625
689     -199859.593750
690     -199889.250000
691     -199919.125000
692     -199948.281250
693     -199977.531250
694     -200006.500000
695     -200035.281250
696     -200063.859375
697     -200092.031250
698     -200120.687500
699     -200148.125000
700     -200176.343750
701     -200204.000000
702     -200231.156250
703     -200258.218750
704     -200285.359375
705     -200311.656250
706     -200338.250000
707     -200364.656250
708     -200390.921875
709     -200416.890625
710     -200442.562500
711     -200468.250000
712     -200493.937500
713     -200519.437500
714     -200544.812500
715     -200569.703125
716     -200595.031250
717     -200619.906250
718     -200644.218750
719     -200668.890625
720     -200693.203125
721     -200717.593750
722     -200741.125000
723     -200765.187500
724     -200788.703125
725     -200812.406250
726     -200836.078125
727     -200859.328125
728     -200882.953125
729     -200905.781250
730     -200928.578125
731     -200951.312500
732     -200974.031250
733     -200996.750000
734     -201019.093750
735     -201041.375000
736     -201063.484375
737     -201085.812500
738     -201107.328125
739     -201129.421875
740     -201151.250000
741     -201172.843750
742     -201193.812500
743     -201214.906250
744     -201236.281250
745     -201257.187500
746     -201278.000000
747     -201298.406250
748     -201318.859375
749     -201339.281250
750     -201359.312500
751     -201379.656250
752     -201399.500000
753     -201419.343750
754     -201438.765625
755     -201458.500000
756     -201477.843750
757     -201497.625000
758     -201517.000000
759     -201535.984375
760     -201555.125000
761     -201573.968750
762     -201593.000000
763     -201611.781250
764     -201630.453125
765     -201649.093750
766     -201667.234375
767     -201685.921875
768     -201704.218750
769     -201722.375000
770     -201740.281250
771     -201758.062500
772     -201776.078125
773     -201793.671875
774     -201811.781250
775     -201829.000000
776     -201846.468750
777     -201863.875000
778     -201880.609375
779     -201897.937500
780     -201914.859375
781     -201931.828125
782     -201948.281250
783     -201964.734375
784     -201981.359375
785     -201997.656250
786     -202013.859375
787     -202030.125000
788     -202045.937500
789     -202062.593750
790     -202078.281250
791     -202094.281250
792     -202109.890625
793     -202125.375000
794     -202141.500000
795     -202156.906250
796     -202172.328125
797     -202187.500000
798     -202202.859375
799     -202217.921875
800     -202233.015625
801     -202247.953125
802     -202262.906250
803     -202277.906250
804     -202292.437500
805     -202307.515625
806     -202321.937500
807     -202336.890625
808     -202351.234375
809     -202365.671875
810     -202379.875000
811     -202394.500000
812     -202408.703125
813     -202422.671875
814     -202436.875000
815     -202450.781250
816     -202464.359375
817     -202478.453125
818     -202492.031250
819     -202506.125000
820     -202519.531250
821     -202533.125000
822     -202546.750000
823     -202560.453125
824     -202573.609375
825     -202586.937500
