Step            Loss
--------------------
1        2022.145630
2        1621.496826
3        1220.220825
4         820.283508
5         419.343689
6          18.808456
7        -382.011841
8        -782.077026
9       -1182.707642
10      -1582.523682
11      -1983.656494
12      -2383.688232
13      -2784.494141
14      -3184.323242
15      -3585.227783
16      -3984.858398
17      -4386.090332
18      -4786.227539
19      -5186.964355
20      -5587.145996
21      -5988.545898
22      -6388.469727
23      -6789.723633
24      -7191.707031
25      -7592.256836
26      -7993.646484
27      -8394.707031
28      -8796.421875
29      -9197.966797
30      -9600.495117
31      -10003.460938
32      -10406.123047
33      -10808.541016
34      -11212.781250
35      -11616.535156
36      -12019.514648
37      -12424.349609
38      -12828.854492
39      -13234.351562
40      -13639.622070
41      -14045.089844
42      -14451.632812
43      -14857.998047
44      -15265.703125
45      -15673.275391
46      -16081.568359
47      -16490.611328
48      -16899.460938
49      -17308.763672
50      -17720.037109
51      -18130.234375
52      -18540.601562
53      -18953.417969
54      -19364.949219
55      -19778.892578
56      -20193.562500
57      -20607.281250
58      -21022.234375
59      -21437.683594
60      -21854.210938
61      -22271.871094
62      -22689.503906
63      -23106.699219
64      -23527.041016
65      -23946.533203
66      -24367.128906
67      -24788.480469
68      -25209.968750
69      -25633.007812
70      -26056.304688
71      -26481.207031
72      -26905.253906
73      -27332.101562
74      -27758.664062
75      -28185.203125
76      -28613.607422
77      -29042.728516
78      -29472.712891
79      -29902.964844
80      -30334.585938
81      -30766.457031
82      -31199.990234
83      -31633.335938
84      -32068.500000
85      -32503.214844
86      -32939.984375
87      -33377.250000
88      -33815.296875
89      -34254.199219
90      -34693.484375
91      -35134.453125
92      -35575.390625
93      -36018.402344
94      -36460.828125
95      -36905.035156
96      -37350.832031
97      -37795.703125
98      -38242.109375
99      -38689.984375
100     -39137.906250
101     -39586.523438
102     -40036.585938
103     -40487.062500
104     -40939.320312
105     -41391.167969
106     -41844.031250
107     -42298.906250
108     -42754.375000
109     -43209.414062
110     -43666.996094
111     -44123.519531
112     -44582.062500
113     -45040.042969
114     -45500.476562
115     -45961.195312
116     -46422.617188
117     -46885.535156
118     -47348.546875
119     -47812.699219
120     -48277.660156
121     -48742.847656
122     -49208.839844
123     -49675.976562
124     -50143.570312
125     -50611.492188
126     -51081.636719
127     -51550.753906
128     -52021.843750
129     -52492.773438
130     -52965.359375
131     -53437.605469
132     -53911.585938
133     -54385.500000
134     -54859.210938
135     -55334.542969
136     -55811.335938
137     -56288.609375
138     -56766.210938
139     -57244.554688
140     -57723.531250
141     -58202.976562
142     -58682.398438
143     -59163.042969
144     -59644.468750
145     -60126.117188
146     -60607.710938
147     -61091.015625
148     -61574.867188
149     -62057.503906
150     -62542.062500
151     -63026.921875
152     -63511.500000
153     -63997.460938
154     -64484.179688
155     -64968.492188
156     -65456.320312
157     -65944.890625
158     -66431.820312
159     -66920.546875
160     -67409.835938
161     -67898.914062
162     -68387.031250
163     -68877.187500
164     -69366.671875
165     -69857.609375
166     -70348.101562
167     -70838.921875
168     -71331.031250
169     -71821.375000
170     -72313.398438
171     -72804.585938
172     -73297.179688
173     -73789.609375
174     -74283.000000
175     -74774.937500
176     -75269.375000
177     -75759.882812
178     -76253.031250
179     -76747.031250
180     -77240.000000
181     -77734.937500
182     -78227.468750
183     -78720.312500
184     -79214.500000
185     -79707.593750
186     -80201.578125
187     -80694.765625
188     -81188.421875
189     -81681.257812
190     -82175.523438
191     -82669.195312
192     -83162.984375
193     -83655.664062
194     -84149.359375
195     -84642.562500
196     -85134.734375
197     -85628.203125
198     -86119.914062
199     -86613.015625
200     -87105.250000
201     -87597.250000
202     -88088.796875
203     -88580.406250
204     -89071.656250
205     -89563.125000
206     -90053.109375
207     -90544.281250
208     -91034.609375
209     -91523.945312
210     -92013.476562
211     -92502.679688
212     -92991.593750
213     -93480.609375
214     -93967.906250
215     -94454.437500
216     -94941.234375
217     -95428.062500
218     -95914.914062
219     -96400.179688
220     -96885.484375
221     -97370.515625
222     -97854.429688
223     -98339.039062
224     -98821.343750
225     -99303.984375
226     -99785.546875
227     -100267.968750
228     -100748.828125
229     -101229.351562
230     -101709.710938
231     -102187.679688
232     -102666.203125
233     -103143.921875
234     -103621.804688
235     -104098.125000
236     -104573.890625
237     -105049.218750
238     -105523.750000
239     -105997.015625
240     -106469.843750
241     -106942.296875
242     -107413.921875
243     -107883.812500
244     -108353.859375
245     -108822.265625
246     -109291.140625
247     -109758.609375
248     -110224.289062
249     -110691.093750
250     -111155.218750
251     -111619.531250
252     -112084.437500
253     -112545.203125
254     -113008.296875
255     -113468.875000
256     -113927.101562
257     -114386.937500
258     -114844.875000
259     -115300.929688
260     -115758.765625
261     -116212.632812
262     -116667.570312
263     -117121.523438
264     -117573.781250
265     -118023.562500
266     -118475.500000
267     -118924.273438
268     -119371.640625
269     -119819.476562
270     -120265.812500
271     -120710.054688
272     -121155.820312
273     -121598.484375
274     -122041.078125
275     -122481.101562
276     -122920.835938
277     -123360.570312
278     -123797.234375
279     -124235.085938
280     -124670.101562
281     -125104.804688
282     -125538.710938
283     -125970.171875
284     -126401.750000
285     -126831.109375
286     -127260.437500
287     -127686.984375
288     -128112.429688
289     -128539.210938
290     -128961.750000
291     -129384.843750
292     -129805.062500
293     -130227.257812
294     -130645.640625
295     -131063.234375
296     -131478.687500
297     -131895.312500
298     -132309.687500
299     -132720.859375
300     -133132.937500
301     -133542.718750
302     -133952.250000
303     -134360.421875
304     -134766.781250
305     -135171.828125
306     -135574.843750
307     -135977.609375
308     -136378.031250
309     -136778.531250
310     -137176.687500
311     -137573.296875
312     -137970.343750
313     -138364.687500
314     -138757.843750
315     -139149.859375
316     -139537.968750
317     -139927.000000
318     -140316.343750
319     -140700.843750
320     -141087.437500
321     -141472.171875
322     -141853.281250
323     -142235.250000
324     -142614.531250
325     -142993.453125
326     -143371.125000
327     -143746.093750
328     -144120.375000
329     -144492.375000
330     -144863.609375
331     -145232.562500
332     -145601.531250
333     -145968.468750
334     -146334.468750
335     -146699.812500
336     -147061.015625
337     -147422.625000
338     -147782.890625
339     -148140.625000
340     -148498.468750
341     -148852.781250
342     -149207.031250
343     -149561.953125
344     -149911.000000
345     -150261.343750
346     -150608.546875
347     -150956.062500
348     -151300.296875
349     -151644.125000
350     -151986.218750
351     -152324.812500
352     -152666.218750
353     -153003.687500
354     -153341.125000
355     -153675.375000
356     -154008.718750
357     -154339.937500
358     -154670.312500
359     -155001.906250
360     -155327.984375
361     -155654.468750
362     -155979.500000
363     -156304.062500
364     -156624.250000
365     -156945.687500
366     -157264.296875
367     -157582.031250
368     -157898.000000
369     -158211.562500
370     -158525.109375
371     -158837.484375
372     -159147.468750
373     -159455.812500
374     -159763.625000
375     -160067.843750
376     -160371.703125
377     -160673.859375
378     -160975.828125
379     -161276.250000
380     -161573.281250
381     -161870.625000
382     -162166.093750
383     -162460.546875
384     -162752.406250
385     -163044.468750
386     -163334.125000
387     -163623.093750
388     -163909.875000
389     -164194.828125
390     -164479.375000
391     -164762.468750
392     -165042.312500
393     -165322.234375
394     -165601.671875
395     -165877.843750
396     -166154.468750
397     -166428.156250
398     -166702.046875
399     -166974.062500
400     -167244.593750
401     -167513.312500
402     -167780.375000
403     -168046.218750
404     -168310.734375
405     -168573.656250
406     -168835.343750
407     -169094.265625
408     -169354.187500
409     -169610.093750
410     -169867.937500
411     -170120.359375
412     -170372.734375
413     -170623.859375
414     -170873.750000
415     -171121.796875
416     -171368.750000
417     -171613.343750
418     -171858.515625
419     -172100.546875
420     -172342.343750
421     -172582.406250
422     -172821.875000
423     -173058.718750
424     -173295.093750
425     -173530.375000
426     -173764.078125
427     -173994.765625
428     -174226.406250
429     -174455.906250
430     -174682.656250
431     -174909.156250
432     -175134.562500
433     -175358.343750
434     -175579.687500
435     -175801.250000
436     -176019.562500
437     -176239.218750
438     -176456.125000
439     -176671.125000
440     -176885.359375
441     -177098.859375
442     -177310.062500
443     -177520.375000
444     -177728.687500
445     -177936.187500
446     -178142.984375
447     -178348.312500
448     -178551.687500
449     -178754.500000
450     -178955.328125
451     -179153.718750
452     -179351.671875
453     -179548.687500
454     -179744.125000
455     -179938.859375
456     -180132.531250
457     -180323.875000
458     -180513.531250
459     -180703.468750
460     -180891.890625
461     -181079.093750
462     -181263.625000
463     -181448.281250
464     -181630.140625
465     -181810.609375
466     -181990.156250
467     -182169.187500
468     -182345.312500
469     -182522.406250
470     -182696.843750
471     -182870.156250
472     -183041.781250
473     -183212.687500
474     -183383.343750
475     -183551.375000
476     -183720.937500
477     -183886.843750
478     -184051.500000
479     -184214.968750
480     -184377.906250
481     -184539.484375
482     -184699.234375
483     -184858.578125
484     -185017.296875
485     -185175.625000
486     -185329.984375
487     -185486.218750
488     -185640.515625
489     -185794.031250
490     -185945.968750
491     -186096.843750
492     -186246.609375
493     -186396.796875
494     -186542.562500
495     -186688.968750
496     -186833.687500
497     -186978.093750
498     -187121.359375
499     -187264.781250
500     -187405.281250
501     -187547.218750
502     -187686.546875
503     -187825.109375
504     -187963.156250
505     -188100.281250
506     -188233.531250
507     -188368.250000
508     -188503.281250
509     -188634.046875
510     -188767.296875
511     -188896.390625
512     -189026.296875
513     -189155.000000
514     -189282.156250
515     -189409.125000
516     -189533.500000
517     -189657.468750
518     -189781.500000
519     -189904.750000
520     -190026.171875
521     -190146.281250
522     -190266.250000
523     -190384.687500
524     -190503.015625
525     -190620.218750
526     -190734.937500
527     -190849.312500
528     -190962.812500
529     -191075.875000
530     -191186.500000
531     -191298.453125
532     -191408.171875
533     -191518.156250
534     -191625.921875
535     -191733.062500
536     -191840.609375
537     -191945.500000
538     -192050.218750
539     -192154.296875
540     -192257.562500
541     -192360.234375
542     -192461.515625
543     -192563.218750
544     -192662.031250
545     -192761.484375
546     -192859.781250
547     -192957.265625
548     -193053.343750
549     -193150.140625
550     -193245.500000
551     -193339.156250
552     -193434.093750
553     -193526.828125
554     -193618.062500
555     -193711.062500
556     -193800.437500
557     -193890.359375
558     -193979.156250
559     -194067.281250
560     -194155.250000
561     -194240.656250
562     -194326.437500
563     -194411.140625
564     -194496.500000
565     -194580.359375
566     -194662.859375
567     -194743.484375
568     -194826.171875
569     -194906.171875
570     -194986.375000
571     -195065.125000
572     -195143.046875
573     -195220.656250
574     -195297.125000
575     -195372.843750
576     -195448.171875
577     -195522.406250
578     -195596.953125
579     -195670.203125
580     -195743.437500
581     -195815.015625
582     -195887.375000
583     -195958.125000
584     -196029.187500
585     -196099.250000
586     -196168.296875
587     -196235.953125
588     -196304.875000
589     -196373.250000
590     -196440.656250
591     -196506.343750
592     -196573.218750
593     -196639.062500
594     -196704.468750
595     -196769.625000
596     -196832.781250
597     -196896.656250
598     -196958.843750
599     -197021.093750
600     -197082.578125
601     -197144.062500
602     -197204.609375
603     -197264.625000
604     -197324.203125
605     -197383.156250
606     -197441.906250
607     -197499.453125
608     -197556.875000
609     -197614.875000
610     -197669.406250
611     -197725.500000
612     -197781.281250
613     -197834.953125
614     -197890.218750
615     -197944.437500
616     -197997.593750
617     -198050.359375
618     -198103.093750
619     -198154.687500
620     -198207.000000
621     -198257.562500
622     -198308.062500
623     -198358.312500
624     -198407.953125
625     -198457.218750
626     -198505.906250
627     -198553.937500
628     -198601.546875
629     -198648.687500
630     -198695.781250
631     -198741.406250
632     -198788.250000
633     -198833.078125
634     -198877.968750
635     -198923.140625
636     -198966.437500
637     -199010.250000
638     -199053.875000
639     -199096.609375
640     -199139.765625
641     -199182.687500
642     -199224.156250
643     -199266.156250
644     -199307.734375
645     -199348.406250
646     -199388.593750
647     -199429.031250
648     -199469.000000
649     -199508.593750
650     -199548.343750
651     -199586.812500
652     -199625.125000
653     -199663.406250
654     -199701.125000
655     -199739.046875
656     -199776.406250
657     -199813.765625
658     -199850.000000
659     -199886.390625
660     -199922.781250
661     -199958.578125
662     -199994.406250
663     -200029.718750
664     -200064.203125
665     -200099.000000
666     -200133.375000
667     -200167.750000
668     -200201.937500
669     -200235.296875
670     -200268.781250
671     -200301.718750
672     -200334.562500
673     -200366.718750
674     -200399.000000
675     -200431.000000
676     -200462.343750
677     -200494.281250
678     -200525.656250
679     -200556.984375
680     -200588.125000
681     -200618.312500
682     -200648.906250
683     -200679.625000
684     -200709.156250
685     -200738.531250
686     -200768.625000
687     -200797.468750
688     -200827.031250
689     -200855.156250
690     -200884.000000
691     -200912.031250
692     -200940.265625
693     -200968.062500
694     -200995.828125
695     -201022.937500
696     -201050.343750
697     -201076.828125
698     -201103.937500
699     -201130.390625
700     -201156.156250
701     -201182.562500
702     -201208.156250
703     -201233.671875
704     -201259.062500
705     -201284.437500
706     -201308.968750
707     -201333.906250
708     -201358.906250
709     -201382.812500
710     -201407.312500
711     -201431.265625
712     -201455.359375
713     -201478.843750
714     -201502.203125
715     -201525.546875
716     -201548.687500
717     -201571.593750
718     -201594.171875
719     -201616.875000
720     -201639.437500
721     -201661.312500
722     -201683.312500
723     -201705.093750
724     -201726.500000
725     -201748.156250
726     -201769.828125
727     -201791.281250
728     -201812.437500
729     -201833.734375
730     -201854.562500
731     -201875.312500
732     -201896.593750
733     -201917.078125
734     -201937.609375
735     -201957.921875
736     -201978.281250
737     -201998.796875
738     -202018.375000
739     -202038.531250
740     -202057.937500
741     -202077.609375
742     -202097.125000
743     -202116.500000
744     -202135.750000
745     -202154.718750
746     -202173.671875
747     -202192.718750
748     -202211.312500
749     -202229.984375
750     -202248.421875
751     -202266.875000
752     -202285.218750
753     -202303.437500
754     -202321.531250
755     -202339.703125
756     -202357.406250
757     -202375.046875
758     -202392.562500
759     -202410.218750
760     -202427.562500
761     -202444.937500
762     -202462.015625
763     -202478.718750
764     -202495.859375
765     -202512.718750
766     -202529.125000
767     -202545.531250
768     -202562.031250
769     -202578.125000
770     -202594.484375
771     -202610.093750
772     -202626.250000
773     -202642.156250
774     -202657.843750
775     -202673.343750
776     -202689.375000
777     -202704.734375
778     -202720.109375
779     -202735.718750
780     -202751.062500
781     -202766.187500
782     -202781.343750
783     -202796.296875
784     -202811.250000
785     -202826.234375
786     -202840.625000
787     -202855.312500
788     -202869.796875
789     -202884.250000
790     -202898.468750
791     -202912.843750
792     -202926.843750
793     -202940.937500
794     -202955.375000
795     -202969.468750
796     -202983.312500
797     -202997.078125
798     -203011.000000
799     -203024.812500
800     -203037.968750
801     -203051.812500
802     -203065.093750
803     -203078.578125
804     -203091.781250
805     -203105.031250
806     -203118.234375
807     -203131.156250
808     -203144.171875
809     -203157.593750
810     -203169.968750
811     -203183.046875
812     -203195.687500
813     -203208.500000
