Step            Loss
--------------------
1       -3538.995117
2       -6993.300781
3       -10448.929688
4       -13908.475586
5       -17362.642578
6       -20825.724609
7       -24280.574219
8       -27741.132812
9       -31200.121094
10      -34658.632812
11      -38113.921875
12      -41578.375000
13      -45032.773438
14      -48496.281250
15      -51956.136719
16      -55420.507812
17      -58883.179688
18      -62348.449219
19      -65811.468750
20      -69277.546875
21      -72746.460938
22      -76215.187500
23      -79686.515625
24      -83160.937500
25      -86636.046875
26      -90113.695312
27      -93591.000000
28      -97074.062500
29      -100561.484375
30      -104046.250000
31      -107538.289062
32      -111031.203125
33      -114527.000000
34      -118024.390625
35      -121526.796875
36      -125035.093750
37      -128546.523438
38      -132058.437500
39      -135574.781250
40      -139096.812500
41      -142625.687500
42      -146152.671875
43      -149687.625000
44      -153226.312500
45      -156772.937500
46      -160320.437500
47      -163872.593750
48      -167426.906250
49      -170997.125000
50      -174562.062500
51      -178137.125000
52      -181714.312500
53      -185299.687500
54      -188892.828125
55      -192487.750000
56      -196092.187500
57      -199698.093750
58      -203313.953125
59      -206929.546875
60      -210559.750000
61      -214192.765625
62      -217825.281250
63      -221476.187500
64      -225126.140625
65      -228783.078125
66      -232451.687500
67      -236119.531250
68      -239801.968750
69      -243490.453125
70      -247181.375000
71      -250875.984375
72      -254585.250000
73      -258295.796875
74      -262018.421875
75      -265744.250000
76      -269482.375000
77      -273222.375000
78      -276970.500000
79      -280730.062500
80      -284488.000000
81      -288263.750000
82      -292041.875000
83      -295831.781250
84      -299621.312500
85      -303425.250000
86      -307234.500000
87      -311049.718750
88      -314875.937500
89      -318707.125000
90      -322544.562500
91      -326390.375000
92      -330244.687500
93      -334106.062500
94      -337981.125000
95      -341856.937500
96      -345741.312500
97      -349633.062500
98      -353534.093750
99      -357442.812500
100     -361354.687500
101     -365276.625000
102     -369208.250000
103     -373146.250000
104     -377093.812500
105     -381044.687500
106     -385008.406250
107     -388972.562500
108     -392947.500000
109     -396932.093750
110     -400918.000000
111     -404919.906250
112     -408923.468750
113     -412934.687500
114     -416956.437500
115     -420977.593750
116     -425011.437500
117     -429056.218750
118     -433102.500000
119     -437160.218750
120     -441214.750000
121     -445282.843750
122     -449356.687500
123     -453440.468750
124     -457523.500000
125     -461620.437500
126     -465725.500000
127     -469827.406250
128     -473942.750000
129     -478060.437500
130     -482190.906250
131     -486322.312500
132     -490465.125000
133     -494605.625000
134     -498760.187500
135     -502917.031250
136     -507069.250000
137     -511244.031250
138     -515419.656250
139     -519597.656250
140     -523779.156250
141     -527967.000000
142     -532161.500000
143     -536360.750000
144     -540569.250000
145     -544781.375000
146     -548992.312500
147     -553212.187500
148     -557437.187500
149     -561669.500000
150     -565898.625000
151     -570137.687500
152     -574377.500000
153     -578626.312500
154     -582877.375000
155     -587131.062500
156     -591389.375000
157     -595647.625000
158     -599912.687500
159     -604181.375000
160     -608450.312500
161     -612727.750000
162     -617006.375000
163     -621291.250000
164     -625564.375000
165     -629851.125000
166     -634141.750000
167     -638439.562500
168     -642727.500000
169     -647027.125000
170     -651324.375000
171     -655626.062500
172     -659924.875000
173     -664228.375000
174     -668536.750000
175     -672842.875000
176     -677153.250000
177     -681457.750000
178     -685773.125000
179     -690084.500000
180     -694395.875000
181     -698711.687500
182     -703030.312500
183     -707335.125000
184     -711652.000000
185     -715972.750000
186     -720287.562500
187     -724599.625000
188     -728915.000000
189     -733231.312500
190     -737540.312500
191     -741860.000000
192     -746171.500000
193     -750483.875000
194     -754797.312500
195     -759107.750000
196     -763416.500000
197     -767722.875000
198     -772035.750000
199     -776337.500000
200     -780634.875000
201     -784942.375000
202     -789242.250000
203     -793542.625000
204     -797836.375000
205     -802127.562500
206     -806422.125000
207     -810711.312500
208     -815004.250000
209     -819282.312500
210     -823562.562500
211     -827843.312500
212     -832118.250000
213     -836389.625000
214     -840649.750000
215     -844918.125000
216     -849169.687500
217     -853433.500000
218     -857689.312500
219     -861934.187500
220     -866185.500000
221     -870422.937500
222     -874657.625000
223     -878889.437500
224     -883116.812500
225     -887343.250000
226     -891558.875000
227     -895771.625000
228     -899975.250000
229     -904181.187500
230     -908376.750000
231     -912566.000000
232     -916753.625000
233     -920930.625000
234     -925109.000000
235     -929276.687500
236     -933440.750000
237     -937594.875000
238     -941746.375000
239     -945888.562500
240     -950028.750000
241     -954160.000000
242     -958281.812500
243     -962402.125000
244     -966513.062500
245     -970618.750000
246     -974712.500000
247     -978801.625000
248     -982887.375000
249     -986962.500000
250     -991033.687500
251     -995090.000000
252     -999142.375000
253     -1003190.375000
254     -1007228.750000
255     -1011258.187500
256     -1015276.875000
257     -1019293.437500
258     -1023305.750000
259     -1027303.250000
260     -1031290.125000
261     -1035267.250000
262     -1039245.312500
263     -1043208.312500
264     -1047166.437500
265     -1051116.000000
266     -1055051.750000
267     -1058987.375000
268     -1062908.625000
269     -1066810.250000
270     -1070717.750000
271     -1074609.000000
272     -1078494.625000
273     -1082369.500000
274     -1086243.625000
275     -1090090.875000
276     -1093943.625000
277     -1097776.125000
278     -1101605.625000
279     -1105429.250000
280     -1109231.250000
281     -1113034.500000
282     -1116822.000000
283     -1120592.875000
284     -1124369.000000
285     -1128125.250000
286     -1131879.000000
287     -1135613.625000
288     -1139346.750000
289     -1143058.000000
290     -1146773.000000
291     -1150469.625000
292     -1154147.875000
293     -1157824.875000
294     -1161487.375000
295     -1165140.750000
296     -1168787.750000
297     -1172412.000000
298     -1176034.250000
299     -1179642.500000
300     -1183242.750000
301     -1186827.500000
302     -1190400.500000
303     -1193965.500000
304     -1197524.250000
305     -1201060.000000
306     -1204590.000000
307     -1208110.250000
308     -1211622.000000
309     -1215116.750000
310     -1218600.375000
311     -1222074.500000
312     -1225540.750000
313     -1228995.000000
314     -1232425.000000
315     -1235855.250000
316     -1239280.125000
317     -1242677.500000
318     -1246064.125000
319     -1249448.750000
320     -1252814.000000
321     -1256177.000000
322     -1259517.500000
323     -1262844.500000
324     -1266169.250000
325     -1269483.125000
326     -1272772.250000
327     -1276058.750000
328     -1279337.250000
329     -1282599.125000
330     -1285845.500000
331     -1289080.000000
332     -1292304.750000
333     -1295518.000000
334     -1298723.250000
335     -1301908.750000
336     -1305079.750000
337     -1308236.750000
338     -1311391.250000
339     -1314527.750000
340     -1317648.750000
341     -1320769.750000
342     -1323871.500000
343     -1326961.125000
344     -1330035.250000
345     -1333101.000000
346     -1336153.750000
347     -1339191.750000
348     -1342218.250000
349     -1345227.500000
350     -1348227.250000
351     -1351220.625000
352     -1354189.750000
353     -1357162.250000
354     -1360109.000000
355     -1363048.500000
356     -1365971.875000
357     -1368895.250000
358     -1371789.375000
359     -1374684.000000
360     -1377558.750000
361     -1380425.000000
362     -1383279.500000
363     -1386113.250000
364     -1388944.750000
365     -1391752.875000
366     -1394549.000000
367     -1397332.500000
368     -1400106.125000
369     -1402868.250000
370     -1405618.750000
371     -1408349.500000
372     -1411071.125000
373     -1413784.000000
374     -1416477.250000
375     -1419154.375000
376     -1421827.750000
377     -1424484.750000
378     -1427119.375000
379     -1429745.250000
380     -1432370.750000
381     -1434974.625000
382     -1437562.000000
383     -1440132.500000
384     -1442698.875000
385     -1445243.750000
386     -1447786.000000
387     -1450309.250000
388     -1452825.250000
389     -1455326.750000
390     -1457809.750000
391     -1460278.625000
392     -1462745.500000
393     -1465194.000000
394     -1467633.500000
395     -1470049.000000
396     -1472465.000000
397     -1474871.750000
398     -1477255.750000
399     -1479623.000000
400     -1481986.750000
401     -1484331.750000
402     -1486668.750000
403     -1488988.500000
404     -1491299.500000
405     -1493594.000000
406     -1495882.000000
407     -1498149.500000
408     -1500410.500000
409     -1502660.625000
410     -1504891.500000
411     -1507116.500000
412     -1509322.625000
413     -1511520.000000
414     -1513705.250000
415     -1515875.625000
416     -1518031.125000
417     -1520183.750000
418     -1522320.750000
419     -1524435.875000
420     -1526551.000000
421     -1528646.250000
422     -1530736.375000
423     -1532812.250000
424     -1534873.000000
425     -1536916.500000
426     -1538954.375000
427     -1540986.750000
428     -1542995.000000
429     -1544994.750000
430     -1546980.750000
431     -1548957.000000
432     -1550920.000000
433     -1552867.750000
434     -1554803.750000
435     -1556735.500000
436     -1558644.500000
437     -1560546.500000
438     -1562434.250000
439     -1564317.000000
440     -1566188.125000
441     -1568042.750000
442     -1569887.250000
443     -1571721.000000
444     -1573534.500000
445     -1575340.750000
446     -1577142.000000
447     -1578925.250000
448     -1580705.125000
449     -1582461.250000
450     -1584213.500000
451     -1585955.875000
452     -1587679.125000
453     -1589386.625000
454     -1591092.250000
455     -1592783.000000
456     -1594464.250000
457     -1596129.375000
458     -1597785.375000
459     -1599434.500000
460     -1601060.250000
461     -1602682.250000
462     -1604289.500000
463     -1605888.250000
464     -1607481.125000
465     -1609058.000000
466     -1610615.375000
467     -1612170.750000
468     -1613720.125000
469     -1615245.500000
470     -1616765.750000
471     -1618280.750000
472     -1619779.500000
473     -1621263.125000
474     -1622743.500000
475     -1624210.000000
476     -1625660.250000
477     -1627108.875000
478     -1628550.000000
479     -1629971.250000
480     -1631385.250000
481     -1632778.750000
482     -1634171.500000
483     -1635556.500000
484     -1636930.500000
485     -1638297.250000
486     -1639652.125000
487     -1640996.500000
488     -1642329.000000
489     -1643660.375000
490     -1644973.625000
491     -1646279.500000
492     -1647576.875000
493     -1648863.875000
494     -1650136.125000
495     -1651399.000000
496     -1652658.125000
497     -1653908.500000
498     -1655144.125000
499     -1656371.500000
500     -1657588.000000
501     -1658797.750000
502     -1659998.250000
503     -1661185.500000
504     -1662362.000000
505     -1663540.500000
506     -1664700.750000
507     -1665853.125000
508     -1667002.375000
509     -1668129.250000
510     -1669263.000000
511     -1670380.625000
512     -1671487.500000
513     -1672591.750000
514     -1673679.250000
515     -1674763.250000
516     -1675836.625000
517     -1676896.875000
518     -1677955.375000
519     -1679003.125000
520     -1680041.500000
521     -1681070.125000
522     -1682094.625000
523     -1683109.250000
524     -1684112.000000
525     -1685108.500000
526     -1686095.250000
527     -1687077.250000
528     -1688044.875000
529     -1689007.125000
530     -1689954.250000
531     -1690901.625000
532     -1691838.000000
533     -1692768.250000
534     -1693689.125000
535     -1694604.500000
536     -1695511.250000
537     -1696410.000000
538     -1697298.125000
539     -1698182.500000
540     -1699056.125000
541     -1699921.750000
542     -1700783.500000
543     -1701636.250000
544     -1702483.000000
545     -1703320.750000
546     -1704152.875000
547     -1704977.375000
548     -1705797.250000
549     -1706605.500000
550     -1707412.000000
551     -1708212.375000
552     -1709003.000000
553     -1709784.750000
554     -1710564.000000
555     -1711326.500000
556     -1712090.750000
557     -1712842.250000
558     -1713591.250000
559     -1714328.875000
560     -1715063.500000
561     -1715789.125000
562     -1716509.125000
563     -1717217.750000
564     -1717922.250000
565     -1718629.125000
566     -1719321.125000
567     -1720011.500000
568     -1720691.500000
569     -1721367.500000
570     -1722034.375000
571     -1722698.625000
572     -1723360.000000
573     -1724011.750000
574     -1724657.500000
575     -1725295.250000
576     -1725935.875000
577     -1726566.125000
578     -1727189.500000
579     -1727808.125000
580     -1728417.625000
581     -1729023.250000
582     -1729624.875000
583     -1730220.250000
584     -1730812.500000
585     -1731392.000000
586     -1731974.000000
587     -1732544.250000
588     -1733114.500000
589     -1733675.875000
590     -1734232.500000
591     -1734783.750000
592     -1735326.750000
593     -1735869.000000
594     -1736407.625000
595     -1736938.625000
596     -1737463.000000
597     -1737983.750000
598     -1738504.250000
599     -1739014.500000
600     -1739520.500000
601     -1740027.125000
602     -1740525.625000
603     -1741022.250000
604     -1741511.750000
605     -1741997.000000
606     -1742480.250000
607     -1742954.000000
608     -1743429.500000
609     -1743896.250000
610     -1744357.625000
611     -1744820.625000
612     -1745273.000000
613     -1745726.500000
614     -1746170.250000
615     -1746612.750000
616     -1747054.125000
617     -1747487.750000
618     -1747921.250000
619     -1748345.875000
620     -1748769.125000
621     -1749188.625000
622     -1749604.500000
623     -1750018.250000
624     -1750421.750000
625     -1750823.000000
626     -1751221.250000
627     -1751618.875000
628     -1752009.875000
629     -1752398.000000
630     -1752783.750000
631     -1753163.000000
632     -1753541.250000
633     -1753914.250000
634     -1754285.750000
635     -1754652.250000
636     -1755017.750000
637     -1755377.000000
638     -1755735.250000
639     -1756089.625000
640     -1756437.750000
641     -1756784.250000
642     -1757126.250000
643     -1757467.000000
644     -1757802.000000
645     -1758137.375000
646     -1758464.750000
647     -1758792.750000
648     -1759119.250000
649     -1759437.750000
650     -1759757.000000
651     -1760071.000000
652     -1760383.500000
653     -1760691.000000
654     -1760997.000000
655     -1761300.000000
656     -1761601.500000
657     -1761899.000000
658     -1762193.500000
659     -1762488.000000
660     -1762776.250000
661     -1763064.500000
662     -1763352.000000
663     -1763632.625000
664     -1763912.250000
665     -1764190.500000
666     -1764468.375000
667     -1764742.000000
668     -1765012.875000
669     -1765281.750000
670     -1765549.750000
671     -1765813.500000
672     -1766075.000000
673     -1766334.750000
674     -1766591.750000
675     -1766847.000000
676     -1767099.250000
677     -1767351.000000
678     -1767598.625000
679     -1767846.000000
680     -1768090.375000
681     -1768335.250000
682     -1768577.125000
683     -1768816.125000
684     -1769052.375000
685     -1769287.500000
686     -1769522.125000
687     -1769752.000000
688     -1769983.000000
689     -1770210.000000
690     -1770437.875000
691     -1770662.250000
692     -1770886.625000
693     -1771109.500000
694     -1771327.750000
695     -1771546.000000
696     -1771760.250000
697     -1771974.000000
698     -1772186.000000
699     -1772396.000000
700     -1772605.000000
701     -1772813.000000
702     -1773017.000000
703     -1773224.125000
704     -1773427.625000
705     -1773628.250000
706     -1773826.375000
707     -1774027.125000
708     -1774223.250000
709     -1774417.250000
710     -1774609.750000
711     -1774801.500000
712     -1774990.750000
713     -1775179.000000
714     -1775366.000000
715     -1775550.750000
716     -1775736.000000
717     -1775919.000000
718     -1776098.625000
719     -1776280.250000
720     -1776459.500000
721     -1776636.125000
722     -1776811.875000
723     -1776985.500000
724     -1777158.750000
725     -1777330.000000
726     -1777500.000000
727     -1777667.750000
728     -1777835.500000
729     -1778000.875000
730     -1778166.500000
731     -1778329.000000
732     -1778491.375000
733     -1778653.250000
734     -1778813.875000
735     -1778972.875000
736     -1779131.500000
737     -1779289.000000
738     -1779444.500000
739     -1779598.375000
740     -1779751.750000
741     -1779904.750000
742     -1780056.125000
743     -1780207.000000
744     -1780356.500000
745     -1780506.125000
746     -1780653.625000
747     -1780799.500000
748     -1780943.875000
749     -1781089.625000
750     -1781233.375000
751     -1781375.750000
752     -1781516.750000
753     -1781656.625000
754     -1781795.750000
755     -1781934.250000
756     -1782072.750000
757     -1782209.250000
758     -1782345.750000
759     -1782480.250000
760     -1782612.625000
761     -1782747.750000
762     -1782879.625000
763     -1783011.500000
764     -1783142.000000
765     -1783273.750000
766     -1783402.375000
767     -1783528.250000
768     -1783656.750000
769     -1783782.000000
770     -1783908.500000
771     -1784032.250000
772     -1784156.000000
773     -1784280.000000
774     -1784402.375000
775     -1784523.250000
776     -1784645.000000
777     -1784766.000000
778     -1784884.750000
779     -1785004.875000
780     -1785122.000000
781     -1785240.500000
782     -1785357.000000
783     -1785473.500000
784     -1785588.375000
785     -1785703.750000
786     -1785817.000000
787     -1785930.875000
788     -1786043.875000
789     -1786155.375000
790     -1786267.125000
791     -1786380.500000
792     -1786490.250000
793     -1786599.250000
794     -1786709.500000
795     -1786817.500000
796     -1786926.750000
797     -1787033.000000
798     -1787140.000000
799     -1787247.000000
800     -1787352.250000
801     -1787457.500000
802     -1787562.500000
803     -1787665.750000
804     -1787768.375000
805     -1787871.625000
806     -1787974.750000
807     -1788075.875000
808     -1788177.750000
809     -1788277.250000
810     -1788377.750000
811     -1788476.750000
812     -1788574.750000
813     -1788674.000000
814     -1788772.000000
815     -1788868.750000
816     -1788964.750000
817     -1789061.250000
818     -1789155.750000
819     -1789250.375000
820     -1789345.000000
821     -1789439.125000
822     -1789533.750000
823     -1789626.625000
824     -1789717.875000
825     -1789810.625000
826     -1789901.750000
827     -1789993.375000
828     -1790083.250000
829     -1790173.750000
830     -1790262.250000
831     -1790351.875000
832     -1790440.875000
833     -1790528.750000
834     -1790616.000000
835     -1790703.250000
836     -1790790.500000
837     -1790876.875000
838     -1790963.250000
839     -1791049.750000
840     -1791134.500000
841     -1791220.625000
842     -1791303.375000
843     -1791388.250000
844     -1791472.000000
845     -1791555.875000
846     -1791637.750000
847     -1791720.375000
848     -1791801.750000
849     -1791883.750000
850     -1791965.500000
851     -1792047.250000
852     -1792127.750000
853     -1792207.750000
854     -1792287.250000
855     -1792367.250000
856     -1792446.750000
857     -1792524.875000
858     -1792603.000000
859     -1792681.750000
860     -1792760.000000
861     -1792837.500000
862     -1792914.750000
863     -1792990.875000
864     -1793067.750000
865     -1793143.500000
866     -1793219.000000
867     -1793295.250000
868     -1793370.250000
869     -1793445.750000
870     -1793520.125000
871     -1793595.500000
872     -1793668.750000
873     -1793742.750000
874     -1793816.000000
875     -1793889.000000
876     -1793961.500000
877     -1794033.625000
878     -1794106.375000
879     -1794178.500000
880     -1794247.750000
881     -1794320.250000
882     -1794390.250000
883     -1794461.000000
884     -1794532.250000
885     -1794601.250000
886     -1794670.500000
887     -1794740.875000
888     -1794810.250000
889     -1794878.750000
890     -1794947.500000
891     -1795016.500000
892     -1795083.625000
893     -1795152.375000
894     -1795220.375000
895     -1795287.500000
896     -1795354.500000
897     -1795421.000000
898     -1795487.250000
899     -1795554.750000
900     -1795619.500000
901     -1795685.250000
902     -1795752.750000
903     -1795816.750000
904     -1795882.250000
905     -1795947.375000
906     -1796011.000000
907     -1796076.000000
908     -1796140.125000
909     -1796203.000000
910     -1796266.750000
911     -1796330.000000
912     -1796394.250000
913     -1796456.500000
914     -1796519.000000
915     -1796582.500000
916     -1796644.500000
917     -1796706.250000
918     -1796767.250000
919     -1796830.500000
920     -1796891.500000
921     -1796952.750000
922     -1797014.125000
923     -1797074.750000
924     -1797135.250000
925     -1797196.000000
926     -1797256.000000
927     -1797316.625000
928     -1797375.750000
929     -1797435.750000
930     -1797494.000000
931     -1797554.500000
932     -1797612.875000
933     -1797671.250000
934     -1797729.500000
935     -1797788.750000
936     -1797846.500000
937     -1797903.750000
938     -1797961.625000
939     -1798019.125000
940     -1798076.875000
941     -1798134.750000
942     -1798190.500000
943     -1798247.625000
944     -1798304.250000
945     -1798360.625000
946     -1798416.625000
947     -1798473.500000
948     -1798528.375000
949     -1798584.375000
950     -1798640.250000
951     -1798695.250000
952     -1798748.875000
953     -1798804.000000
954     -1798858.750000
955     -1798913.250000
956     -1798967.375000
957     -1799021.500000
958     -1799075.250000
959     -1799128.875000
960     -1799182.750000
961     -1799235.750000
962     -1799288.500000
963     -1799341.500000
964     -1799393.500000
965     -1799445.625000
966     -1799499.000000
967     -1799550.125000
968     -1799602.250000
969     -1799653.000000
970     -1799705.250000
971     -1799755.750000
972     -1799807.375000
973     -1799858.500000
974     -1799909.000000
975     -1799959.750000
976     -1800010.375000
977     -1800061.250000
978     -1800111.375000
979     -1800161.000000
980     -1800209.625000
981     -1800260.000000
982     -1800308.000000
983     -1800357.000000
984     -1800406.000000
985     -1800455.625000
986     -1800504.000000
987     -1800551.750000
988     -1800600.500000
989     -1800648.000000
990     -1800696.250000
991     -1800743.000000
992     -1800791.875000
993     -1800839.500000
994     -1800886.250000
995     -1800933.750000
996     -1800981.000000
997     -1801027.500000
998     -1801073.750000
999     -1801121.625000
1000    -1801167.750000
1001    -1801214.500000
1002    -1801260.500000
1003    -1801306.125000
1004    -1801352.500000
1005    -1801398.500000
1006    -1801443.125000
1007    -1801488.750000
1008    -1801534.000000
1009    -1801579.500000
1010    -1801625.250000
1011    -1801669.875000
1012    -1801714.625000
1013    -1801758.500000
1014    -1801803.750000
1015    -1801847.625000
1016    -1801891.750000
1017    -1801936.125000
1018    -1801979.875000
1019    -1802023.250000
1020    -1802067.750000
1021    -1802111.125000
1022    -1802154.625000
1023    -1802198.250000
1024    -1802241.500000
1025    -1802284.000000
1026    -1802327.750000
1027    -1802371.750000
1028    -1802413.000000
1029    -1802456.250000
1030    -1802499.000000
1031    -1802541.500000
1032    -1802583.500000
1033    -1802624.750000
1034    -1802667.500000
1035    -1802709.750000
1036    -1802751.500000
1037    -1802794.375000
1038    -1802835.250000
1039    -1802877.000000
1040    -1802918.125000
1041    -1802959.625000
1042    -1803000.875000
1043    -1803042.000000
1044    -1803083.000000
1045    -1803124.000000
1046    -1803164.750000
1047    -1803205.250000
1048    -1803245.500000
1049    -1803286.250000
1050    -1803327.000000
1051    -1803366.000000
1052    -1803406.750000
1053    -1803446.125000
1054    -1803487.375000
1055    -1803526.500000
1056    -1803566.750000
1057    -1803606.250000
1058    -1803645.750000
1059    -1803685.250000
1060    -1803724.750000
1061    -1803763.250000
1062    -1803802.000000
1063    -1803840.250000
1064    -1803879.250000
1065    -1803918.250000
1066    -1803957.250000
1067    -1803995.875000
1068    -1804034.500000
1069    -1804072.750000
1070    -1804111.000000
1071    -1804149.125000
1072    -1804186.375000
1073    -1804224.500000
1074    -1804263.000000
1075    -1804300.250000
1076    -1804338.500000
1077    -1804375.625000
1078    -1804412.500000
1079    -1804450.375000
1080    -1804488.000000
1081    -1804525.000000
1082    -1804562.250000
1083    -1804599.500000
1084    -1804635.875000
1085    -1804673.125000
1086    -1804709.500000
1087    -1804746.000000
1088    -1804783.500000
1089    -1804819.000000
1090    -1804855.750000
1091    -1804892.375000
1092    -1804928.250000
1093    -1804965.250000
1094    -1805001.000000
1095    -1805038.000000
1096    -1805073.000000
1097    -1805109.000000
1098    -1805145.125000
1099    -1805180.500000
1100    -1805216.750000
1101    -1805252.375000
1102    -1805287.750000
1103    -1805322.500000
1104    -1805358.125000
1105    -1805393.500000
1106    -1805429.000000
1107    -1805464.500000
1108    -1805499.250000
1109    -1805535.125000
1110    -1805569.500000
1111    -1805603.625000
1112    -1805639.000000
1113    -1805673.500000
1114    -1805707.375000
1115    -1805743.125000
1116    -1805777.250000
1117    -1805811.000000
1118    -1805846.375000
1119    -1805880.625000
1120    -1805913.750000
1121    -1805948.000000
1122    -1805982.250000
1123    -1806015.750000
1124    -1806049.250000
1125    -1806083.125000
1126    -1806117.000000
1127    -1806150.250000
1128    -1806184.750000
1129    -1806217.500000
1130    -1806251.625000
1131    -1806284.000000
1132    -1806317.500000
1133    -1806351.000000
1134    -1806384.375000
1135    -1806417.375000
1136    -1806449.750000
1137    -1806482.500000
1138    -1806515.625000
1139    -1806548.875000
1140    -1806581.500000
1141    -1806614.250000
1142    -1806646.250000
1143    -1806678.625000
1144    -1806711.250000
1145    -1806743.875000
1146    -1806775.750000
1147    -1806808.250000
1148    -1806839.625000
1149    -1806872.000000
1150    -1806903.875000
1151    -1806935.375000
1152    -1806967.000000
1153    -1806999.000000
1154    -1807030.750000
1155    -1807062.375000
1156    -1807093.000000
1157    -1807125.375000
1158    -1807156.250000
1159    -1807188.000000
1160    -1807219.250000
1161    -1807250.750000
1162    -1807282.125000
1163    -1807313.625000
1164    -1807344.125000
1165    -1807375.750000
1166    -1807406.500000
1167    -1807436.500000
1168    -1807469.000000
1169    -1807499.625000
1170    -1807530.000000
1171    -1807560.875000
1172    -1807591.375000
1173    -1807622.375000
1174    -1807652.375000
1175    -1807683.250000
1176    -1807713.500000
1177    -1807743.500000
1178    -1807773.250000
1179    -1807804.125000
1180    -1807834.625000
1181    -1807864.875000
1182    -1807895.000000
1183    -1807924.625000
1184    -1807954.500000
1185    -1807984.500000
1186    -1808014.375000
1187    -1808044.125000
1188    -1808074.000000
1189    -1808103.125000
1190    -1808133.250000
1191    -1808162.125000
1192    -1808191.500000
1193    -1808221.875000
1194    -1808250.750000
1195    -1808280.750000
1196    -1808309.500000
1197    -1808339.375000
1198    -1808367.875000
1199    -1808397.125000
1200    -1808426.000000
1201    -1808455.125000
1202    -1808484.250000
1203    -1808512.750000
1204    -1808542.000000
1205    -1808570.250000
1206    -1808599.000000
1207    -1808627.875000
1208    -1808656.500000
1209    -1808684.750000
1210    -1808713.000000
1211    -1808742.000000
1212    -1808770.000000
1213    -1808798.250000
1214    -1808827.000000
1215    -1808854.875000
1216    -1808883.250000
1217    -1808910.500000
1218    -1808938.500000
1219    -1808967.375000
1220    -1808994.125000
1221    -1809022.375000
1222    -1809049.500000
1223    -1809077.500000
1224    -1809105.000000
1225    -1809132.500000
1226    -1809159.500000
1227    -1809187.750000
1228    -1809214.000000
1229    -1809241.000000
1230    -1809268.000000
1231    -1809295.750000
1232    -1809322.750000
1233    -1809349.750000
1234    -1809376.250000
1235    -1809402.500000
1236    -1809429.750000
1237    -1809456.250000
1238    -1809482.875000
1239    -1809509.375000
1240    -1809535.500000
1241    -1809562.250000
1242    -1809588.750000
1243    -1809614.500000
1244    -1809640.500000
1245    -1809666.750000
1246    -1809693.000000
1247    -1809718.875000
1248    -1809745.625000
1249    -1809771.000000
1250    -1809796.375000
1251    -1809822.500000
1252    -1809847.750000
1253    -1809873.625000
1254    -1809899.000000
1255    -1809924.250000
1256    -1809949.250000
1257    -1809975.500000
1258    -1810001.000000
1259    -1810025.750000
1260    -1810051.500000
1261    -1810077.000000
1262    -1810101.250000
1263    -1810127.500000
1264    -1810151.500000
1265    -1810176.750000
1266    -1810202.500000
1267    -1810227.000000
1268    -1810251.750000
1269    -1810276.500000
1270    -1810301.625000
1271    -1810325.750000
1272    -1810350.750000
1273    -1810375.000000
1274    -1810399.250000
1275    -1810424.000000
1276    -1810449.000000
1277    -1810472.500000
1278    -1810496.250000
1279    -1810520.625000
1280    -1810544.750000
1281    -1810569.000000
1282    -1810592.875000
1283    -1810616.750000
1284    -1810640.500000
1285    -1810665.000000
1286    -1810688.500000
1287    -1810711.750000
1288    -1810736.250000
1289    -1810759.000000
1290    -1810783.250000
1291    -1810806.750000
1292    -1810829.875000
1293    -1810853.375000
1294    -1810877.250000
1295    -1810900.500000
1296    -1810922.750000
1297    -1810947.000000
1298    -1810970.000000
1299    -1810993.250000
1300    -1811016.250000
1301    -1811039.500000
1302    -1811062.000000
1303    -1811085.250000
1304    -1811108.500000
1305    -1811130.500000
1306    -1811153.500000
1307    -1811176.000000
1308    -1811198.750000
1309    -1811221.500000
1310    -1811244.125000
1311    -1811267.500000
1312    -1811289.500000
1313    -1811312.625000
1314    -1811334.375000
1315    -1811356.250000
1316    -1811379.500000
1317    -1811401.250000
1318    -1811423.250000
1319    -1811445.250000
1320    -1811467.000000
1321    -1811489.750000
1322    -1811511.875000
1323    -1811533.625000
1324    -1811555.750000
1325    -1811577.500000
1326    -1811599.125000
1327    -1811621.000000
1328    -1811642.500000
1329    -1811664.750000
1330    -1811686.000000
1331    -1811707.625000
1332    -1811729.750000
1333    -1811751.375000
1334    -1811772.500000
1335    -1811793.750000
1336    -1811815.250000
1337    -1811836.625000
1338    -1811857.500000
1339    -1811879.250000
1340    -1811900.000000
1341    -1811921.625000
1342    -1811941.875000
1343    -1811963.750000
1344    -1811983.750000
1345    -1812005.750000
1346    -1812026.000000
1347    -1812047.000000
1348    -1812068.250000
1349    -1812089.250000
1350    -1812109.750000
1351    -1812130.500000
1352    -1812151.250000
1353    -1812172.250000
1354    -1812192.875000
1355    -1812213.000000
1356    -1812233.500000
1357    -1812253.750000
1358    -1812274.250000
1359    -1812295.750000
1360    -1812316.000000
1361    -1812335.875000
1362    -1812356.000000
1363    -1812376.500000
1364    -1812396.250000
1365    -1812416.875000
1366    -1812437.000000
1367    -1812457.250000
1368    -1812477.500000
1369    -1812496.750000
1370    -1812516.375000
1371    -1812537.000000
1372    -1812557.000000
1373    -1812577.000000
1374    -1812597.250000
1375    -1812616.750000
1376    -1812636.375000
1377    -1812656.250000
1378    -1812676.250000
1379    -1812696.500000
1380    -1812715.375000
1381    -1812735.375000
1382    -1812754.750000
1383    -1812774.750000
1384    -1812793.875000
1385    -1812813.750000
1386    -1812833.500000
1387    -1812852.250000
1388    -1812872.125000
1389    -1812890.875000
1390    -1812909.875000
1391    -1812929.750000
1392    -1812949.125000
1393    -1812967.750000
1394    -1812987.250000
1395    -1813006.875000
1396    -1813026.000000
1397    -1813045.250000
1398    -1813064.500000
1399    -1813084.000000
1400    -1813102.250000
1401    -1813122.000000
1402    -1813141.125000
1403    -1813159.250000
1404    -1813179.000000
1405    -1813197.375000
1406    -1813215.500000
1407    -1813235.500000
1408    -1813254.000000
1409    -1813272.625000
1410    -1813291.000000
1411    -1813309.500000
1412    -1813328.250000
1413    -1813347.250000
1414    -1813365.500000
1415    -1813383.625000
1416    -1813402.500000
1417    -1813421.250000
1418    -1813439.250000
1419    -1813457.250000
1420    -1813475.875000
1421    -1813494.625000
1422    -1813512.500000
1423    -1813530.750000
1424    -1813549.500000
1425    -1813567.875000
1426    -1813585.750000
1427    -1813604.000000
1428    -1813622.000000
1429    -1813640.000000
1430    -1813658.500000
1431    -1813675.875000
1432    -1813694.500000
1433    -1813712.500000
1434    -1813730.375000
1435    -1813748.500000
1436    -1813766.750000
1437    -1813784.250000
1438    -1813802.125000
1439    -1813820.125000
1440    -1813838.625000
1441    -1813855.500000
1442    -1813874.000000
1443    -1813891.875000
1444    -1813909.250000
1445    -1813927.375000
1446    -1813944.875000
1447    -1813963.000000
1448    -1813980.125000
1449    -1813998.000000
1450    -1814016.000000
1451    -1814033.000000
1452    -1814051.250000
1453    -1814068.500000
1454    -1814086.000000
1455    -1814103.625000
1456    -1814121.000000
1457    -1814138.250000
1458    -1814155.500000
1459    -1814172.500000
1460    -1814189.500000
1461    -1814207.000000
1462    -1814224.250000
1463    -1814241.500000
1464    -1814258.625000
1465    -1814275.125000
1466    -1814292.000000
1467    -1814309.500000
1468    -1814326.750000
1469    -1814344.000000
1470    -1814360.500000
1471    -1814377.625000
1472    -1814393.500000
1473    -1814410.500000
1474    -1814427.250000
1475    -1814444.125000
1476    -1814461.000000
1477    -1814478.250000
1478    -1814494.750000
1479    -1814511.750000
1480    -1814528.000000
1481    -1814545.250000
1482    -1814561.500000
1483    -1814578.250000
1484    -1814594.750000
1485    -1814611.750000
1486    -1814628.500000
1487    -1814644.375000
1488    -1814660.500000
1489    -1814677.500000
1490    -1814694.000000
1491    -1814710.500000
1492    -1814726.750000
1493    -1814743.875000
1494    -1814759.750000
1495    -1814776.625000
1496    -1814793.000000
