Step            Loss
--------------------
1       12668.889648
2        9242.764648
3        5807.840332
4        2381.983887
5       -1050.906616
6       -4477.992188
7       -7906.461426
8       -11337.976562
9       -14765.156250
10      -18196.277344
11      -21625.242188
12      -25054.337891
13      -28481.404297
14      -31910.392578
15      -35343.410156
16      -38770.226562
17      -42205.171875
18      -45635.843750
19      -49071.285156
20      -52501.171875
21      -55937.824219
22      -59378.570312
23      -62816.089844
24      -66256.390625
25      -69696.312500
26      -73143.625000
27      -76588.273438
28      -80034.078125
29      -83485.906250
30      -86933.578125
31      -90397.445312
32      -93851.218750
33      -97312.296875
34      -100774.968750
35      -104242.515625
36      -107707.859375
37      -111182.343750
38      -114663.007812
39      -118142.218750
40      -121627.093750
41      -125117.359375
42      -128606.867188
43      -132103.718750
44      -135607.234375
45      -139106.906250
46      -142616.656250
47      -146130.921875
48      -149649.593750
49      -153175.593750
50      -156704.109375
51      -160240.734375
52      -163777.218750
53      -167323.062500
54      -170869.875000
55      -174424.734375
56      -177989.500000
57      -181553.703125
58      -185127.000000
59      -188702.593750
60      -192286.593750
61      -195876.812500
62      -199475.921875
63      -203078.343750
64      -206684.156250
65      -210300.718750
66      -213922.781250
67      -217553.171875
68      -221185.281250
69      -224828.843750
70      -228476.906250
71      -232129.546875
72      -235790.921875
73      -239455.468750
74      -243135.781250
75      -246818.593750
76      -250506.187500
77      -254203.578125
78      -257913.406250
79      -261620.562500
80      -265336.781250
81      -269062.812500
82      -272796.312500
83      -276538.531250
84      -280281.218750
85      -284037.625000
86      -287796.437500
87      -291574.000000
88      -295347.937500
89      -299133.312500
90      -302922.312500
91      -306723.062500
92      -310530.593750
93      -314342.437500
94      -318163.781250
95      -321996.687500
96      -325836.156250
97      -329678.562500
98      -333529.000000
99      -337389.062500
100     -341257.562500
101     -345135.062500
102     -349013.656250
103     -352904.875000
104     -356802.625000
105     -360705.687500
106     -364619.187500
107     -368538.750000
108     -372464.625000
109     -376396.312500
110     -380337.781250
111     -384288.500000
112     -388240.906250
113     -392204.062500
114     -396175.500000
115     -400152.375000
116     -404134.906250
117     -408124.625000
118     -412122.312500
119     -416127.593750
120     -420140.406250
121     -424161.187500
122     -428184.000000
123     -432214.625000
124     -436254.750000
125     -440292.375000
126     -444345.375000
127     -448402.750000
128     -452469.500000
129     -456539.187500
130     -460617.062500
131     -464695.906250
132     -468788.812500
133     -472879.250000
134     -476978.750000
135     -481084.031250
136     -485196.375000
137     -489310.687500
138     -493434.687500
139     -497566.906250
140     -501697.062500
141     -505838.562500
142     -509976.437500
143     -514131.125000
144     -518283.156250
145     -522444.062500
146     -526609.687500
147     -530774.125000
148     -534946.000000
149     -539122.375000
150     -543304.000000
151     -547488.125000
152     -551680.250000
153     -555871.875000
154     -560073.375000
155     -564276.750000
156     -568480.500000
157     -572690.437500
158     -576900.125000
159     -581117.437500
160     -585342.250000
161     -589562.875000
162     -593793.750000
163     -598012.375000
164     -602250.312500
165     -606484.000000
166     -610720.500000
167     -614957.750000
168     -619208.500000
169     -623444.437500
170     -627693.750000
171     -631937.187500
172     -636191.375000
173     -640440.625000
174     -644697.937500
175     -648952.875000
176     -653202.937500
177     -657460.625000
178     -661719.625000
179     -665978.875000
180     -670237.062500
181     -674502.125000
182     -678762.875000
183     -683024.875000
184     -687285.750000
185     -691552.000000
186     -695816.875000
187     -700079.500000
188     -704339.750000
189     -708607.937500
190     -712863.750000
191     -717129.500000
192     -721390.875000
193     -725652.562500
194     -729903.750000
195     -734161.812500
196     -738425.625000
197     -742683.687500
198     -746936.687500
199     -751193.500000
200     -755445.500000
201     -759695.375000
202     -763943.375000
203     -768189.000000
204     -772437.750000
205     -776678.250000
206     -780919.312500
207     -785153.250000
208     -789385.625000
209     -793617.250000
210     -797841.750000
211     -802076.375000
212     -806294.062500
213     -810517.062500
214     -814730.187500
215     -818948.562500
216     -823156.062500
217     -827364.875000
218     -831562.562500
219     -835761.750000
220     -839956.687500
221     -844154.187500
222     -848325.687500
223     -852508.750000
224     -856684.500000
225     -860861.500000
226     -865018.125000
227     -869186.250000
228     -873344.687500
229     -877496.250000
230     -881640.500000
231     -885785.625000
232     -889917.812500
233     -894047.812500
234     -898170.812500
235     -902289.437500
236     -906406.250000
237     -910512.187500
238     -914612.000000
239     -918707.125000
240     -922793.500000
241     -926881.437500
242     -930950.750000
243     -935024.937500
244     -939089.500000
245     -943144.312500
246     -947196.812500
247     -951236.375000
248     -955267.250000
249     -959299.375000
250     -963317.000000
251     -967335.375000
252     -971333.687500
253     -975339.250000
254     -979332.500000
255     -983313.500000
256     -987292.875000
257     -991252.625000
258     -995212.125000
259     -999164.187500
260     -1003109.937500
261     -1007043.250000
262     -1010973.000000
263     -1014895.062500
264     -1018804.375000
265     -1022703.000000
266     -1026600.937500
267     -1030476.000000
268     -1034357.250000
269     -1038219.125000
270     -1042080.250000
271     -1045928.750000
272     -1049770.500000
273     -1053592.625000
274     -1057422.000000
275     -1061232.000000
276     -1065026.375000
277     -1068819.500000
278     -1072598.750000
279     -1076377.000000
280     -1080137.000000
281     -1083890.375000
282     -1087629.500000
283     -1091359.875000
284     -1095085.000000
285     -1098798.500000
286     -1102501.375000
287     -1106187.750000
288     -1109872.125000
289     -1113544.000000
290     -1117202.500000
291     -1120846.750000
292     -1124489.875000
293     -1128116.500000
294     -1131732.500000
295     -1135344.250000
296     -1138935.250000
297     -1142519.250000
298     -1146092.000000
299     -1149661.000000
300     -1153212.625000
301     -1156751.750000
302     -1160282.000000
303     -1163806.750000
304     -1167308.750000
305     -1170807.875000
306     -1174292.750000
307     -1177769.750000
308     -1181230.625000
309     -1184679.750000
310     -1188124.750000
311     -1191547.125000
312     -1194969.000000
313     -1198375.500000
314     -1201775.500000
315     -1205149.750000
316     -1208520.500000
317     -1211885.625000
318     -1215237.500000
319     -1218567.250000
320     -1221893.125000
321     -1225200.000000
322     -1228503.750000
323     -1231782.125000
324     -1235063.500000
325     -1238322.750000
326     -1241578.000000
327     -1244813.625000
328     -1248043.375000
329     -1251254.000000
330     -1254456.875000
331     -1257644.375000
332     -1260824.000000
333     -1263991.375000
334     -1267146.500000
335     -1270286.750000
336     -1273417.000000
337     -1276537.625000
338     -1279636.500000
339     -1282728.750000
340     -1285809.625000
341     -1288873.000000
342     -1291927.000000
343     -1294973.750000
344     -1298005.125000
345     -1301021.875000
346     -1304030.250000
347     -1307015.750000
348     -1309990.500000
349     -1312962.750000
350     -1315918.375000
351     -1318858.250000
352     -1321784.500000
353     -1324708.000000
354     -1327609.750000
355     -1330499.750000
356     -1333377.750000
357     -1336247.000000
358     -1339097.500000
359     -1341940.000000
360     -1344768.750000
361     -1347580.250000
362     -1350386.750000
363     -1353176.000000
364     -1355949.750000
365     -1358712.750000
366     -1361466.125000
367     -1364204.750000
368     -1366925.625000
369     -1369640.750000
370     -1372344.000000
371     -1375031.500000
372     -1377708.125000
373     -1380379.000000
374     -1383019.250000
375     -1385660.375000
376     -1388281.750000
377     -1390888.750000
378     -1393487.125000
379     -1396077.000000
380     -1398652.000000
381     -1401201.500000
382     -1403754.625000
383     -1406290.875000
384     -1408809.000000
385     -1411320.625000
386     -1413813.750000
387     -1416300.750000
388     -1418775.750000
389     -1421232.500000
390     -1423684.625000
391     -1426112.750000
392     -1428539.250000
393     -1430945.000000
394     -1433340.000000
395     -1435732.000000
396     -1438104.375000
397     -1440465.875000
398     -1442808.750000
399     -1445152.875000
400     -1447473.625000
401     -1449771.750000
402     -1452078.750000
403     -1454358.000000
404     -1456630.500000
405     -1458886.875000
406     -1461136.875000
407     -1463368.500000
408     -1465594.250000
409     -1467806.125000
410     -1470005.500000
411     -1472186.500000
412     -1474360.250000
413     -1476518.000000
414     -1478667.625000
415     -1480802.625000
416     -1482918.625000
417     -1485029.125000
418     -1487124.250000
419     -1489208.000000
420     -1491278.000000
421     -1493344.125000
422     -1495387.250000
423     -1497419.500000
424     -1499445.750000
425     -1501460.125000
426     -1503460.625000
427     -1505446.500000
428     -1507418.750000
429     -1509382.750000
430     -1511330.750000
431     -1513273.000000
432     -1515198.000000
433     -1517115.500000
434     -1519013.625000
435     -1520908.750000
436     -1522796.750000
437     -1524658.625000
438     -1526510.875000
439     -1528351.000000
440     -1530179.250000
441     -1531994.000000
442     -1533795.750000
443     -1535589.375000
444     -1537369.875000
445     -1539144.250000
446     -1540901.875000
447     -1542645.375000
448     -1544380.000000
449     -1546103.250000
450     -1547814.125000
451     -1549518.250000
452     -1551206.250000
453     -1552886.625000
454     -1554551.500000
455     -1556208.500000
456     -1557857.875000
457     -1559489.875000
458     -1561112.500000
459     -1562722.875000
460     -1564326.000000
461     -1565914.500000
462     -1567498.250000
463     -1569064.500000
464     -1570629.000000
465     -1572176.000000
466     -1573715.625000
467     -1575241.500000
468     -1576761.250000
469     -1578260.750000
470     -1579758.875000
471     -1581244.125000
472     -1582723.625000
473     -1584191.250000
474     -1585647.000000
475     -1587097.000000
476     -1588529.000000
477     -1589955.000000
478     -1591375.125000
479     -1592780.000000
480     -1594174.625000
481     -1595560.375000
482     -1596939.500000
483     -1598304.750000
484     -1599666.500000
485     -1601014.000000
486     -1602346.500000
487     -1603673.250000
488     -1604994.250000
489     -1606301.750000
490     -1607599.250000
491     -1608890.375000
492     -1610168.500000
493     -1611434.000000
494     -1612693.000000
495     -1613946.750000
496     -1615185.500000
497     -1616418.000000
498     -1617637.000000
499     -1618845.500000
500     -1620046.500000
501     -1621235.750000
502     -1622425.000000
503     -1623598.500000
504     -1624764.000000
505     -1625919.500000
506     -1627068.000000
507     -1628207.250000
508     -1629331.500000
509     -1630453.250000
510     -1631564.750000
511     -1632666.625000
512     -1633759.625000
513     -1634848.000000
514     -1635924.750000
515     -1636996.250000
516     -1638055.000000
517     -1639106.500000
518     -1640144.625000
519     -1641179.750000
520     -1642201.125000
521     -1643221.000000
522     -1644232.500000
523     -1645230.750000
524     -1646220.750000
525     -1647201.750000
