Step            Loss
--------------------
1         149.091217
2         121.258270
3          93.422241
4          65.582916
5          37.740387
6           9.894188
7         -17.956154
8         -45.811081
9         -73.671440
10       -101.537598
11       -129.410217
12       -157.290192
13       -185.178207
14       -213.075012
15       -240.981445
16       -268.898132
17       -296.826141
18       -324.765930
19       -352.718384
20       -380.684204
21       -408.664154
22       -436.659058
23       -464.669434
24       -492.696350
25       -520.740601
26       -548.802856
27       -576.884033
28       -604.984863
29       -633.106201
30       -661.249084
31       -689.414429
32       -717.602905
33       -745.815613
34       -774.053467
35       -802.317261
36       -830.608276
37       -858.927002
38       -887.274597
39       -915.652039
40       -944.060303
41       -972.500366
42      -1000.972900
43      -1029.479004
44      -1058.019531
45      -1086.595459
46      -1115.207764
47      -1143.857178
48      -1172.544678
49      -1201.271118
50      -1230.037354
51      -1258.843994
52      -1287.692383
53      -1316.582764
54      -1345.516357
55      -1374.493530
56      -1403.515625
57      -1432.583008
58      -1461.696167
59      -1490.855957
60      -1520.063477
61      -1549.318848
62      -1578.623169
63      -1607.976562
64      -1637.379883
65      -1666.833984
66      -1696.339111
67      -1725.895508
68      -1755.504272
69      -1785.165283
70      -1814.879761
71      -1844.647461
72      -1874.469116
73      -1904.344971
74      -1934.275513
75      -1964.260742
76      -1994.301758
77      -2024.398193
78      -2054.550293
79      -2084.758789
80      -2115.023438
81      -2145.344727
82      -2175.722412
83      -2206.157471
84      -2236.649414
85      -2267.198242
86      -2297.804199
87      -2328.467529
88      -2359.188232
89      -2389.966309
90      -2420.801514
91      -2451.694092
92      -2482.644043
93      -2513.650879
94      -2544.714844
95      -2575.835938
96      -2607.013916
97      -2638.248535
98      -2669.539551
99      -2700.886719
100     -2732.290283
101     -2763.749512
102     -2795.264648
103     -2826.834961
104     -2858.460449
105     -2890.140625
106     -2921.875244
107     -2953.664062
108     -2985.506836
109     -3017.402832
110     -3049.351807
111     -3081.353027
112     -3113.407227
113     -3145.512451
114     -3177.668945
115     -3209.876709
116     -3242.134277
117     -3274.442139
118     -3306.798828
119     -3339.204590
120     -3371.658691
121     -3404.160156
122     -3436.708740
123     -3469.303955
124     -3501.945312
125     -3534.631348
126     -3567.362549
127     -3600.137451
128     -3632.956543
129     -3665.817383
130     -3698.720947
131     -3731.665771
132     -3764.651123
133     -3797.676758
134     -3830.741211
135     -3863.844482
136     -3896.985352
137     -3930.163574
138     -3963.378418
139     -3996.628174
140     -4029.913330
141     -4063.232178
142     -4096.584473
143     -4129.969727
144     -4163.385254
145     -4196.832520
146     -4230.309082
147     -4263.813477
148     -4297.346680
149     -4330.906250
150     -4364.485352
151     -4398.090820
152     -4431.721191
153     -4465.375488
154     -4499.053223
155     -4532.752930
156     -4566.474609
157     -4600.216797
158     -4633.978516
159     -4667.759277
160     -4701.558105
161     -4735.374023
162     -4769.206055
163     -4803.045898
164     -4836.889648
165     -4870.746582
166     -4904.616211
167     -4938.497070
168     -4972.388672
169     -5006.290039
170     -5040.200195
171     -5074.117676
172     -5108.042480
173     -5141.973145
174     -5175.909180
175     -5209.849121
176     -5243.791992
177     -5277.737305
178     -5311.684570
179     -5345.631836
180     -5379.578613
181     -5413.523926
182     -5447.466797
183     -5481.406738
184     -5515.342285
185     -5549.272949
186     -5583.197266
187     -5617.115234
188     -5651.024414
189     -5684.925781
190     -5718.816895
191     -5752.697754
192     -5786.567383
193     -5820.424316
194     -5854.267578
195     -5888.075195
196     -5921.864258
197     -5955.637695
198     -5989.394531
199     -6023.133789
200     -6056.854492
201     -6090.555664
202     -6124.236816
203     -6157.896973
204     -6191.535156
205     -6225.150391
206     -6258.741699
207     -6292.309570
208     -6325.851562
209     -6359.367188
210     -6392.855469
211     -6426.316895
212     -6459.749023
213     -6493.140625
214     -6526.483398
215     -6559.795410
216     -6593.076172
217     -6626.324219
218     -6659.538086
219     -6692.718750
220     -6725.864258
221     -6758.973633
222     -6792.047363
223     -6825.083496
224     -6858.082031
225     -6891.041504
226     -6923.961914
227     -6956.841797
228     -6989.681641
229     -7022.479004
230     -7055.234375
231     -7087.947266
232     -7120.616211
233     -7153.240723
234     -7185.820312
235     -7218.354492
236     -7250.837402
237     -7283.270508
238     -7315.651367
239     -7347.973633
240     -7380.238281
241     -7412.454102
242     -7444.603516
243     -7476.696289
244     -7508.734375
245     -7540.711426
246     -7572.636719
247     -7604.508301
248     -7636.325684
249     -7668.073242
250     -7699.738281
251     -7731.340820
252     -7762.884766
253     -7794.372070
254     -7825.802246
255     -7857.174316
256     -7888.474609
257     -7919.664062
258     -7950.788086
259     -7981.837891
260     -8012.827637
261     -8043.755859
262     -8074.599609
263     -8105.343750
264     -8136.024414
265     -8166.615723
266     -8197.144531
267     -8227.609375
268     -8258.009766
269     -8288.345703
270     -8318.617188
271     -8348.821289
272     -8378.935547
273     -8408.983398
274     -8438.964844
275     -8468.878906
276     -8498.726562
277     -8528.492188
278     -8558.175781
279     -8587.759766
280     -8617.257812
281     -8646.687500
282     -8676.046875
283     -8705.333008
284     -8734.537109
285     -8763.655273
286     -8792.695312
287     -8821.662109
288     -8850.544922
289     -8879.348633
290     -8908.072266
291     -8936.706055
292     -8965.254883
293     -8993.729492
294     -9022.130859
295     -9050.458008
296     -9078.710938
297     -9106.875000
298     -9134.937500
299     -9162.911133
300     -9190.774414
301     -9218.514648
302     -9246.180664
303     -9273.761719
304     -9301.268555
305     -9328.698242
306     -9356.049805
307     -9383.303711
308     -9410.480469
309     -9437.572266
310     -9464.558594
311     -9491.463867
312     -9518.273438
313     -9544.999023
314     -9571.576172
315     -9598.037109
316     -9624.395508
317     -9650.666016
318     -9676.836914
319     -9702.921875
320     -9728.915039
321     -9754.824219
322     -9780.636719
323     -9806.350586
324     -9831.972656
325     -9857.511719
326     -9882.945312
327     -9908.300781
328     -9933.578125
329     -9958.769531
330     -9983.872070
331     -10008.873047
332     -10033.744141
333     -10058.530273
334     -10083.231445
335     -10107.849609
336     -10132.361328
337     -10156.746094
338     -10181.016602
339     -10205.202148
340     -10229.308594
341     -10253.337891
342     -10277.289062
343     -10301.162109
344     -10324.955078
345     -10348.636719
346     -10372.227539
347     -10395.738281
348     -10419.169922
349     -10442.519531
350     -10465.718750
351     -10488.820312
352     -10511.843750
353     -10534.774414
354     -10557.596680
355     -10580.333008
356     -10602.986328
357     -10625.535156
358     -10647.982422
359     -10670.343750
360     -10692.628906
361     -10714.810547
362     -10736.902344
363     -10758.911133
364     -10780.817383
365     -10802.582031
366     -10824.213867
367     -10845.728516
368     -10867.158203
369     -10888.458984
370     -10909.667969
371     -10930.799805
372     -10951.830078
373     -10972.719727
374     -10993.501953
375     -11014.188477
376     -11034.787109
377     -11055.310547
378     -11075.761719
379     -11096.087891
380     -11116.241211
381     -11136.289062
382     -11156.255859
383     -11176.144531
384     -11195.953125
385     -11215.626953
386     -11235.152344
387     -11254.603516
388     -11273.974609
389     -11293.261719
390     -11312.471680
391     -11331.599609
392     -11350.640625
393     -11369.603516
394     -11388.496094
395     -11407.291992
396     -11426.000977
397     -11444.632812
398     -11463.175781
399     -11481.591797
400     -11499.876953
401     -11518.062500
402     -11536.134766
403     -11554.123047
404     -11572.011719
405     -11589.830078
406     -11607.581055
407     -11625.251953
408     -11642.837891
409     -11660.353516
410     -11677.790039
411     -11695.156250
412     -11712.443359
413     -11729.570312
414     -11746.609375
415     -11763.572266
416     -11780.437500
417     -11797.230469
418     -11813.937500
419     -11830.536133
420     -11847.041992
421     -11863.441406
422     -11879.744141
423     -11895.968750
424     -11912.068359
425     -11928.023438
426     -11943.890625
427     -11959.689453
428     -11975.426758
429     -11991.090820
430     -12006.661133
431     -12022.104492
432     -12037.450195
433     -12052.725586
434     -12067.914062
435     -12083.008789
436     -12097.978516
437     -12112.888672
438     -12127.724609
439     -12142.437500
440     -12157.076172
441     -12171.609375
442     -12186.021484
443     -12200.344727
444     -12214.561523
445     -12228.724609
446     -12242.815430
447     -12256.838867
448     -12270.799805
449     -12284.690430
450     -12298.472656
451     -12312.150391
452     -12325.708984
453     -12339.169922
454     -12352.541992
455     -12365.822266
456     -12378.996094
457     -12392.075195
458     -12405.074219
459     -12418.014648
460     -12430.906250
461     -12443.728516
462     -12456.483398
463     -12469.167969
464     -12481.763672
465     -12494.304688
466     -12506.765625
467     -12519.125000
468     -12531.380859
469     -12543.505859
470     -12555.521484
471     -12567.470703
472     -12579.365234
473     -12591.202148
474     -12602.956055
475     -12614.625000
476     -12626.195312
477     -12637.688477
478     -12649.107422
479     -12660.430664
480     -12671.698242
481     -12682.878906
482     -12694.006836
483     -12705.074219
484     -12716.070312
485     -12727.001953
486     -12737.833984
487     -12748.603516
488     -12759.291016
489     -12769.919922
490     -12780.472656
491     -12790.945312
492     -12801.371094
493     -12811.717773
494     -12821.976562
495     -12832.183594
496     -12842.332031
497     -12852.404297
498     -12862.372070
499     -12872.272461
500     -12882.101562
501     -12891.873047
502     -12901.566406
503     -12911.189453
504     -12920.736328
505     -12930.238281
506     -12939.691406
507     -12949.050781
508     -12958.316406
509     -12967.547852
510     -12976.726562
511     -12985.853516
512     -12994.923828
513     -13003.958984
514     -13012.925781
515     -13021.833984
516     -13030.682617
517     -13039.466797
518     -13048.185547
519     -13056.845703
520     -13065.427734
521     -13073.966797
522     -13082.449219
523     -13090.876953
524     -13099.265625
525     -13107.592773
526     -13115.841797
527     -13124.007812
