Step            Loss
--------------------
1           1.579407
2         -26.616043
3         -54.806015
4         -82.990280
5        -111.168907
6        -139.341843
7        -167.509399
8        -195.671387
9        -223.828278
10       -251.980530
11       -280.128571
12       -308.272705
13       -336.413452
14       -364.551331
15       -392.686859
16       -420.820679
17       -448.953369
18       -477.085938
19       -505.218658
20       -533.352539
21       -561.488281
22       -589.626709
23       -617.768799
24       -645.915100
25       -674.066772
26       -702.224731
27       -730.389832
28       -758.563171
29       -786.745544
30       -814.938049
31       -843.141846
32       -871.357727
33       -899.586853
34       -927.830322
35       -956.089111
36       -984.364197
37      -1012.656616
38      -1040.967529
39      -1069.298096
40      -1097.649048
41      -1126.021484
42      -1154.416504
43      -1182.835083
44      -1211.278320
45      -1239.747070
46      -1268.242432
47      -1296.765137
48      -1325.316650
49      -1353.897339
50      -1382.508301
51      -1411.150757
52      -1439.825317
53      -1468.532959
54      -1497.274536
55      -1526.050781
56      -1554.862793
57      -1583.711182
58      -1612.596436
59      -1641.520020
60      -1670.482300
61      -1699.483887
62      -1728.525879
63      -1757.608643
64      -1786.732910
65      -1815.899414
66      -1845.108887
67      -1874.361572
68      -1903.658447
69      -1933.000000
70      -1962.386719
71      -1991.819336
72      -2021.297974
73      -2050.823486
74      -2080.396240
75      -2110.016602
76      -2139.685059
77      -2169.402100
78      -2199.167969
79      -2228.983398
80      -2258.848145
81      -2288.763184
82      -2318.728516
83      -2348.744141
84      -2378.810791
85      -2408.928711
86      -2439.097656
87      -2469.318604
88      -2499.591309
89      -2529.915527
90      -2560.292236
91      -2590.721191
92      -2621.202393
93      -2651.736328
94      -2682.322754
95      -2712.961426
96      -2743.653320
97      -2774.397461
98      -2805.194824
99      -2836.044678
100     -2866.947266
101     -2897.902832
102     -2928.911133
103     -2959.971191
104     -2991.084473
105     -3022.249512
106     -3053.467285
107     -3084.736816
108     -3116.058838
109     -3147.432373
110     -3178.857178
111     -3210.333496
112     -3241.861328
113     -3273.440186
114     -3305.069336
115     -3336.749512
116     -3368.479248
117     -3400.258789
118     -3432.088379
119     -3463.966797
120     -3495.894287
121     -3527.870117
122     -3559.894531
123     -3591.966797
124     -3624.086182
125     -3656.252686
126     -3688.465820
127     -3720.725098
128     -3753.030273
129     -3785.380371
130     -3817.775879
131     -3850.215332
132     -3882.698730
133     -3915.225342
134     -3947.794922
135     -3980.407227
136     -4013.060547
137     -4045.755859
138     -4078.489014
139     -4111.258789
140     -4144.067383
141     -4176.915527
142     -4209.801758
143     -4242.726074
144     -4275.687012
145     -4308.685059
146     -4341.718750
147     -4374.788086
148     -4407.891602
149     -4441.029297
150     -4474.200195
151     -4507.403320
152     -4540.638672
153     -4573.905273
154     -4607.202637
155     -4640.528809
156     -4673.884766
157     -4707.269043
158     -4740.680664
159     -4774.119141
160     -4807.583008
161     -4841.073242
162     -4874.587891
163     -4908.125488
164     -4941.686523
165     -4975.269531
166     -5008.874023
167     -5042.499023
168     -5076.143555
169     -5109.807617
170     -5143.488281
171     -5177.187500
172     -5210.902344
173     -5244.633301
174     -5278.378906
175     -5312.137695
176     -5345.910156
177     -5379.693848
178     -5413.489258
179     -5447.295410
180     -5481.110352
181     -5514.934570
182     -5548.766602
183     -5582.604980
184     -5616.449219
185     -5650.298828
186     -5684.152344
187     -5718.009277
188     -5751.868164
189     -5785.728516
190     -5819.589844
191     -5853.420898
192     -5887.246094
193     -5921.068848
194     -5954.888672
195     -5988.704590
196     -6022.515625
197     -6056.320312
198     -6090.118164
199     -6123.909180
200     -6157.684082
201     -6191.442383
202     -6225.188965
203     -6258.924805
204     -6292.648926
205     -6326.358887
206     -6360.055176
207     -6393.735840
208     -6427.400391
209     -6461.048340
210     -6494.679199
211     -6528.290039
212     -6561.882324
213     -6595.453613
214     -6629.003418
215     -6662.531250
216     -6696.030273
217     -6729.480469
218     -6762.905762
219     -6796.305176
220     -6829.677734
221     -6863.023438
222     -6896.339844
223     -6929.627441
224     -6962.885254
225     -6996.111328
226     -7029.305664
227     -7062.467773
228     -7095.595703
229     -7128.689941
230     -7161.739746
231     -7194.748047
232     -7227.720703
233     -7260.655273
234     -7293.550781
235     -7326.407715
236     -7359.224121
237     -7392.000000
238     -7424.734375
239     -7457.425781
240     -7490.065918
241     -7522.660156
242     -7555.208984
243     -7587.712891
244     -7620.164062
245     -7652.561523
246     -7684.911133
247     -7717.212891
248     -7749.464844
249     -7781.659668
250     -7813.783691
251     -7845.856934
252     -7877.877930
253     -7909.833984
254     -7941.733398
255     -7973.579102
256     -8005.369629
257     -8037.105469
258     -8068.785156
259     -8100.408203
260     -8131.974121
261     -8163.470215
262     -8194.896484
263     -8226.265625
264     -8257.573242
265     -8288.821289
266     -8320.008789
267     -8351.130859
268     -8382.176758
269     -8413.160156
270     -8444.064453
271     -8474.899414
272     -8505.669922
273     -8536.359375
274     -8566.967773
275     -8597.500977
276     -8627.958984
277     -8658.303711
278     -8688.580078
279     -8718.789062
280     -8748.898438
281     -8778.933594
282     -8808.894531
283     -8838.783203
284     -8868.602539
285     -8898.350586
286     -8928.028320
287     -8957.634766
288     -8987.169922
289     -9016.632812
290     -9046.024414
291     -9075.334961
292     -9104.572266
293     -9133.736328
294     -9162.826172
295     -9191.829102
296     -9220.740234
297     -9249.576172
298     -9278.335938
299     -9307.021484
300     -9335.611328
301     -9364.124023
302     -9392.554688
303     -9420.904297
304     -9449.177734
305     -9477.367188
306     -9505.475586
307     -9533.488281
308     -9561.404297
309     -9589.235352
310     -9616.976562
311     -9644.638672
312     -9672.193359
313     -9699.648438
314     -9727.010742
315     -9754.262695
316     -9781.429688
317     -9808.505859
318     -9835.500000
319     -9862.394531
320     -9889.209961
321     -9915.945312
322     -9942.597656
323     -9969.160156
324     -9995.632812
325     -10022.007812
326     -10048.289062
327     -10074.455078
328     -10100.513672
329     -10126.469727
330     -10152.342773
331     -10178.112305
332     -10203.789062
333     -10229.385742
334     -10254.900391
335     -10280.332031
336     -10305.681641
337     -10330.933594
338     -10356.076172
339     -10381.111328
340     -10405.992188
341     -10430.783203
342     -10455.486328
343     -10480.080078
344     -10504.572266
345     -10528.975586
346     -10553.281250
347     -10577.500000
348     -10601.575195
349     -10625.519531
350     -10649.375000
351     -10673.135742
352     -10696.814453
353     -10720.398438
354     -10743.867188
355     -10767.251953
356     -10790.531250
357     -10813.693359
358     -10836.739258
359     -10859.701172
360     -10882.532227
361     -10905.259766
362     -10927.869141
363     -10950.364258
364     -10972.719727
365     -10994.987305
366     -11017.162109
367     -11039.229492
368     -11061.202148
369     -11083.095703
370     -11104.904297
371     -11126.625000
372     -11148.230469
373     -11169.730469
374     -11191.111328
375     -11212.398438
376     -11233.575195
377     -11254.644531
378     -11275.637695
379     -11296.553711
380     -11317.390625
381     -11338.127930
382     -11358.776367
383     -11379.320312
384     -11399.742188
385     -11420.078125
386     -11440.315430
387     -11460.460938
388     -11480.464844
389     -11500.394531
390     -11520.220703
391     -11539.958984
392     -11559.595703
393     -11579.090820
394     -11598.466797
395     -11617.695312
396     -11636.818359
397     -11655.804688
398     -11674.677734
399     -11693.371094
400     -11711.947266
401     -11730.414062
402     -11748.781250
403     -11767.044922
404     -11785.214844
405     -11803.284180
406     -11821.279297
407     -11839.163086
408     -11856.937500
409     -11874.595703
410     -11892.137695
411     -11909.568359
412     -11926.865234
413     -11944.069336
414     -11961.181641
415     -11978.215820
416     -11995.179688
417     -12012.065430
418     -12028.861328
419     -12045.570312
420     -12062.204102
421     -12078.769531
422     -12095.268555
423     -12111.679688
424     -12127.979492
425     -12144.192383
426     -12160.335938
427     -12176.409180
428     -12192.402344
429     -12208.306641
430     -12224.122070
431     -12239.861328
432     -12255.484375
433     -12271.025391
434     -12286.422852
435     -12301.679688
436     -12316.848633
437     -12331.916016
438     -12346.876953
439     -12361.761719
440     -12376.535156
441     -12391.234375
442     -12405.825195
443     -12420.304688
444     -12434.690430
445     -12448.945312
446     -12463.064453
447     -12477.082031
448     -12491.007812
449     -12504.831055
450     -12518.540039
451     -12532.171875
452     -12545.748047
453     -12559.250977
454     -12572.638672
455     -12585.904297
456     -12599.099609
457     -12612.203125
458     -12625.228516
459     -12638.142578
460     -12650.941406
461     -12663.668945
462     -12676.306641
463     -12688.833984
464     -12701.233398
465     -12713.560547
466     -12725.767578
467     -12737.917969
468     -12750.004883
469     -12761.978516
470     -12773.898438
471     -12785.748047
472     -12797.505859
473     -12809.140625
474     -12820.681641
475     -12832.145508
476     -12843.558594
477     -12854.892578
478     -12866.117188
479     -12877.250000
480     -12888.292969
481     -12899.269531
482     -12910.178711
483     -12921.005859
484     -12931.767578
485     -12942.457031
486     -12953.083984
487     -12963.632812
488     -12974.085938
489     -12984.400391
490     -12994.651367
491     -13004.842773
492     -13014.948242
493     -13024.921875
494     -13034.794922
495     -13044.620117
496     -13054.336914
497     -13063.996094
498     -13073.556641
499     -13083.033203
500     -13092.460938
501     -13101.820312
502     -13111.122070
503     -13120.386719
504     -13129.595703
505     -13138.745117
506     -13147.816406
507     -13156.818359
508     -13165.726562
509     -13174.478516
510     -13183.156250
511     -13191.772461
512     -13200.300781
513     -13208.753906
514     -13217.147461
515     -13225.501953
516     -13233.824219
517     -13242.103516
518     -13250.339844
519     -13258.515625
520     -13266.640625
521     -13274.726562
522     -13282.763672
523     -13290.716797
524     -13298.597656
