Step            Loss
--------------------
1       -2782.654297
2       -3188.730469
3       -3594.432861
4       -4000.895996
5       -4405.752930
6       -4812.608887
7       -5218.400391
8       -5625.424805
9       -6031.188477
10      -6437.313477
11      -6844.277832
12      -7251.382812
13      -7657.402832
14      -8064.254883
15      -8471.455078
16      -8878.650391
17      -9286.215820
18      -9693.609375
19      -10101.082031
20      -10510.028320
21      -10918.066406
22      -11326.655273
23      -11735.658203
24      -12144.474609
25      -12553.486328
26      -12962.910156
27      -13373.360352
28      -13784.173828
29      -14194.248047
30      -14605.313477
31      -15017.857422
32      -15428.647461
33      -15840.911133
34      -16254.265625
35      -16667.769531
36      -17080.246094
37      -17494.484375
38      -17909.500000
39      -18324.925781
40      -18740.496094
41      -19156.511719
42      -19573.455078
43      -19990.394531
44      -20408.953125
45      -20826.832031
46      -21246.812500
47      -21666.433594
48      -22087.880859
49      -22507.871094
50      -22929.699219
51      -23352.300781
52      -23775.152344
53      -24199.191406
54      -24624.054688
55      -25049.070312
56      -25476.519531
57      -25902.421875
58      -26331.041016
59      -26758.871094
60      -27187.917969
61      -27618.214844
62      -28049.144531
63      -28480.199219
64      -28914.236328
65      -29347.406250
66      -29781.757812
67      -30216.380859
68      -30651.677734
69      -31089.937500
70      -31527.582031
71      -31966.367188
72      -32404.816406
73      -32846.750000
74      -33287.000000
75      -33729.820312
76      -34172.820312
77      -34616.738281
78      -35061.820312
79      -35507.832031
80      -35954.976562
81      -36402.343750
82      -36851.796875
83      -37301.261719
84      -37752.250000
85      -38203.671875
86      -38657.093750
87      -39110.773438
88      -39564.984375
89      -40021.179688
90      -40476.437500
91      -40934.320312
92      -41392.601562
93      -41852.566406
94      -42312.628906
95      -42773.882812
96      -43236.750000
97      -43699.617188
98      -44163.394531
99      -44628.125000
100     -45094.687500
101     -45562.121094
102     -46029.765625
103     -46499.695312
104     -46969.320312
105     -47439.187500
106     -47911.632812
107     -48385.203125
108     -48858.539062
109     -49333.316406
110     -49808.351562
111     -50285.398438
112     -50762.160156
113     -51241.039062
114     -51719.398438
115     -52199.648438
116     -52681.363281
117     -53162.566406
118     -53646.031250
119     -54128.390625
120     -54613.593750
121     -55099.062500
122     -55584.089844
123     -56072.734375
124     -56560.156250
125     -57047.289062
126     -57538.179688
127     -58028.476562
128     -58519.242188
129     -59010.484375
130     -59503.164062
131     -59995.480469
132     -60490.757812
133     -60986.890625
134     -61480.953125
135     -61976.937500
136     -62473.710938
137     -62972.445312
138     -63470.156250
139     -63969.683594
140     -64468.175781
141     -64968.445312
142     -65469.671875
143     -65971.625000
144     -66472.984375
145     -66975.218750
146     -67479.375000
147     -67983.359375
148     -68488.835938
149     -68993.500000
150     -69498.906250
151     -70004.570312
152     -70510.453125
153     -71018.359375
154     -71525.703125
155     -72034.562500
156     -72544.171875
157     -73052.390625
158     -73561.500000
159     -74071.585938
160     -74581.656250
161     -75092.507812
162     -75603.703125
163     -76114.062500
164     -76625.562500
165     -77138.093750
166     -77650.468750
167     -78163.187500
168     -78676.054688
169     -79188.937500
170     -79702.414062
171     -80216.843750
172     -80730.117188
173     -81244.445312
174     -81758.429688
175     -82271.953125
176     -82787.585938
177     -83302.023438
178     -83816.789062
179     -84332.015625
180     -84846.296875
181     -85360.984375
182     -85877.101562
183     -86392.335938
184     -86908.390625
185     -87422.382812
186     -87937.140625
187     -88453.234375
188     -88968.710938
189     -89484.320312
190     -89998.375000
191     -90513.679688
192     -91029.156250
193     -91544.617188
194     -92058.882812
195     -92573.593750
196     -93087.710938
197     -93601.437500
198     -94115.937500
199     -94630.093750
200     -95143.429688
201     -95655.812500
202     -96169.812500
203     -96681.742188
204     -97195.531250
205     -97707.593750
206     -98219.828125
207     -98731.859375
208     -99243.882812
209     -99753.343750
210     -100264.281250
211     -100774.671875
212     -101285.687500
213     -101795.656250
214     -102304.281250
215     -102813.445312
216     -103320.054688
217     -103828.140625
218     -104335.546875
219     -104843.781250
220     -105348.046875
221     -105854.085938
222     -106358.203125
223     -106863.468750
224     -107368.250000
225     -107872.093750
226     -108374.265625
227     -108876.507812
228     -109379.281250
229     -109878.851562
230     -110379.703125
231     -110879.476562
232     -111378.312500
233     -111876.890625
234     -112374.257812
235     -112871.437500
236     -113367.843750
237     -113863.062500
238     -114356.375000
239     -114850.250000
240     -115345.289062
241     -115837.164062
242     -116327.906250
243     -116819.835938
244     -117307.351562
245     -117798.304688
246     -118286.468750
247     -118773.632812
248     -119261.421875
249     -119744.367188
250     -120230.515625
251     -120714.898438
252     -121196.523438
253     -121678.562500
254     -122159.593750
255     -122640.703125
256     -123118.343750
257     -123597.687500
258     -124074.593750
259     -124551.625000
260     -125025.914062
261     -125501.171875
262     -125974.156250
263     -126445.687500
264     -126914.359375
265     -127385.796875
266     -127854.328125
267     -128322.867188
268     -128788.601562
269     -129255.531250
270     -129720.117188
271     -130183.179688
272     -130645.359375
273     -131106.187500
274     -131568.000000
275     -132026.062500
276     -132482.937500
277     -132939.968750
278     -133396.250000
279     -133850.046875
280     -134303.671875
281     -134755.437500
282     -135206.578125
283     -135656.250000
284     -136103.000000
285     -136550.875000
286     -136997.937500
287     -137443.031250
288     -137885.687500
289     -138329.531250
290     -138769.078125
291     -139209.000000
292     -139648.703125
293     -140085.625000
294     -140522.281250
295     -140956.718750
296     -141392.343750
297     -141823.906250
298     -142254.828125
299     -142684.671875
300     -143111.250000
301     -143540.765625
302     -143966.125000
303     -144391.937500
304     -144814.593750
305     -145237.125000
306     -145656.328125
307     -146076.765625
308     -146494.062500
309     -146912.218750
310     -147325.843750
311     -147740.250000
312     -148152.015625
313     -148564.062500
314     -148973.375000
315     -149381.625000
316     -149788.953125
317     -150194.375000
318     -150597.265625
319     -151000.093750
320     -151399.437500
321     -151800.156250
322     -152198.593750
323     -152594.046875
324     -152990.250000
325     -153384.250000
326     -153775.281250
327     -154167.437500
328     -154555.687500
329     -154942.500000
330     -155330.156250
331     -155714.000000
332     -156098.734375
333     -156479.406250
334     -156860.781250
335     -157240.406250
336     -157617.281250
337     -157993.703125
338     -158367.484375
339     -158740.531250
340     -159112.828125
341     -159482.500000
342     -159851.625000
343     -160219.625000
344     -160584.187500
345     -160949.703125
346     -161312.453125
347     -161672.125000
348     -162033.718750
349     -162389.593750
350     -162746.093750
351     -163101.375000
352     -163454.812500
353     -163806.046875
354     -164156.640625
355     -164505.781250
356     -164853.953125
357     -165199.906250
358     -165544.062500
359     -165888.328125
360     -166230.625000
361     -166569.843750
362     -166908.250000
363     -167244.500000
364     -167580.000000
365     -167914.359375
366     -168247.781250
367     -168578.750000
368     -168908.562500
369     -169237.343750
370     -169563.046875
371     -169885.875000
372     -170208.828125
373     -170533.500000
374     -170850.000000
375     -171169.390625
376     -171487.515625
377     -171803.078125
378     -172116.437500
379     -172426.703125
380     -172737.484375
381     -173048.218750
382     -173355.031250
383     -173660.859375
384     -173965.343750
385     -174268.843750
386     -174569.734375
387     -174868.031250
388     -175165.890625
389     -175462.593750
390     -175758.031250
391     -176051.531250
392     -176342.437500
393     -176632.796875
394     -176922.531250
395     -177209.375000
396     -177495.921875
397     -177779.218750
398     -178062.281250
399     -178344.484375
400     -178621.937500
401     -178901.093750
402     -179177.437500
403     -179451.703125
404     -179725.156250
405     -179996.328125
406     -180266.000000
407     -180535.359375
408     -180802.031250
409     -181068.468750
410     -181332.531250
411     -181594.171875
412     -181853.390625
413     -182113.343750
414     -182372.718750
415     -182628.078125
416     -182882.625000
417     -183137.125000
418     -183387.625000
419     -183638.250000
420     -183887.437500
421     -184135.156250
422     -184381.343750
423     -184626.750000
424     -184869.593750
425     -185109.593750
426     -185349.593750
427     -185589.312500
428     -185826.843750
429     -186062.000000
430     -186297.156250
431     -186529.906250
432     -186761.515625
433     -186992.703125
434     -187221.515625
435     -187448.000000
436     -187675.765625
437     -187900.593750
438     -188124.281250
439     -188347.109375
440     -188567.656250
441     -188788.281250
442     -189005.281250
443     -189222.625000
444     -189438.250000
445     -189652.828125
446     -189865.031250
447     -190075.953125
448     -190286.859375
449     -190496.156250
450     -190702.687500
451     -190909.750000
452     -191114.234375
453     -191319.531250
454     -191521.687500
455     -191722.390625
456     -191923.187500
457     -192121.343750
458     -192318.640625
459     -192514.593750
460     -192709.453125
461     -192902.750000
462     -193095.546875
463     -193285.406250
464     -193474.781250
465     -193664.031250
466     -193850.562500
467     -194035.781250
468     -194218.546875
469     -194401.312500
470     -194581.812500
471     -194761.921875
472     -194940.359375
473     -195117.140625
474     -195292.937500
475     -195467.250000
476     -195640.203125
477     -195812.843750
478     -195981.953125
479     -196152.015625
480     -196319.406250
481     -196486.500000
482     -196653.531250
483     -196816.906250
484     -196980.984375
485     -197142.703125
486     -197302.375000
487     -197461.718750
488     -197620.531250
489     -197777.468750
490     -197933.937500
491     -198088.234375
492     -198240.906250
493     -198393.437500
494     -198544.843750
495     -198693.718750
496     -198842.421875
497     -198990.593750
498     -199136.125000
499     -199280.593750
500     -199424.046875
501     -199567.156250
502     -199708.953125
503     -199850.062500
504     -199988.406250
505     -200125.937500
506     -200263.390625
507     -200399.359375
508     -200533.718750
509     -200667.281250
510     -200800.281250
511     -200931.062500
512     -201060.718750
513     -201190.218750
514     -201316.656250
515     -201443.718750
516     -201570.218750
517     -201693.812500
518     -201818.671875
519     -201942.328125
520     -202062.468750
521     -202183.109375
522     -202301.671875
523     -202421.000000
524     -202538.500000
525     -202654.656250
526     -202770.968750
527     -202885.562500
528     -202998.578125
529     -203112.062500
530     -203224.750000
531     -203336.312500
532     -203446.625000
533     -203555.125000
534     -203665.281250
535     -203772.406250
536     -203878.843750
537     -203985.625000
538     -204090.484375
539     -204193.125000
540     -204296.156250
541     -204398.437500
542     -204499.375000
543     -204598.906250
544     -204698.062500
545     -204795.562500
546     -204893.015625
547     -204990.218750
548     -205084.843750
549     -205180.078125
550     -205273.968750
551     -205366.656250
552     -205458.656250
553     -205550.625000
554     -205640.484375
555     -205731.031250
556     -205818.687500
557     -205907.187500
558     -205994.062500
559     -206080.187500
560     -206166.437500
561     -206250.890625
562     -206335.078125
563     -206418.156250
564     -206501.406250
565     -206583.140625
566     -206664.906250
567     -206745.265625
568     -206824.750000
569     -206904.578125
570     -206983.000000
571     -207061.000000
572     -207137.843750
573     -207214.640625
574     -207290.250000
575     -207365.843750
576     -207440.250000
577     -207514.031250
578     -207586.281250
579     -207659.125000
580     -207731.125000
581     -207803.046875
582     -207873.765625
583     -207943.968750
584     -208012.187500
585     -208081.593750
586     -208150.656250
587     -208217.234375
588     -208284.531250
589     -208351.312500
590     -208416.500000
591     -208481.781250
592     -208547.546875
593     -208610.468750
594     -208674.656250
595     -208738.031250
596     -208800.375000
597     -208862.265625
598     -208923.843750
599     -208983.937500
600     -209044.437500
601     -209104.468750
602     -209164.000000
603     -209222.562500
604     -209279.781250
605     -209337.562500
606     -209394.250000
607     -209451.187500
608     -209507.031250
609     -209561.750000
610     -209616.843750
611     -209670.906250
612     -209725.375000
613     -209778.375000
614     -209831.312500
615     -209883.421875
616     -209935.250000
617     -209987.062500
618     -210037.546875
619     -210088.281250
620     -210137.843750
621     -210187.562500
622     -210235.625000
623     -210284.562500
624     -210332.187500
625     -210379.125000
626     -210426.343750
627     -210472.343750
628     -210518.609375
629     -210564.750000
630     -210609.875000
631     -210654.718750
632     -210698.375000
633     -210743.406250
634     -210785.875000
635     -210829.328125
636     -210872.015625
637     -210914.437500
638     -210955.406250
639     -210997.375000
640     -211038.109375
641     -211078.937500
642     -211118.968750
643     -211158.890625
644     -211198.468750
645     -211237.281250
646     -211275.625000
647     -211314.031250
648     -211352.093750
649     -211389.593750
650     -211426.359375
651     -211463.593750
652     -211499.718750
653     -211536.531250
654     -211572.953125
655     -211607.875000
656     -211643.781250
657     -211678.265625
658     -211713.250000
659     -211747.375000
660     -211781.609375
661     -211815.375000
662     -211849.328125
663     -211882.375000
664     -211915.375000
665     -211948.000000
666     -211979.984375
667     -212011.968750
668     -212043.578125
669     -212075.125000
670     -212106.500000
671     -212137.593750
672     -212167.578125
673     -212198.765625
674     -212228.593750
675     -212258.796875
676     -212288.281250
677     -212317.765625
678     -212347.218750
679     -212376.156250
680     -212405.015625
681     -212433.140625
682     -212461.281250
683     -212489.015625
684     -212517.125000
685     -212544.484375
686     -212572.031250
687     -212598.546875
688     -212625.812500
689     -212651.906250
690     -212678.703125
691     -212705.171875
692     -212730.578125
693     -212756.375000
694     -212782.218750
695     -212807.843750
696     -212832.484375
697     -212857.281250
698     -212881.890625
699     -212906.500000
700     -212930.750000
701     -212955.250000
702     -212979.250000
703     -213003.328125
704     -213026.890625
705     -213050.531250
706     -213073.718750
707     -213096.937500
708     -213120.250000
709     -213142.656250
710     -213165.109375
711     -213187.812500
712     -213209.468750
713     -213232.156250
714     -213253.656250
715     -213275.875000
716     -213297.484375
717     -213318.656250
718     -213340.156250
719     -213361.125000
720     -213382.437500
721     -213403.343750
722     -213423.718750
723     -213444.187500
724     -213464.656250
725     -213484.750000
726     -213504.781250
727     -213524.781250
728     -213544.421875
729     -213563.796875
730     -213583.250000
731     -213602.781250
732     -213621.875000
733     -213640.640625
734     -213659.750000
735     -213678.406250
736     -213696.718750
737     -213715.218750
738     -213733.812500
739     -213752.000000
740     -213770.218750
741     -213788.437500
742     -213805.968750
743     -213824.125000
744     -213841.593750
745     -213859.125000
746     -213876.765625
747     -213894.031250
748     -213911.562500
749     -213928.500000
750     -213945.593750
751     -213962.359375
752     -213979.031250
753     -213995.406250
754     -214011.843750
755     -214028.343750
756     -214044.500000
757     -214060.781250
758     -214076.625000
759     -214092.500000
760     -214108.343750
761     -214123.843750
762     -214139.625000
763     -214154.937500
764     -214170.437500
765     -214185.937500
766     -214200.968750
767     -214216.296875
768     -214231.421875
769     -214246.250000
770     -214260.812500
771     -214275.484375
772     -214290.171875
773     -214304.812500
774     -214319.296875
775     -214333.750000
776     -214347.859375
777     -214361.906250
778     -214376.312500
779     -214390.046875
780     -214403.937500
781     -214417.921875
782     -214431.609375
783     -214445.062500
784     -214458.250000
785     -214471.671875
786     -214485.031250
787     -214498.437500
788     -214511.171875
789     -214524.718750
790     -214537.500000
791     -214550.625000
792     -214563.359375
793     -214576.218750
794     -214588.812500
795     -214601.593750
