Step            Loss
--------------------
1        -642.817444
2       -1039.969360
3       -1435.771729
4       -1832.205078
5       -2228.252686
6       -2624.629150
7       -3020.474854
8       -3417.572998
9       -3813.798096
10      -4209.498535
11      -4606.401367
12      -5002.951172
13      -5398.809570
14      -5795.874023
15      -6192.137695
16      -6590.278320
17      -6985.940430
18      -7383.340820
19      -7779.654785
20      -8177.901367
21      -8574.724609
22      -8973.302734
23      -9371.160156
24      -9769.599609
25      -10167.583984
26      -10565.814453
27      -10964.952148
28      -11364.469727
29      -11763.796875
30      -12163.066406
31      -12563.564453
32      -12964.546875
33      -13365.436523
34      -13766.984375
35      -14168.589844
36      -14571.291016
37      -14972.934570
38      -15376.938477
39      -15780.076172
40      -16184.710938
41      -16588.906250
42      -16994.845703
43      -17400.304688
44      -17806.015625
45      -18213.406250
46      -18620.628906
47      -19028.298828
48      -19436.847656
49      -19845.609375
50      -20255.511719
51      -20666.615234
52      -21077.599609
53      -21489.462891
54      -21901.554688
55      -22315.558594
56      -22728.851562
57      -23143.679688
58      -23559.273438
59      -23975.101562
60      -24392.318359
61      -24809.593750
62      -25228.621094
63      -25646.863281
64      -26068.230469
65      -26487.804688
66      -26910.503906
67      -27332.373047
68      -27756.253906
69      -28180.525391
70      -28605.130859
71      -29029.988281
72      -29457.933594
73      -29884.869141
74      -30313.671875
75      -30742.589844
76      -31173.365234
77      -31603.943359
78      -32036.078125
79      -32468.306641
80      -32902.976562
81      -33336.820312
82      -33772.679688
83      -34209.187500
84      -34646.640625
85      -35085.183594
86      -35523.558594
87      -35964.921875
88      -36405.617188
89      -36847.812500
90      -37290.773438
91      -37734.250000
92      -38180.320312
93      -38625.773438
94      -39073.242188
95      -39520.632812
96      -39969.230469
97      -40417.734375
98      -40869.277344
99      -41319.972656
100     -41772.734375
101     -42225.437500
102     -42679.937500
103     -43133.812500
104     -43590.398438
105     -44047.843750
106     -44506.242188
107     -44965.222656
108     -45423.894531
109     -45885.500000
110     -46347.187500
111     -46809.453125
112     -47273.570312
113     -47737.273438
114     -48203.062500
115     -48668.609375
116     -49135.132812
117     -49602.769531
118     -50070.875000
119     -50541.296875
120     -51012.359375
121     -51483.218750
122     -51954.843750
123     -52427.421875
124     -52902.148438
125     -53376.539062
126     -53852.382812
127     -54327.507812
128     -54804.335938
129     -55281.925781
130     -55760.578125
131     -56239.835938
132     -56720.097656
133     -57200.546875
134     -57682.054688
135     -58164.582031
136     -58647.585938
137     -59130.863281
138     -59614.804688
139     -60100.000000
140     -60585.871094
141     -61073.125000
142     -61559.562500
143     -62046.906250
144     -62536.136719
145     -63023.921875
146     -63515.484375
147     -64003.820312
148     -64495.511719
149     -64986.597656
150     -65477.937500
151     -65971.023438
152     -66462.562500
153     -66955.484375
154     -67450.468750
155     -67945.609375
156     -68439.531250
157     -68936.148438
158     -69430.984375
159     -69928.906250
160     -70425.460938
161     -70922.156250
162     -71419.406250
163     -71917.226562
164     -72415.968750
165     -72915.125000
166     -73413.078125
167     -73912.664062
168     -74412.578125
169     -74912.757812
170     -75411.867188
171     -75912.328125
172     -76414.703125
173     -76914.312500
174     -77415.343750
175     -77917.468750
176     -78419.046875
177     -78920.039062
178     -79422.515625
179     -79924.023438
180     -80426.296875
181     -80928.320312
182     -81430.617188
183     -81934.539062
184     -82435.312500
185     -82938.687500
186     -83441.429688
187     -83944.171875
188     -84446.203125
189     -84949.812500
190     -85452.171875
191     -85953.562500
192     -86457.523438
193     -86959.812500
194     -87460.460938
195     -87964.359375
196     -88466.320312
197     -88968.242188
198     -89470.296875
199     -89972.882812
200     -90473.984375
201     -90975.140625
202     -91475.437500
203     -91978.062500
204     -92478.445312
205     -92976.960938
206     -93478.500000
207     -93977.281250
208     -94476.007812
209     -94974.617188
210     -95474.726562
211     -95973.257812
212     -96472.234375
213     -96969.101562
214     -97466.562500
215     -97963.109375
216     -98460.914062
217     -98957.375000
218     -99451.828125
219     -99947.718750
220     -100442.828125
221     -100936.406250
222     -101431.187500
223     -101922.781250
224     -102416.671875
225     -102908.609375
226     -103399.601562
227     -103891.000000
228     -104380.000000
229     -104869.968750
230     -105357.765625
231     -105847.390625
232     -106334.875000
233     -106822.421875
234     -107306.734375
235     -107793.164062
236     -108277.453125
237     -108762.476562
238     -109245.921875
239     -109729.015625
240     -110210.570312
241     -110692.210938
242     -111172.015625
243     -111652.296875
244     -112131.703125
245     -112607.093750
246     -113086.093750
247     -113562.460938
248     -114036.500000
249     -114511.898438
250     -114986.101562
251     -115459.414062
252     -115931.179688
253     -116402.125000
254     -116871.828125
255     -117341.843750
256     -117808.500000
257     -118274.984375
258     -118741.750000
259     -119207.328125
260     -119672.726562
261     -120134.414062
262     -120598.078125
263     -121058.234375
264     -121518.718750
265     -121976.546875
266     -122435.296875
267     -122893.695312
268     -123348.085938
269     -123804.125000
270     -124256.812500
271     -124710.000000
272     -125162.718750
273     -125612.101562
274     -126063.148438
275     -126510.140625
276     -126958.179688
277     -127405.351562
278     -127848.156250
279     -128293.617188
280     -128735.390625
281     -129178.179688
282     -129617.796875
283     -130057.289062
284     -130494.593750
285     -130931.617188
286     -131365.328125
287     -131799.609375
288     -132234.125000
289     -132665.781250
290     -133095.781250
291     -133525.062500
292     -133953.000000
293     -134378.875000
294     -134804.343750
295     -135229.687500
296     -135652.156250
297     -136075.062500
298     -136494.453125
299     -136914.671875
300     -137332.453125
301     -137747.500000
302     -138163.031250
303     -138576.781250
304     -138989.890625
305     -139400.406250
306     -139810.109375
307     -140218.406250
308     -140625.406250
309     -141030.953125
310     -141436.390625
311     -141838.687500
312     -142239.093750
313     -142639.890625
314     -143039.531250
315     -143436.859375
316     -143833.281250
317     -144226.796875
318     -144619.156250
319     -145012.156250
320     -145401.734375
321     -145790.437500
322     -146178.281250
323     -146563.781250
324     -146950.312500
325     -147333.953125
326     -147715.343750
327     -148096.812500
328     -148476.562500
329     -148854.828125
330     -149231.968750
331     -149605.468750
332     -149980.546875
333     -150353.250000
334     -150724.765625
335     -151094.500000
336     -151461.718750
337     -151829.687500
338     -152194.953125
339     -152558.718750
340     -152922.140625
341     -153282.218750
342     -153642.250000
343     -153999.671875
344     -154356.468750
345     -154711.671875
346     -155063.718750
347     -155417.312500
348     -155765.406250
349     -156115.250000
350     -156463.656250
351     -156809.312500
352     -157156.375000
353     -157498.156250
354     -157839.906250
355     -158180.406250
356     -158518.625000
357     -158854.968750
358     -159190.812500
359     -159525.687500
360     -159858.093750
361     -160188.718750
362     -160518.875000
363     -160845.968750
364     -161171.562500
365     -161495.343750
366     -161820.140625
367     -162139.937500
368     -162458.906250
369     -162780.156250
370     -163095.453125
371     -163409.875000
372     -163723.234375
373     -164035.906250
374     -164346.609375
375     -164656.812500
376     -164963.375000
377     -165269.312500
378     -165570.968750
379     -165874.515625
380     -166176.718750
381     -166475.703125
382     -166775.343750
383     -167072.187500
384     -167367.218750
385     -167662.078125
386     -167953.015625
387     -168244.484375
388     -168534.093750
389     -168822.015625
390     -169108.781250
391     -169393.546875
392     -169678.031250
393     -169959.781250
394     -170239.625000
395     -170518.828125
396     -170796.406250
397     -171072.375000
398     -171346.468750
399     -171618.500000
400     -171890.906250
401     -172160.906250
402     -172428.546875
403     -172696.109375
404     -172962.203125
405     -173225.687500
406     -173487.031250
407     -173747.968750
408     -174007.437500
409     -174265.296875
410     -174521.859375
411     -174777.593750
412     -175032.265625
413     -175283.406250
414     -175534.843750
415     -175783.750000
416     -176032.343750
417     -176279.156250
418     -176523.562500
419     -176767.937500
420     -177010.546875
421     -177251.140625
422     -177492.484375
423     -177731.375000
424     -177968.562500
425     -178204.875000
426     -178438.890625
427     -178670.718750
428     -178903.125000
429     -179131.625000
430     -179360.406250
431     -179589.250000
432     -179813.593750
433     -180038.562500
434     -180260.562500
435     -180482.031250
436     -180702.656250
437     -180920.562500
438     -181138.656250
439     -181355.421875
440     -181570.578125
441     -181782.546875
442     -181994.218750
443     -182205.250000
444     -182412.656250
445     -182619.281250
446     -182825.562500
447     -183030.312500
448     -183233.218750
449     -183435.890625
450     -183636.906250
451     -183835.187500
452     -184032.781250
453     -184229.609375
454     -184424.796875
455     -184618.406250
456     -184812.500000
457     -185003.984375
458     -185195.109375
459     -185383.906250
460     -185572.437500
461     -185757.750000
462     -185942.000000
463     -186126.875000
464     -186309.500000
465     -186489.718750
466     -186668.390625
467     -186846.812500
468     -187025.609375
469     -187199.859375
470     -187375.093750
471     -187547.796875
472     -187718.890625
473     -187890.484375
474     -188060.234375
475     -188227.156250
476     -188393.781250
477     -188558.468750
478     -188722.390625
479     -188884.406250
480     -189047.062500
481     -189205.703125
482     -189364.796875
483     -189520.906250
484     -189677.781250
485     -189833.593750
486     -189986.531250
487     -190138.781250
488     -190290.000000
489     -190440.968750
490     -190590.265625
491     -190737.750000
492     -190884.656250
493     -191029.500000
494     -191174.062500
495     -191317.500000
496     -191458.421875
497     -191598.218750
498     -191738.796875
499     -191875.937500
500     -192012.765625
501     -192149.250000
502     -192283.968750
503     -192417.156250
504     -192550.468750
505     -192682.390625
506     -192811.921875
507     -192941.640625
508     -193071.062500
509     -193198.625000
510     -193324.750000
511     -193450.453125
512     -193573.343750
513     -193697.890625
514     -193820.875000
515     -193942.656250
516     -194063.031250
517     -194182.406250
518     -194302.281250
519     -194419.750000
520     -194537.406250
521     -194654.437500
522     -194768.718750
523     -194882.625000
524     -194996.328125
525     -195107.500000
526     -195218.406250
527     -195328.781250
528     -195438.343750
529     -195547.453125
530     -195654.578125
531     -195760.937500
532     -195867.359375
533     -195972.250000
534     -196076.265625
535     -196179.625000
536     -196281.828125
537     -196383.062500
538     -196483.000000
539     -196582.765625
540     -196681.062500
541     -196778.109375
542     -196875.343750
543     -196970.265625
544     -197066.343750
545     -197159.687500
546     -197252.468750
547     -197345.500000
548     -197437.609375
549     -197529.187500
550     -197619.500000
551     -197710.453125
552     -197799.062500
553     -197884.906250
554     -197974.437500
555     -198061.125000
556     -198146.281250
557     -198232.140625
558     -198315.593750
559     -198399.875000
560     -198483.312500
561     -198565.421875
562     -198646.515625
563     -198727.250000
564     -198807.921875
565     -198886.953125
566     -198965.375000
567     -199044.218750
568     -199120.156250
569     -199196.531250
570     -199271.453125
571     -199346.593750
572     -199421.718750
573     -199494.062500
574     -199567.250000
575     -199639.046875
576     -199709.546875
577     -199780.171875
578     -199849.781250
579     -199919.031250
580     -199987.375000
581     -200054.796875
582     -200122.437500
583     -200189.312500
584     -200254.687500
585     -200320.234375
586     -200384.968750
587     -200448.656250
588     -200511.984375
589     -200574.421875
590     -200636.546875
591     -200697.687500
592     -200759.781250
593     -200819.828125
594     -200879.140625
595     -200939.468750
596     -200998.500000
597     -201056.921875
598     -201115.046875
599     -201171.890625
600     -201229.390625
601     -201286.312500
602     -201341.593750
603     -201397.484375
604     -201451.921875
605     -201506.234375
606     -201560.343750
607     -201612.859375
608     -201666.515625
609     -201718.890625
610     -201771.640625
611     -201822.687500
612     -201874.218750
613     -201924.312500
614     -201975.031250
615     -202023.968750
616     -202073.843750
617     -202123.515625
618     -202170.843750
619     -202218.656250
620     -202266.062500
621     -202313.218750
622     -202360.000000
623     -202405.593750
624     -202452.156250
625     -202497.046875
626     -202541.937500
627     -202586.562500
628     -202630.578125
629     -202675.187500
630     -202718.046875
631     -202761.203125
632     -202804.156250
633     -202847.125000
634     -202889.031250
635     -202931.078125
636     -202972.250000
637     -203013.125000
638     -203053.375000
639     -203093.765625
640     -203133.750000
641     -203173.250000
642     -203211.734375
643     -203250.437500
644     -203288.531250
645     -203326.687500
646     -203364.453125
647     -203401.843750
648     -203438.156250
649     -203475.421875
650     -203511.703125
651     -203547.500000
652     -203583.265625
653     -203617.953125
654     -203653.984375
655     -203688.312500
656     -203723.218750
657     -203757.421875
658     -203791.468750
659     -203824.625000
660     -203858.312500
661     -203891.062500
662     -203924.218750
663     -203956.593750
664     -203988.703125
665     -204020.359375
666     -204051.875000
667     -204082.500000
668     -204114.031250
669     -204144.281250
670     -204174.921875
671     -204205.140625
672     -204234.937500
673     -204264.921875
674     -204294.046875
675     -204323.359375
676     -204352.937500
677     -204381.062500
678     -204410.250000
679     -204438.375000
680     -204466.750000
681     -204494.531250
682     -204522.718750
683     -204549.750000
684     -204577.390625
685     -204604.203125
686     -204631.265625
687     -204658.156250
688     -204684.593750
689     -204710.375000
690     -204736.765625
691     -204762.375000
692     -204788.218750
693     -204813.375000
694     -204838.468750
695     -204863.593750
696     -204888.453125
697     -204913.171875
698     -204937.234375
699     -204961.656250
700     -204985.734375
701     -205009.312500
702     -205033.250000
703     -205056.750000
704     -205079.953125
705     -205102.562500
706     -205125.734375
707     -205148.343750
708     -205171.250000
709     -205193.468750
710     -205215.593750
711     -205238.062500
712     -205260.125000
713     -205281.781250
714     -205303.218750
715     -205324.718750
716     -205345.437500
717     -205366.562500
718     -205387.343750
719     -205408.343750
720     -205428.484375
721     -205449.046875
722     -205469.125000
723     -205489.093750
724     -205509.093750
725     -205528.859375
726     -205548.250000
727     -205567.421875
728     -205586.875000
729     -205605.687500
730     -205625.062500
731     -205643.750000
732     -205662.250000
733     -205680.375000
734     -205698.843750
735     -205716.875000
736     -205735.343750
737     -205753.375000
738     -205771.203125
739     -205788.843750
740     -205806.468750
741     -205824.000000
742     -205841.781250
743     -205859.343750
744     -205876.406250
745     -205893.843750
746     -205910.656250
747     -205927.750000
748     -205944.468750
749     -205961.296875
750     -205977.984375
751     -205994.328125
752     -206010.968750
753     -206026.921875
754     -206043.281250
755     -206059.468750
756     -206075.453125
757     -206091.312500
758     -206106.968750
759     -206122.687500
760     -206138.500000
761     -206153.750000
762     -206169.171875
763     -206184.625000
764     -206199.406250
765     -206214.312500
766     -206229.531250
767     -206244.296875
768     -206259.015625
769     -206273.750000
770     -206288.203125
771     -206302.843750
772     -206317.078125
773     -206331.406250
774     -206345.843750
775     -206360.031250
776     -206374.031250
777     -206388.312500
778     -206401.875000
779     -206415.718750
780     -206429.640625
781     -206442.968750
782     -206456.953125
783     -206470.312500
784     -206483.468750
785     -206497.062500
786     -206510.328125
787     -206523.343750
788     -206536.906250
789     -206549.734375
790     -206562.453125
791     -206575.468750
792     -206588.281250
793     -206600.609375
794     -206613.187500
795     -206625.875000
796     -206638.218750
797     -206650.781250
798     -206663.187500
799     -206675.625000
800     -206687.578125
801     -206699.656250
802     -206711.703125
803     -206724.031250
804     -206735.437500
805     -206747.750000
806     -206759.343750
807     -206771.250000
808     -206782.625000
809     -206794.265625
810     -206806.171875
811     -206817.359375
812     -206828.843750
813     -206840.093750
814     -206851.515625
815     -206862.765625
816     -206874.140625
817     -206885.531250
818     -206896.468750
819     -206907.656250
820     -206918.781250
821     -206929.703125
822     -206940.953125
823     -206951.859375
824     -206962.812500
825     -206973.875000
826     -206984.500000
827     -206995.312500
828     -207005.781250
829     -207016.843750
830     -207027.218750
831     -207037.828125
832     -207048.093750
833     -207058.687500
834     -207069.046875
835     -207079.265625
836     -207089.562500
837     -207099.875000
838     -207110.000000
839     -207120.062500
840     -207130.218750
841     -207140.250000
842     -207149.890625
843     -207159.453125
844     -207169.625000
845     -207179.125000
846     -207188.703125
847     -207198.437500
848     -207208.031250
849     -207217.796875
850     -207227.125000
851     -207236.687500
852     -207246.031250
853     -207255.546875
854     -207264.750000
855     -207274.031250
856     -207283.406250
857     -207292.640625
858     -207301.750000
859     -207311.078125
860     -207319.906250
861     -207329.031250
862     -207338.000000
863     -207347.078125
864     -207355.859375
865     -207364.812500
866     -207374.031250
867     -207382.500000
868     -207391.093750
869     -207399.953125
870     -207408.406250
871     -207416.781250
872     -207425.406250
873     -207433.968750
874     -207442.343750
875     -207450.953125
876     -207459.312500
877     -207467.781250
878     -207475.843750
879     -207483.937500
880     -207492.359375
881     -207500.609375
882     -207508.593750
883     -207516.828125
884     -207524.531250
885     -207532.718750
886     -207540.843750
887     -207548.687500
888     -207556.531250
889     -207564.203125
890     -207572.500000
891     -207580.140625
892     -207587.796875
893     -207595.703125
894     -207603.218750
895     -207611.062500
896     -207618.890625
897     -207626.531250
898     -207633.937500
899     -207641.875000
900     -207649.109375
901     -207656.625000
902     -207664.046875
903     -207671.750000
904     -207679.093750
905     -207686.531250
906     -207693.734375
907     -207701.125000
908     -207708.312500
909     -207715.656250
910     -207722.875000
911     -207730.125000
912     -207737.406250
913     -207744.500000
914     -207751.703125
915     -207758.531250
916     -207765.687500
917     -207772.812500
918     -207780.000000
919     -207786.937500
920     -207794.000000
921     -207801.000000
922     -207807.984375
923     -207814.906250
924     -207822.015625
925     -207828.843750
926     -207835.828125
927     -207842.531250
928     -207849.562500
929     -207856.390625
930     -207862.812500
931     -207869.562500
932     -207876.421875
933     -207883.093750
934     -207889.875000
935     -207896.546875
936     -207903.156250
937     -207909.953125
938     -207916.687500
939     -207923.031250
940     -207929.656250
941     -207936.500000
942     -207943.031250
943     -207949.593750
944     -207955.953125
945     -207962.500000
946     -207968.750000
947     -207975.593750
948     -207982.062500
949     -207988.312500
950     -207994.656250
951     -208001.296875
952     -208007.562500
953     -208013.968750
954     -208020.296875
955     -208026.765625
956     -208033.031250
957     -208039.062500
958     -208045.328125
959     -208051.718750
960     -208057.859375
961     -208063.953125
962     -208070.437500
963     -208076.375000
964     -208082.531250
965     -208088.734375
966     -208094.812500
967     -208100.937500
968     -208107.031250
969     -208113.140625
970     -208119.171875
971     -208125.296875
972     -208131.375000
973     -208137.343750
974     -208143.187500
975     -208149.250000
976     -208155.109375
977     -208161.140625
978     -208167.406250
979     -208173.218750
980     -208179.078125
981     -208184.828125
982     -208190.765625
983     -208196.390625
984     -208202.375000
985     -208208.140625
986     -208214.046875
987     -208219.812500
988     -208225.531250
989     -208231.343750
990     -208236.953125
991     -208242.390625
992     -208248.375000
993     -208254.156250
994     -208259.687500
995     -208264.953125
996     -208270.750000
997     -208276.187500
998     -208281.718750
999     -208287.281250
1000    -208292.718750
1001    -208298.265625
1002    -208303.593750
1003    -208309.125000
1004    -208314.531250
1005    -208319.906250
1006    -208325.484375
1007    -208330.734375
1008    -208335.968750
1009    -208341.468750
1010    -208346.625000
1011    -208351.937500
1012    -208357.375000
1013    -208362.625000
1014    -208367.937500
1015    -208373.296875
1016    -208378.656250
1017    -208383.968750
1018    -208389.125000
1019    -208394.375000
1020    -208399.625000
1021    -208404.937500
1022    -208410.000000
1023    -208415.218750
1024    -208420.468750
1025    -208425.578125
1026    -208430.906250
1027    -208435.906250
1028    -208441.062500
1029    -208446.078125
1030    -208451.250000
1031    -208456.062500
1032    -208461.421875
1033    -208466.265625
1034    -208471.406250
1035    -208476.515625
1036    -208481.578125
1037    -208486.562500
1038    -208491.500000
1039    -208496.343750
1040    -208501.437500
1041    -208506.515625
1042    -208511.265625
1043    -208516.234375
1044    -208521.328125
1045    -208526.218750
1046    -208531.031250
1047    -208536.062500
1048    -208540.968750
1049    -208545.718750
1050    -208550.343750
1051    -208555.187500
1052    -208559.984375
1053    -208564.718750
1054    -208569.656250
1055    -208574.500000
1056    -208579.187500
1057    -208584.000000
1058    -208588.625000
1059    -208593.343750
1060    -208598.015625
1061    -208602.625000
1062    -208607.203125
1063    -208612.000000
1064    -208616.656250
1065    -208621.218750
1066    -208626.031250
1067    -208630.484375
1068    -208635.062500
1069    -208639.703125
1070    -208644.187500
1071    -208648.593750
1072    -208653.421875
1073    -208658.015625
1074    -208662.406250
1075    -208666.843750
1076    -208671.421875
1077    -208675.843750
1078    -208680.343750
1079    -208684.843750
1080    -208689.390625
1081    -208693.718750
1082    -208698.234375
1083    -208702.468750
1084    -208707.031250
1085    -208711.500000
1086    -208715.906250
1087    -208720.265625
1088    -208724.359375
1089    -208728.937500
1090    -208733.171875
1091    -208737.343750
1092    -208741.703125
1093    -208746.125000
1094    -208750.156250
1095    -208754.593750
1096    -208758.750000
1097    -208763.031250
1098    -208767.187500
1099    -208771.406250
1100    -208775.593750
1101    -208779.750000
1102    -208784.062500
1103    -208788.109375
1104    -208792.125000
1105    -208796.328125
1106    -208800.328125
1107    -208804.203125
1108    -208808.484375
1109    -208812.468750
1110    -208816.718750
1111    -208820.718750
1112    -208824.656250
1113    -208828.687500
1114    -208832.640625
1115    -208836.687500
1116    -208840.562500
1117    -208844.703125
1118    -208848.593750
1119    -208852.515625
1120    -208856.593750
1121    -208860.562500
1122    -208864.343750
1123    -208868.156250
1124    -208872.093750
1125    -208875.953125
1126    -208879.828125
1127    -208883.593750
1128    -208887.437500
1129    -208891.281250
1130    -208895.078125
1131    -208899.000000
1132    -208902.843750
1133    -208906.484375
1134    -208910.437500
1135    -208914.062500
1136    -208917.890625
1137    -208921.625000
1138    -208925.437500
1139    -208929.125000
1140    -208932.968750
1141    -208936.484375
1142    -208940.109375
1143    -208943.859375
1144    -208947.468750
1145    -208951.171875
1146    -208954.937500
1147    -208958.625000
1148    -208962.140625
1149    -208965.843750
1150    -208969.390625
1151    -208972.968750
1152    -208976.640625
1153    -208980.125000
1154    -208983.843750
1155    -208987.437500
1156    -208991.140625
1157    -208994.578125
1158    -208998.156250
1159    -209001.593750
1160    -209005.296875
1161    -209008.875000
1162    -209012.375000
1163    -209015.937500
1164    -209019.453125
1165    -209023.031250
1166    -209026.468750
1167    -209029.843750
1168    -209033.546875
1169    -209037.046875
1170    -209040.437500
1171    -209043.796875
1172    -209047.593750
1173    -209050.859375
1174    -209054.359375
1175    -209057.703125
1176    -209061.296875
1177    -209064.750000
1178    -209068.093750
1179    -209071.484375
1180    -209074.984375
1181    -209078.281250
1182    -209081.718750
1183    -209084.875000
1184    -209088.359375
1185    -209091.937500
1186    -209095.250000
1187    -209098.656250
1188    -209102.046875
1189    -209105.187500
1190    -209108.671875
1191    -209112.125000
1192    -209115.312500
1193    -209118.781250
1194    -209122.031250
1195    -209125.328125
1196    -209128.687500
1197    -209131.859375
1198    -209135.078125
1199    -209138.593750
1200    -209141.750000
1201    -209144.906250
1202    -209148.187500
1203    -209151.609375
1204    -209154.718750
1205    -209157.968750
1206    -209161.250000
1207    -209164.343750
1208    -209167.703125
1209    -209170.968750
1210    -209174.031250
1211    -209177.187500
1212    -209180.500000
1213    -209183.453125
1214    -209186.781250
1215    -209189.984375
1216    -209193.031250
1217    -209196.218750
1218    -209199.515625
1219    -209202.687500
1220    -209205.875000
1221    -209208.843750
1222    -209212.078125
1223    -209215.328125
1224    -209218.218750
1225    -209221.531250
1226    -209224.468750
1227    -209227.687500
1228    -209230.812500
1229    -209233.734375
1230    -209236.828125
1231    -209240.109375
1232    -209243.015625
1233    -209246.062500
1234    -209249.171875
1235    -209252.234375
1236    -209255.281250
1237    -209258.281250
1238    -209261.343750
1239    -209264.468750
1240    -209267.515625
1241    -209270.359375
1242    -209273.500000
1243    -209276.484375
1244    -209279.593750
1245    -209282.468750
1246    -209285.546875
1247    -209288.437500
1248    -209291.421875
1249    -209294.468750
1250    -209297.437500
1251    -209300.437500
1252    -209303.218750
1253    -209306.218750
1254    -209309.093750
1255    -209312.062500
1256    -209314.937500
1257    -209317.812500
1258    -209320.750000
1259    -209323.468750
1260    -209326.296875
1261    -209329.156250
1262    -209331.968750
1263    -209334.750000
1264    -209337.734375
1265    -209340.421875
1266    -209343.343750
1267    -209346.109375
1268    -209348.937500
1269    -209351.593750
1270    -209354.343750
1271    -209357.125000
1272    -209359.968750
1273    -209362.687500
1274    -209365.468750
1275    -209368.078125
1276    -209371.093750
1277    -209373.687500
1278    -209376.437500
1279    -209379.218750
1280    -209381.843750
1281    -209384.687500
1282    -209387.312500
1283    -209390.093750
1284    -209392.843750
1285    -209395.593750
1286    -209398.218750
1287    -209400.953125
1288    -209403.671875
1289    -209406.500000
1290    -209409.093750
1291    -209411.703125
1292    -209414.343750
1293    -209417.046875
1294    -209419.781250
1295    -209422.437500
1296    -209425.109375
1297    -209427.781250
1298    -209430.312500
1299    -209433.109375
1300    -209435.750000
1301    -209438.328125
1302    -209441.031250
1303    -209443.578125
1304    -209446.218750
1305    -209448.875000
1306    -209451.484375
1307    -209453.937500
1308    -209456.609375
1309    -209459.000000
1310    -209461.593750
1311    -209464.203125
1312    -209466.656250
1313    -209469.218750
1314    -209471.750000
1315    -209474.281250
1316    -209476.687500
1317    -209479.156250
1318    -209481.812500
1319    -209484.156250
1320    -209486.687500
1321    -209489.187500
1322    -209491.687500
1323    -209494.062500
1324    -209496.500000
1325    -209499.031250
1326    -209501.375000
1327    -209503.906250
1328    -209506.281250
1329    -209508.750000
1330    -209511.218750
1331    -209513.687500
1332    -209516.062500
1333    -209518.500000
1334    -209520.984375
1335    -209523.343750
1336    -209525.671875
1337    -209528.093750
1338    -209530.375000
1339    -209532.859375
1340    -209535.125000
1341    -209537.546875
1342    -209539.906250
1343    -209542.281250
1344    -209544.468750
1345    -209546.875000
1346    -209549.343750
1347    -209551.625000
1348    -209553.921875
1349    -209556.218750
1350    -209558.484375
1351    -209560.781250
1352    -209563.109375
1353    -209565.328125
1354    -209567.625000
1355    -209569.875000
1356    -209572.312500
1357    -209574.468750
1358    -209576.609375
1359    -209579.000000
1360    -209581.187500
1361    -209583.421875
1362    -209585.578125
1363    -209587.937500
1364    -209590.156250
1365    -209592.406250
1366    -209594.593750
1367    -209596.781250
1368    -209599.140625
1369    -209601.250000
1370    -209603.546875
1371    -209605.656250
1372    -209607.687500
1373    -209609.828125
1374    -209612.062500
1375    -209614.296875
1376    -209616.375000
1377    -209618.609375
1378    -209620.718750
1379    -209622.921875
1380    -209624.968750
1381    -209627.046875
1382    -209629.187500
1383    -209631.281250
1384    -209633.421875
1385    -209635.484375
1386    -209637.609375
1387    -209639.640625
1388    -209641.812500
1389    -209643.750000
1390    -209645.906250
1391    -209647.921875
1392    -209649.906250
1393    -209651.843750
1394    -209653.843750
1395    -209655.875000
1396    -209657.781250
1397    -209659.906250
1398    -209661.796875
1399    -209663.656250
1400    -209665.828125
1401    -209667.796875
1402    -209669.750000
1403    -209671.625000
1404    -209673.609375
1405    -209675.578125
1406    -209677.437500
1407    -209679.484375
1408    -209681.375000
1409    -209683.312500
1410    -209685.375000
1411    -209687.187500
1412    -209689.171875
1413    -209691.156250
1414    -209693.062500
1415    -209694.906250
1416    -209696.828125
1417    -209698.718750
1418    -209700.625000
1419    -209702.546875
1420    -209704.375000
1421    -209706.250000
1422    -209708.093750
1423    -209710.078125
1424    -209711.812500
1425    -209713.750000
1426    -209715.593750
1427    -209717.546875
1428    -209719.343750
1429    -209721.156250
1430    -209723.156250
1431    -209724.718750
1432    -209726.656250
1433    -209728.625000
1434    -209730.312500
1435    -209732.109375
1436    -209733.890625
1437    -209735.593750
1438    -209737.562500
1439    -209739.187500
1440    -209740.968750
1441    -209742.843750
1442    -209744.500000
1443    -209746.296875
1444    -209748.062500
1445    -209749.765625
1446    -209751.593750
1447    -209753.281250
1448    -209755.078125
1449    -209756.812500
1450    -209758.500000
1451    -209760.218750
1452    -209761.921875
1453    -209763.640625
1454    -209765.406250
1455    -209766.937500
1456    -209768.687500
1457    -209770.312500
1458    -209772.093750
1459    -209773.781250
1460    -209775.390625
1461    -209777.093750
1462    -209778.718750
1463    -209780.468750
1464    -209782.000000
1465    -209783.687500
1466    -209785.343750
1467    -209786.953125
1468    -209788.593750
1469    -209790.328125
1470    -209791.890625
1471    -209793.468750
1472    -209795.281250
1473    -209796.718750
1474    -209798.375000
1475    -209800.031250
1476    -209801.656250
1477    -209803.343750
1478    -209804.812500
1479    -209806.437500
1480    -209808.062500
1481    -209809.593750
1482    -209811.203125
1483    -209812.625000
1484    -209814.468750
1485    -209815.843750
1486    -209817.609375
1487    -209819.109375
1488    -209820.656250
1489    -209822.187500
1490    -209823.750000
1491    -209825.375000
1492    -209826.968750
1493    -209828.546875
1494    -209830.093750
1495    -209831.687500
1496    -209833.125000
1497    -209834.718750
1498    -209836.281250
1499    -209837.687500
1500    -209839.343750
1501    -209840.843750
1502    -209842.343750
1503    -209843.906250
1504    -209845.406250
1505    -209846.968750
1506    -209848.375000
1507    -209849.937500
1508    -209851.468750
1509    -209852.937500
1510    -209854.531250
1511    -209856.031250
1512    -209857.515625
1513    -209859.000000
1514    -209860.546875
1515    -209862.031250
1516    -209863.468750
1517    -209864.890625
1518    -209866.531250
1519    -209868.000000
1520    -209869.562500
1521    -209871.031250
1522    -209872.531250
1523    -209874.031250
1524    -209875.531250
1525    -209876.906250
1526    -209878.453125
1527    -209879.906250
1528    -209881.406250
1529    -209882.859375
1530    -209884.250000
1531    -209885.703125
1532    -209887.187500
1533    -209888.703125
1534    -209890.125000
1535    -209891.390625
1536    -209892.937500
1537    -209894.328125
1538    -209895.812500
1539    -209897.156250
1540    -209898.562500
1541    -209900.046875
1542    -209901.593750
1543    -209902.984375
1544    -209904.328125
1545    -209905.750000
1546    -209907.125000
1547    -209908.562500
1548    -209909.906250
1549    -209911.343750
1550    -209912.718750
1551    -209914.171875
1552    -209915.625000
1553    -209916.890625
1554    -209918.406250
1555    -209919.796875
1556    -209921.203125
1557    -209922.625000
1558    -209923.968750
1559    -209925.390625
1560    -209926.875000
1561    -209928.218750
1562    -209929.625000
1563    -209930.906250
1564    -209932.296875
1565    -209933.656250
1566    -209935.125000
1567    -209936.546875
1568    -209937.843750
1569    -209939.250000
1570    -209940.531250
1571    -209942.000000
1572    -209943.281250
1573    -209944.718750
1574    -209946.062500
1575    -209947.468750
1576    -209948.781250
1577    -209950.218750
1578    -209951.562500
1579    -209952.906250
1580    -209954.375000
1581    -209955.718750
1582    -209956.984375
1583    -209958.312500
1584    -209959.781250
1585    -209961.078125
1586    -209962.484375
1587    -209963.781250
1588    -209965.156250
1589    -209966.359375
1590    -209967.781250
1591    -209969.062500
1592    -209970.484375
1593    -209971.796875
1594    -209973.156250
1595    -209974.406250
1596    -209975.812500
1597    -209977.125000
1598    -209978.437500
1599    -209979.718750
1600    -209981.125000
1601    -209982.484375
1602    -209983.640625
1603    -209985.015625
1604    -209986.312500
1605    -209987.609375
1606    -209988.984375
1607    -209990.187500
1608    -209991.468750
1609    -209992.937500
1610    -209994.281250
1611    -209995.468750
1612    -209996.828125
1613    -209998.109375
1614    -209999.375000
1615    -210000.625000
1616    -210001.937500
1617    -210003.218750
1618    -210004.437500
1619    -210005.812500
1620    -210007.062500
1621    -210008.343750
1622    -210009.687500
1623    -210010.937500
1624    -210012.296875
1625    -210013.531250
1626    -210014.875000
1627    -210016.031250
1628    -210017.375000
1629    -210018.656250
1630    -210019.968750
1631    -210021.265625
1632    -210022.531250
1633    -210023.843750
1634    -210025.062500
1635    -210026.328125
1636    -210027.546875
1637    -210028.828125
1638    -210030.140625
1639    -210031.437500
1640    -210032.750000
1641    -210033.937500
1642    -210035.281250
1643    -210036.546875
1644    -210037.750000
1645    -210039.031250
1646    -210040.234375
1647    -210041.578125
1648    -210042.750000
1649    -210044.062500
1650    -210045.312500
1651    -210046.625000
1652    -210047.843750
1653    -210049.062500
1654    -210050.265625
1655    -210051.562500
1656    -210052.750000
1657    -210054.062500
1658    -210055.265625
1659    -210056.500000
1660    -210057.718750
1661    -210058.937500
1662    -210060.343750
1663    -210061.468750
1664    -210062.609375
1665    -210063.906250
1666    -210065.171875
1667    -210066.453125
1668    -210067.656250
1669    -210068.875000
1670    -210070.109375
1671    -210071.375000
1672    -210072.531250
1673    -210073.781250
1674    -210075.000000
1675    -210076.171875
1676    -210077.406250
1677    -210078.656250
1678    -210079.843750
1679    -210081.140625
1680    -210082.281250
1681    -210083.531250
1682    -210084.812500
1683    -210086.046875
1684    -210087.218750
1685    -210088.437500
1686    -210089.718750
1687    -210090.937500
1688    -210092.250000
1689    -210093.468750
1690    -210094.656250
1691    -210095.859375
1692    -210097.031250
1693    -210098.265625
1694    -210099.453125
1695    -210100.750000
1696    -210101.890625
1697    -210103.140625
1698    -210104.312500
1699    -210105.546875
1700    -210106.734375
1701    -210107.968750
1702    -210109.125000
1703    -210110.406250
1704    -210111.656250
1705    -210112.734375
1706    -210113.921875
1707    -210115.250000
1708    -210116.437500
1709    -210117.640625
1710    -210118.828125
1711    -210120.062500
1712    -210121.343750
1713    -210122.468750
1714    -210123.687500
1715    -210124.890625
1716    -210126.015625
1717    -210127.328125
1718    -210128.468750
1719    -210129.656250
1720    -210130.875000
1721    -210132.015625
1722    -210133.250000
1723    -210134.625000
1724    -210135.625000
1725    -210136.859375
1726    -210138.031250
1727    -210139.312500
1728    -210140.406250
1729    -210141.687500
1730    -210142.781250
1731    -210144.093750
1732    -210145.203125
1733    -210146.437500
1734    -210147.593750
1735    -210148.859375
1736    -210149.906250
1737    -210151.187500
1738    -210152.375000
1739    -210153.484375
1740    -210154.718750
1741    -210155.859375
1742    -210157.093750
1743    -210158.312500
1744    -210159.531250
1745    -210160.781250
1746    -210161.812500
1747    -210163.093750
1748    -210164.250000
1749    -210165.375000
1750    -210166.593750
1751    -210167.687500
1752    -210168.921875
1753    -210170.125000
1754    -210171.203125
1755    -210172.531250
1756    -210173.625000
1757    -210174.796875
1758    -210175.906250
1759    -210177.171875
1760    -210178.328125
1761    -210179.531250
1762    -210180.703125
1763    -210181.875000
1764    -210183.046875
1765    -210184.234375
1766    -210185.406250
1767    -210186.515625
1768    -210187.765625
1769    -210188.875000
1770    -210190.031250
1771    -210191.234375
1772    -210192.296875
1773    -210193.640625
1774    -210194.781250
1775    -210195.890625
1776    -210197.000000
1777    -210198.187500
1778    -210199.343750
1779    -210200.656250
1780    -210201.781250
1781    -210202.906250
1782    -210204.062500
1783    -210205.312500
1784    -210206.468750
1785    -210207.562500
1786    -210208.703125
1787    -210209.906250
1788    -210211.187500
1789    -210212.125000
1790    -210213.453125
1791    -210214.578125
1792    -210215.750000
1793    -210216.843750
1794    -210217.937500
1795    -210219.187500
1796    -210220.281250
1797    -210221.437500
1798    -210222.562500
1799    -210223.843750
1800    -210224.843750
1801    -210225.984375
1802    -210227.171875
1803    -210228.281250
1804    -210229.375000
1805    -210230.687500
1806    -210231.750000
1807    -210232.875000
1808    -210233.968750
1809    -210235.203125
1810    -210236.312500
1811    -210237.421875
1812    -210238.421875
1813    -210239.531250
1814    -210240.656250
1815    -210241.812500
1816    -210242.812500
1817    -210243.921875
1818    -210245.125000
1819    -210246.203125
1820    -210247.296875
1821    -210248.406250
1822    -210249.453125
1823    -210250.562500
1824    -210251.687500
1825    -210252.906250
1826    -210253.875000
1827    -210255.062500
1828    -210256.140625
1829    -210257.250000
1830    -210258.296875
1831    -210259.437500
1832    -210260.546875
1833    -210261.593750
1834    -210262.687500
1835    -210263.781250
1836    -210264.875000
1837    -210266.031250
1838    -210267.062500
1839    -210268.187500
1840    -210269.406250
1841    -210270.406250
1842    -210271.500000
1843    -210272.656250
1844    -210273.656250
1845    -210274.750000
1846    -210275.890625
1847    -210276.937500
1848    -210278.000000
1849    -210279.125000
1850    -210280.171875
1851    -210281.375000
1852    -210282.359375
1853    -210283.500000
1854    -210284.453125
1855    -210285.625000
1856    -210286.734375
1857    -210287.734375
1858    -210288.812500
1859    -210289.828125
1860    -210290.937500
1861    -210292.093750
1862    -210293.125000
1863    -210294.171875
1864    -210295.312500
1865    -210296.312500
1866    -210297.328125
1867    -210298.406250
1868    -210299.562500
1869    -210300.562500
1870    -210301.656250
1871    -210302.765625
1872    -210303.750000
1873    -210304.812500
1874    -210306.000000
1875    -210307.031250
1876    -210308.062500
1877    -210309.109375
1878    -210310.156250
1879    -210311.203125
1880    -210312.328125
1881    -210313.312500
1882    -210314.375000
1883    -210315.453125
1884    -210316.593750
1885    -210317.609375
1886    -210318.656250
1887    -210319.781250
1888    -210320.687500
1889    -210321.796875
1890    -210322.921875
1891    -210324.109375
1892    -210325.015625
1893    -210326.093750
1894    -210327.171875
1895    -210328.187500
1896    -210329.343750
1897    -210330.250000
1898    -210331.343750
1899    -210332.468750
1900    -210333.515625
1901    -210334.531250
1902    -210335.703125
1903    -210336.750000
1904    -210337.687500
1905    -210338.828125
1906    -210339.890625
1907    -210340.937500
1908    -210342.031250
1909    -210343.046875
1910    -210344.125000
1911    -210345.125000
1912    -210346.187500
1913    -210347.234375
1914    -210348.281250
1915    -210349.375000
1916    -210350.281250
1917    -210351.406250
1918    -210352.468750
1919    -210353.546875
1920    -210354.593750
1921    -210355.562500
1922    -210356.593750
1923    -210357.703125
1924    -210358.750000
1925    -210359.812500
1926    -210360.859375
1927    -210361.968750
1928    -210362.984375
1929    -210364.000000
1930    -210365.078125
1931    -210366.187500
1932    -210367.203125
1933    -210368.187500
1934    -210369.281250
1935    -210370.312500
1936    -210371.406250
1937    -210372.484375
1938    -210373.593750
1939    -210374.578125
1940    -210375.640625
1941    -210376.750000
1942    -210377.781250
1943    -210378.843750
1944    -210379.796875
1945    -210380.906250
1946    -210382.046875
1947    -210383.125000
1948    -210384.187500
1949    -210385.156250
1950    -210386.218750
1951    -210387.390625
1952    -210388.500000
1953    -210389.468750
1954    -210390.437500
1955    -210391.640625
1956    -210392.718750
1957    -210393.687500
1958    -210394.750000
1959    -210395.812500
1960    -210397.031250
1961    -210398.000000
1962    -210399.093750
1963    -210400.093750
1964    -210401.312500
1965    -210402.281250
1966    -210403.343750
1967    -210404.437500
1968    -210405.562500
1969    -210406.500000
1970    -210407.656250
1971    -210408.703125
1972    -210409.750000
1973    -210410.921875
1974    -210411.906250
1975    -210412.937500
1976    -210414.109375
1977    -210415.187500
1978    -210416.171875
1979    -210417.281250
1980    -210418.375000
1981    -210419.437500
1982    -210420.453125
1983    -210421.531250
1984    -210422.687500
1985    -210423.750000
1986    -210424.750000
1987    -210425.812500
1988    -210426.968750
1989    -210427.968750
1990    -210429.062500
1991    -210430.109375
1992    -210431.203125
1993    -210432.343750
1994    -210433.312500
1995    -210434.406250
1996    -210435.515625
1997    -210436.562500
1998    -210437.640625
1999    -210438.718750
2000    -210439.750000
2001    -210440.796875
2002    -210441.906250
2003    -210443.000000
2004    -210444.031250
2005    -210445.125000
2006    -210446.125000
2007    -210447.156250
2008    -210448.328125
2009    -210449.343750
2010    -210450.421875
2011    -210451.468750
2012    -210452.468750
2013    -210453.593750
2014    -210454.625000
2015    -210455.687500
2016    -210456.781250
2017    -210457.828125
2018    -210458.843750
2019    -210459.843750
2020    -210460.875000
2021    -210462.015625
2022    -210462.906250
2023    -210464.140625
2024    -210465.093750
2025    -210466.062500
2026    -210467.187500
2027    -210468.125000
2028    -210469.234375
2029    -210470.281250
2030    -210471.265625
2031    -210472.343750
2032    -210473.406250
2033    -210474.406250
2034    -210475.437500
2035    -210476.531250
2036    -210477.500000
2037    -210478.656250
2038    -210479.609375
2039    -210480.640625
2040    -210481.703125
2041    -210482.703125
2042    -210483.687500
2043    -210484.750000
2044    -210485.812500
2045    -210486.828125
2046    -210487.875000
2047    -210488.906250
2048    -210489.906250
2049    -210490.937500
2050    -210491.968750
2051    -210493.093750
2052    -210494.031250
2053    -210495.093750
2054    -210496.078125
2055    -210497.250000
2056    -210498.234375
2057    -210499.140625
2058    -210500.234375
2059    -210501.312500
2060    -210502.312500
2061    -210503.390625
2062    -210504.359375
2063    -210505.484375
2064    -210506.406250
2065    -210507.484375
2066    -210508.375000
2067    -210509.437500
2068    -210510.375000
2069    -210511.406250
2070    -210512.328125
2071    -210513.390625
2072    -210514.390625
2073    -210515.312500
2074    -210516.437500
2075    -210517.390625
2076    -210518.375000
2077    -210519.312500
2078    -210520.406250
2079    -210521.375000
2080    -210522.312500
2081    -210523.312500
2082    -210524.312500
2083    -210525.343750
2084    -210526.375000
2085    -210527.343750
2086    -210528.312500
2087    -210529.281250
2088    -210530.281250
2089    -210531.390625
2090    -210532.343750
2091    -210533.281250
2092    -210534.312500
2093    -210535.375000
2094    -210536.265625
2095    -210537.406250
2096    -210538.312500
2097    -210539.343750
2098    -210540.375000
2099    -210541.312500
2100    -210542.250000
2101    -210543.296875
2102    -210544.281250
2103    -210545.312500
2104    -210546.218750
2105    -210547.250000
2106    -210548.218750
2107    -210549.218750
2108    -210550.156250
2109    -210551.250000
2110    -210552.203125
2111    -210553.187500
2112    -210554.312500
2113    -210555.156250
2114    -210556.250000
2115    -210557.156250
2116    -210558.218750
2117    -210559.187500
2118    -210560.187500
2119    -210561.093750
2120    -210562.140625
2121    -210563.062500
2122    -210564.031250
2123    -210565.031250
2124    -210565.968750
2125    -210567.046875
2126    -210567.890625
2127    -210568.859375
2128    -210569.781250
2129    -210570.843750
2130    -210571.796875
2131    -210572.640625
2132    -210573.750000
2133    -210574.625000
2134    -210575.687500
2135    -210576.625000
2136    -210577.671875
2137    -210578.593750
2138    -210579.468750
2139    -210580.531250
2140    -210581.500000
2141    -210582.468750
2142    -210583.390625
2143    -210584.343750
2144    -210585.312500
2145    -210586.281250
2146    -210587.343750
2147    -210588.250000
2148    -210589.187500
2149    -210590.187500
2150    -210591.031250
2151    -210592.125000
2152    -210593.125000
2153    -210594.000000
2154    -210594.937500
2155    -210595.906250
2156    -210596.953125
2157    -210597.812500
2158    -210598.750000
2159    -210599.750000
2160    -210600.687500
2161    -210601.718750
2162    -210602.718750
2163    -210603.703125
2164    -210604.531250
2165    -210605.531250
2166    -210606.484375
2167    -210607.437500
2168    -210608.468750
2169    -210609.343750
2170    -210610.406250
2171    -210611.250000
2172    -210612.171875
2173    -210613.218750
2174    -210614.125000
2175    -210615.078125
2176    -210616.062500
2177    -210617.078125
2178    -210618.031250
2179    -210618.906250
2180    -210620.031250
2181    -210620.843750
2182    -210621.875000
2183    -210622.781250
2184    -210623.843750
2185    -210624.750000
2186    -210625.750000
2187    -210626.687500
2188    -210627.593750
2189    -210628.593750
2190    -210629.609375
2191    -210630.484375
2192    -210631.468750
2193    -210632.515625
2194    -210633.453125
2195    -210634.375000
2196    -210635.390625
2197    -210636.375000
2198    -210637.281250
2199    -210638.343750
2200    -210639.250000
2201    -210640.312500
2202    -210641.187500
2203    -210642.171875
2204    -210643.140625
2205    -210644.031250
2206    -210645.140625
2207    -210646.046875
2208    -210647.031250
2209    -210647.906250
2210    -210648.937500
2211    -210649.875000
2212    -210650.843750
2213    -210651.687500
2214    -210652.750000
2215    -210653.750000
2216    -210654.718750
2217    -210655.562500
2218    -210656.562500
2219    -210657.500000
2220    -210658.531250
2221    -210659.546875
2222    -210660.343750
2223    -210661.406250
2224    -210662.375000
2225    -210663.343750
2226    -210664.218750
2227    -210665.281250
2228    -210666.218750
2229    -210667.171875
2230    -210668.140625
2231    -210669.000000
2232    -210670.015625
2233    -210670.968750
2234    -210671.906250
2235    -210672.906250
2236    -210673.859375
2237    -210674.796875
2238    -210675.812500
2239    -210676.750000
2240    -210677.703125
2241    -210678.625000
2242    -210679.531250
2243    -210680.500000
2244    -210681.406250
2245    -210682.375000
2246    -210683.312500
2247    -210684.281250
2248    -210685.125000
2249    -210686.125000
2250    -210687.062500
2251    -210687.953125
2252    -210688.921875
2253    -210689.875000
2254    -210690.781250
2255    -210691.718750
2256    -210692.781250
2257    -210693.640625
2258    -210694.578125
2259    -210695.500000
2260    -210696.390625
2261    -210697.359375
2262    -210698.296875
2263    -210699.062500
2264    -210700.046875
2265    -210701.093750
2266    -210701.968750
2267    -210702.875000
2268    -210703.828125
2269    -210704.640625
2270    -210705.625000
2271    -210706.546875
2272    -210707.375000
2273    -210708.250000
2274    -210709.250000
2275    -210710.156250
2276    -210711.031250
2277    -210712.015625
2278    -210712.812500
2279    -210713.718750
2280    -210714.625000
2281    -210715.593750
2282    -210716.500000
2283    -210717.281250
2284    -210718.218750
2285    -210719.125000
2286    -210720.000000
2287    -210720.796875
2288    -210721.640625
2289    -210722.562500
2290    -210723.468750
2291    -210724.281250
2292    -210725.109375
2293    -210725.968750
2294    -210726.843750
2295    -210727.781250
2296    -210728.531250
2297    -210729.375000
2298    -210730.218750
2299    -210731.093750
2300    -210731.953125
2301    -210732.812500
2302    -210733.656250
2303    -210734.406250
2304    -210735.359375
2305    -210736.156250
2306    -210737.000000
2307    -210737.734375
2308    -210738.593750
2309    -210739.406250
2310    -210740.250000
2311    -210741.062500
2312    -210741.906250
2313    -210742.703125
2314    -210743.421875
2315    -210744.281250
2316    -210745.046875
2317    -210745.875000
2318    -210746.734375
2319    -210747.515625
2320    -210748.328125
2321    -210749.109375
2322    -210749.875000
2323    -210750.656250
2324    -210751.515625
2325    -210752.265625
2326    -210753.031250
2327    -210753.812500
2328    -210754.625000
2329    -210755.375000
2330    -210756.125000
2331    -210756.843750
2332    -210757.656250
2333    -210758.500000
2334    -210759.218750
2335    -210759.937500
2336    -210760.718750
2337    -210761.375000
2338    -210762.218750
2339    -210762.968750
2340    -210763.718750
2341    -210764.468750
2342    -210765.312500
2343    -210765.906250
2344    -210766.734375
2345    -210767.328125
2346    -210768.125000
2347    -210768.828125
2348    -210769.656250
2349    -210770.343750
2350    -210771.125000
2351    -210771.718750
2352    -210772.546875
2353    -210773.171875
2354    -210773.968750
2355    -210774.687500
2356    -210775.437500
2357    -210776.078125
2358    -210776.812500
2359    -210777.453125
2360    -210778.296875
2361    -210778.906250
2362    -210779.640625
2363    -210780.359375
2364    -210781.046875
2365    -210781.812500
2366    -210782.453125
2367    -210783.109375
2368    -210783.828125
2369    -210784.562500
2370    -210785.171875
2371    -210785.953125
2372    -210786.500000
2373    -210787.203125
2374    -210787.906250
2375    -210788.640625
2376    -210789.281250
2377    -210789.859375
2378    -210790.671875
2379    -210791.250000
2380    -210791.906250
2381    -210792.640625
2382    -210793.281250
2383    -210793.906250
2384    -210794.562500
2385    -210795.250000
2386    -210795.906250
2387    -210796.562500
2388    -210797.156250
2389    -210797.765625
2390    -210798.421875
2391    -210799.187500
2392    -210799.734375
2393    -210800.359375
2394    -210800.921875
2395    -210801.687500
2396    -210802.234375
2397    -210802.875000
2398    -210803.437500
2399    -210804.046875
2400    -210804.781250
2401    -210805.343750
2402    -210805.968750
2403    -210806.609375
2404    -210807.203125
2405    -210807.812500
2406    -210808.406250
2407    -210809.046875
2408    -210809.609375
2409    -210810.312500
2410    -210810.890625
2411    -210811.484375
2412    -210812.062500
2413    -210812.718750
2414    -210813.312500
2415    -210813.843750
2416    -210814.500000
2417    -210815.093750
2418    -210815.687500
2419    -210816.328125
2420    -210816.906250
2421    -210817.562500
2422    -210818.062500
2423    -210818.750000
2424    -210819.250000
2425    -210819.953125
2426    -210820.468750
2427    -210821.000000
2428    -210821.625000
2429    -210822.218750
2430    -210822.812500
2431    -210823.406250
2432    -210824.078125
2433    -210824.531250
2434    -210825.125000
2435    -210825.718750
2436    -210826.250000
2437    -210826.781250
2438    -210827.406250
2439    -210827.937500
2440    -210828.562500
2441    -210829.031250
2442    -210829.593750
2443    -210830.187500
2444    -210830.718750
2445    -210831.312500
2446    -210831.875000
2447    -210832.468750
2448    -210832.875000
2449    -210833.500000
2450    -210834.000000
2451    -210834.562500
2452    -210835.078125
2453    -210835.593750
2454    -210836.156250
2455    -210836.656250
2456    -210837.250000
2457    -210837.781250
2458    -210838.390625
2459    -210838.781250
2460    -210839.437500
2461    -210840.031250
2462    -210840.437500
2463    -210841.062500
2464    -210841.531250
2465    -210842.109375
2466    -210842.687500
2467    -210843.203125
2468    -210843.781250
2469    -210844.250000
2470    -210844.781250
2471    -210845.390625
2472    -210845.843750
2473    -210846.468750
2474    -210847.031250
2475    -210847.500000
2476    -210848.000000
2477    -210848.625000
2478    -210849.093750
2479    -210849.703125
2480    -210850.250000
2481    -210850.734375
2482    -210851.250000
2483    -210851.875000
2484    -210852.250000
2485    -210852.875000
2486    -210853.421875
2487    -210853.953125
2488    -210854.531250
2489    -210855.062500
2490    -210855.593750
2491    -210856.062500
2492    -210856.593750
2493    -210857.156250
2494    -210857.734375
2495    -210858.218750
2496    -210858.703125
2497    -210859.218750
2498    -210859.781250
2499    -210860.265625
2500    -210860.781250
2501    -210861.343750
2502    -210861.812500
2503    -210862.406250
2504    -210862.906250
2505    -210863.484375
2506    -210864.015625
2507    -210864.500000
2508    -210865.031250
2509    -210865.531250
2510    -210866.015625
2511    -210866.609375
2512    -210867.062500
2513    -210867.625000
2514    -210868.187500
2515    -210868.625000
2516    -210869.218750
2517    -210869.718750
2518    -210870.312500
2519    -210870.703125
2520    -210871.281250
2521    -210871.843750
2522    -210872.281250
2523    -210872.812500
2524    -210873.343750
2525    -210873.828125
2526    -210874.406250
2527    -210874.859375
2528    -210875.406250
2529    -210875.921875
2530    -210876.515625
2531    -210876.906250
2532    -210877.500000
2533    -210878.078125
2534    -210878.421875
2535    -210879.031250
2536    -210879.562500
2537    -210880.062500
2538    -210880.562500
2539    -210881.203125
2540    -210881.671875
2541    -210882.125000
2542    -210882.750000
2543    -210883.250000
2544    -210883.765625
2545    -210884.281250
2546    -210884.812500
2547    -210885.437500
2548    -210885.843750
2549    -210886.359375
2550    -210886.921875
2551    -210887.437500
2552    -210888.000000
2553    -210888.421875
2554    -210889.015625
2555    -210889.625000
2556    -210890.031250
2557    -210890.609375
2558    -210891.140625
2559    -210891.703125
2560    -210892.203125
2561    -210892.687500
2562    -210893.281250
2563    -210893.750000
2564    -210894.265625
2565    -210894.765625
2566    -210895.343750
2567    -210895.828125
2568    -210896.343750
2569    -210896.843750
2570    -210897.437500
2571    -210897.921875
2572    -210898.468750
2573    -210898.953125
2574    -210899.562500
2575    -210900.015625
2576    -210900.593750
2577    -210901.062500
2578    -210901.515625
2579    -210902.171875
2580    -210902.484375
2581    -210903.187500
2582    -210903.718750
2583    -210904.250000
2584    -210904.703125
2585    -210905.281250
2586    -210905.843750
2587    -210906.406250
2588    -210906.781250
2589    -210907.390625
2590    -210907.921875
2591    -210908.375000
2592    -210908.984375
2593    -210909.500000
2594    -210910.031250
2595    -210910.437500
2596    -210911.062500
2597    -210911.531250
2598    -210912.000000
2599    -210912.625000
2600    -210913.109375
2601    -210913.625000
2602    -210914.093750
2603    -210914.687500
2604    -210915.265625
2605    -210915.687500
2606    -210916.250000
2607    -210916.781250
2608    -210917.250000
2609    -210917.750000
2610    -210918.343750
2611    -210918.890625
2612    -210919.343750
2613    -210919.828125
2614    -210920.359375
2615    -210920.812500
2616    -210921.406250
2617    -210921.984375
2618    -210922.421875
2619    -210922.906250
2620    -210923.515625
2621    -210924.015625
2622    -210924.531250
2623    -210925.000000
2624    -210925.625000
2625    -210926.125000
2626    -210926.687500
2627    -210927.125000
2628    -210927.625000
2629    -210928.171875
2630    -210928.750000
2631    -210929.312500
2632    -210929.781250
2633    -210930.312500
2634    -210930.812500
2635    -210931.312500
2636    -210931.890625
2637    -210932.390625
2638    -210932.968750
2639    -210933.421875
2640    -210934.000000
2641    -210934.625000
2642    -210935.125000
2643    -210935.531250
2644    -210936.093750
2645    -210936.687500
2646    -210937.187500
2647    -210937.687500
2648    -210938.250000
2649    -210938.765625
2650    -210939.312500
2651    -210939.875000
2652    -210940.343750
2653    -210940.890625
2654    -210941.531250
2655    -210942.000000
2656    -210942.500000
2657    -210943.031250
2658    -210943.625000
2659    -210944.093750
2660    -210944.625000
2661    -210945.187500
2662    -210945.656250
2663    -210946.156250
2664    -210946.796875
2665    -210947.359375
2666    -210947.875000
2667    -210948.281250
2668    -210948.875000
2669    -210949.484375
2670    -210949.968750
2671    -210950.500000
2672    -210950.984375
2673    -210951.531250
2674    -210952.093750
2675    -210952.671875
2676    -210953.140625
2677    -210953.734375
2678    -210954.250000
2679    -210954.781250
2680    -210955.250000
2681    -210955.859375
2682    -210956.390625
2683    -210956.906250
2684    -210957.437500
2685    -210958.078125
2686    -210958.531250
2687    -210959.093750
2688    -210959.562500
2689    -210960.156250
2690    -210960.687500
2691    -210961.281250
2692    -210961.781250
2693    -210962.312500
2694    -210962.843750
2695    -210963.359375
2696    -210963.859375
2697    -210964.468750
2698    -210965.031250
2699    -210965.562500
2700    -210966.062500
2701    -210966.531250
2702    -210967.125000
2703    -210967.609375
2704    -210968.203125
2705    -210968.750000
2706    -210969.187500
2707    -210969.765625
2708    -210970.406250
2709    -210970.984375
2710    -210971.468750
2711    -210972.031250
2712    -210972.609375
2713    -210973.109375
2714    -210973.625000
2715    -210974.187500
2716    -210974.750000
2717    -210975.265625
2718    -210975.812500
2719    -210976.390625
2720    -210976.890625
2721    -210977.375000
2722    -210977.953125
2723    -210978.578125
2724    -210979.062500
2725    -210979.562500
2726    -210980.156250
2727    -210980.625000
2728    -210981.171875
2729    -210981.718750
2730    -210982.312500
2731    -210982.734375
2732    -210983.343750
2733    -210983.781250
2734    -210984.406250
2735    -210984.890625
2736    -210985.453125
2737    -210985.953125
2738    -210986.562500
2739    -210987.062500
2740    -210987.609375
2741    -210988.015625
2742    -210988.703125
2743    -210989.093750
2744    -210989.718750
2745    -210990.281250
2746    -210990.812500
2747    -210991.375000
2748    -210991.875000
2749    -210992.359375
2750    -210992.984375
2751    -210993.500000
2752    -210994.015625
2753    -210994.656250
2754    -210995.125000
2755    -210995.656250
2756    -210996.218750
2757    -210996.765625
2758    -210997.343750
2759    -210997.828125
2760    -210998.406250
2761    -210998.921875
2762    -210999.484375
2763    -211000.062500
2764    -211000.578125
2765    -211001.125000
2766    -211001.734375
2767    -211002.296875
2768    -211002.812500
2769    -211003.328125
2770    -211003.906250
2771    -211004.453125
2772    -211004.937500
2773    -211005.609375
2774    -211006.093750
2775    -211006.656250
2776    -211007.250000
2777    -211007.687500
2778    -211008.343750
2779    -211008.875000
2780    -211009.437500
2781    -211009.937500
2782    -211010.593750
2783    -211011.062500
2784    -211011.656250
2785    -211012.187500
2786    -211012.718750
2787    -211013.312500
2788    -211013.906250
2789    -211014.531250
2790    -211015.062500
2791    -211015.625000
2792    -211016.171875
2793    -211016.781250
2794    -211017.359375
2795    -211017.906250
2796    -211018.500000
2797    -211019.015625
2798    -211019.546875
2799    -211020.093750
2800    -211020.703125
2801    -211021.312500
2802    -211021.906250
2803    -211022.406250
2804    -211022.968750
2805    -211023.546875
2806    -211024.187500
2807    -211024.750000
2808    -211025.343750
2809    -211025.937500
2810    -211026.484375
2811    -211027.062500
2812    -211027.656250
2813    -211028.312500
2814    -211028.828125
2815    -211029.406250
2816    -211030.000000
2817    -211030.531250
2818    -211031.218750
2819    -211031.640625
2820    -211032.296875
2821    -211032.828125
2822    -211033.421875
2823    -211033.921875
2824    -211034.546875
2825    -211035.156250
2826    -211035.718750
2827    -211036.328125
2828    -211036.968750
2829    -211037.515625
2830    -211038.156250
2831    -211038.750000
2832    -211039.312500
2833    -211039.859375
2834    -211040.437500
2835    -211041.109375
2836    -211041.718750
2837    -211042.265625
2838    -211042.843750
2839    -211043.421875
2840    -211044.062500
2841    -211044.687500
2842    -211045.281250
2843    -211045.890625
2844    -211046.500000
2845    -211047.109375
2846    -211047.687500
2847    -211048.218750
2848    -211048.843750
2849    -211049.437500
2850    -211050.000000
2851    -211050.703125
2852    -211051.234375
2853    -211051.875000
2854    -211052.531250
2855    -211053.093750
2856    -211053.718750
2857    -211054.343750
2858    -211054.937500
2859    -211055.562500
2860    -211056.093750
2861    -211056.765625
2862    -211057.312500
2863    -211057.937500
2864    -211058.671875
2865    -211059.156250
2866    -211059.750000
2867    -211060.531250
2868    -211061.000000
2869    -211061.656250
2870    -211062.312500
2871    -211062.875000
2872    -211063.484375
2873    -211064.187500
2874    -211064.703125
2875    -211065.390625
2876    -211065.968750
2877    -211066.656250
2878    -211067.218750
2879    -211067.843750
2880    -211068.406250
2881    -211069.187500
2882    -211069.750000
2883    -211070.343750
2884    -211071.093750
2885    -211071.718750
2886    -211072.250000
2887    -211072.968750
2888    -211073.609375
2889    -211074.187500
2890    -211074.781250
2891    -211075.531250
2892    -211076.093750
2893    -211076.765625
2894    -211077.296875
2895    -211077.875000
2896    -211078.578125
2897    -211079.218750
2898    -211079.843750
2899    -211080.531250
2900    -211081.125000
2901    -211081.796875
2902    -211082.375000
2903    -211083.000000
2904    -211083.593750
2905    -211084.281250
2906    -211084.875000
2907    -211085.484375
2908    -211086.093750
2909    -211086.781250
2910    -211087.375000
2911    -211088.093750
2912    -211088.609375
2913    -211089.312500
2914    -211089.968750
2915    -211090.593750
2916    -211091.265625
2917    -211091.937500
2918    -211092.531250
2919    -211093.171875
2920    -211093.843750
2921    -211094.531250
2922    -211095.125000
2923    -211095.812500
2924    -211096.421875
2925    -211097.109375
2926    -211097.656250
2927    -211098.375000
2928    -211098.968750
2929    -211099.687500
2930    -211100.234375
2931    -211100.921875
2932    -211101.687500
2933    -211102.250000
2934    -211102.937500
2935    -211103.593750
2936    -211104.218750
2937    -211104.890625
2938    -211105.562500
2939    -211106.078125
2940    -211106.750000
2941    -211107.375000
2942    -211108.078125
2943    -211108.718750
2944    -211109.359375
2945    -211110.000000
2946    -211110.687500
2947    -211111.312500
2948    -211112.000000
2949    -211112.578125
2950    -211113.312500
2951    -211113.921875
2952    -211114.593750
2953    -211115.250000
2954    -211115.781250
2955    -211116.437500
2956    -211117.078125
2957    -211117.812500
2958    -211118.437500
2959    -211119.062500
2960    -211119.687500
2961    -211120.359375
2962    -211120.968750
2963    -211121.625000
2964    -211122.343750
2965    -211122.906250
2966    -211123.500000
2967    -211124.156250
2968    -211124.859375
2969    -211125.484375
2970    -211126.093750
2971    -211126.718750
2972    -211127.281250
2973    -211128.062500
2974    -211128.687500
2975    -211129.343750
2976    -211129.937500
2977    -211130.593750
2978    -211131.234375
2979    -211131.796875
2980    -211132.437500
2981    -211133.078125
2982    -211133.671875
2983    -211134.343750
2984    -211135.000000
2985    -211135.640625
2986    -211136.171875
2987    -211136.781250
2988    -211137.500000
2989    -211138.187500
2990    -211138.718750
2991    -211139.296875
2992    -211139.968750
2993    -211140.578125
2994    -211141.296875
2995    -211141.906250
2996    -211142.484375
2997    -211143.093750
2998    -211143.750000
2999    -211144.359375
3000    -211144.968750
3001    -211145.562500
3002    -211146.093750
3003    -211146.750000
3004    -211147.359375
3005    -211148.093750
3006    -211148.625000
3007    -211149.203125
3008    -211149.859375
3009    -211150.421875
3010    -211150.984375
3011    -211151.609375
3012    -211152.296875
3013    -211152.781250
3014    -211153.375000
3015    -211154.015625
3016    -211154.531250
3017    -211155.250000
3018    -211155.875000
3019    -211156.406250
3020    -211157.000000
3021    -211157.625000
3022    -211158.093750
3023    -211158.765625
3024    -211159.343750
3025    -211159.953125
3026    -211160.531250
3027    -211161.093750
3028    -211161.656250
3029    -211162.281250
3030    -211162.828125
3031    -211163.375000
3032    -211164.015625
3033    -211164.546875
3034    -211165.125000
3035    -211165.656250
3036    -211166.296875
3037    -211166.812500
3038    -211167.375000
3039    -211168.000000
3040    -211168.578125
3041    -211169.171875
3042    -211169.734375
3043    -211170.296875
3044    -211170.843750
3045    -211171.437500
3046    -211171.968750
3047    -211172.531250
3048    -211173.125000
3049    -211173.656250
3050    -211174.187500
3051    -211174.765625
3052    -211175.281250
3053    -211175.906250
3054    -211176.468750
3055    -211177.000000
3056    -211177.468750
3057    -211178.109375
3058    -211178.656250
3059    -211179.187500
3060    -211179.796875
3061    -211180.359375
3062    -211180.875000
3063    -211181.406250
3064    -211181.906250
3065    -211182.546875
3066    -211183.062500
3067    -211183.687500
3068    -211184.187500
3069    -211184.750000
3070    -211185.312500
3071    -211185.781250
3072    -211186.359375
3073    -211186.968750
3074    -211187.437500
3075    -211188.031250
3076    -211188.562500
3077    -211189.171875
3078    -211189.687500
3079    -211190.234375
3080    -211190.812500
3081    -211191.312500
3082    -211191.859375
3083    -211192.375000
3084    -211192.937500
3085    -211193.484375
3086    -211194.031250
3087    -211194.562500
3088    -211195.187500
3089    -211195.750000
3090    -211196.281250
3091    -211196.906250
3092    -211197.421875
3093    -211197.859375
3094    -211198.468750
3095    -211198.968750
3096    -211199.515625
3097    -211200.125000
3098    -211200.703125
3099    -211201.234375
3100    -211201.796875
3101    -211202.312500
3102    -211202.921875
3103    -211203.406250
3104    -211204.062500
3105    -211204.546875
3106    -211205.031250
3107    -211205.609375
3108    -211206.218750
3109    -211206.750000
3110    -211207.281250
3111    -211207.781250
3112    -211208.359375
3113    -211208.968750
3114    -211209.531250
3115    -211210.078125
3116    -211210.593750
3117    -211211.156250
3118    -211211.734375
3119    -211212.218750
3120    -211212.796875
3121    -211213.359375
3122    -211213.921875
3123    -211214.484375
3124    -211214.906250
3125    -211215.562500
3126    -211216.109375
3127    -211216.687500
3128    -211217.187500
3129    -211217.750000
3130    -211218.343750
3131    -211218.828125
3132    -211219.375000
3133    -211219.968750
3134    -211220.593750
3135    -211221.031250
3136    -211221.531250
3137    -211222.156250
3138    -211222.687500
3139    -211223.250000
3140    -211223.703125
3141    -211224.250000
3142    -211224.828125
3143    -211225.375000
3144    -211225.859375
3145    -211226.500000
3146    -211227.000000
3147    -211227.593750
3148    -211228.062500
3149    -211228.625000
3150    -211229.125000
3151    -211229.687500
3152    -211230.187500
3153    -211230.781250
3154    -211231.265625
3155    -211231.750000
3156    -211232.312500
3157    -211232.843750
3158    -211233.343750
3159    -211233.812500
3160    -211234.406250
3161    -211234.921875
3162    -211235.515625
3163    -211235.984375
3164    -211236.515625
3165    -211237.031250
3166    -211237.562500
3167    -211238.031250
3168    -211238.609375
3169    -211239.140625
3170    -211239.718750
3171    -211240.156250
3172    -211240.718750
3173    -211241.234375
3174    -211241.750000
3175    -211242.296875
3176    -211242.843750
3177    -211243.312500
3178    -211243.875000
3179    -211244.406250
3180    -211244.812500
3181    -211245.343750
3182    -211245.984375
3183    -211246.406250
3184    -211246.906250
3185    -211247.453125
3186    -211247.984375
3187    -211248.421875
3188    -211248.937500
3189    -211249.437500
3190    -211249.984375
3191    -211250.453125
3192    -211250.984375
3193    -211251.500000
3194    -211251.984375
3195    -211252.437500
3196    -211252.968750
3197    -211253.468750
3198    -211253.953125
3199    -211254.421875
3200    -211254.906250
3201    -211255.437500
3202    -211255.875000
3203    -211256.375000
3204    -211256.921875
3205    -211257.390625
3206    -211257.781250
3207    -211258.281250
3208    -211258.765625
3209    -211259.187500
3210    -211259.734375
3211    -211260.234375
3212    -211260.625000
3213    -211261.125000
3214    -211261.593750
3215    -211262.046875
3216    -211262.531250
3217    -211263.015625
3218    -211263.453125
3219    -211263.875000
3220    -211264.390625
3221    -211264.890625
3222    -211265.343750
3223    -211265.765625
3224    -211266.312500
3225    -211266.687500
3226    -211267.187500
3227    -211267.609375
3228    -211268.078125
3229    -211268.500000
3230    -211268.921875
3231    -211269.406250
3232    -211269.828125
3233    -211270.312500
3234    -211270.781250
3235    -211271.125000
3236    -211271.625000
3237    -211272.031250
3238    -211272.437500
3239    -211272.921875
3240    -211273.281250
3241    -211273.734375
3242    -211274.281250
3243    -211274.671875
3244    -211275.140625
3245    -211275.500000
3246    -211275.921875
3247    -211276.375000
3248    -211276.781250
3249    -211277.281250
3250    -211277.750000
3251    -211278.062500
3252    -211278.515625
3253    -211278.875000
3254    -211279.328125
3255    -211279.703125
3256    -211280.156250
3257    -211280.468750
3258    -211280.921875
3259    -211281.265625
3260    -211281.656250
3261    -211282.062500
3262    -211282.500000
3263    -211282.812500
3264    -211283.250000
3265    -211283.640625
3266    -211284.031250
3267    -211284.421875
3268    -211284.781250
3269    -211285.171875
3270    -211285.609375
3271    -211286.000000
3272    -211286.390625
3273    -211286.718750
3274    -211287.062500
3275    -211287.437500
3276    -211287.812500
3277    -211288.156250
3278    -211288.562500
3279    -211289.000000
3280    -211289.312500
3281    -211289.718750
3282    -211290.000000
3283    -211290.421875
3284    -211290.812500
3285    -211291.125000
3286    -211291.562500
3287    -211291.828125
3288    -211292.312500
3289    -211292.593750
3290    -211292.937500
3291    -211293.296875
3292    -211293.593750
3293    -211294.000000
3294    -211294.328125
3295    -211294.625000
3296    -211295.015625
3297    -211295.343750
3298    -211295.703125
3299    -211296.000000
3300    -211296.343750
3301    -211296.656250
3302    -211296.937500
3303    -211297.281250
3304    -211297.671875
3305    -211298.015625
3306    -211298.281250
3307    -211298.640625
3308    -211298.984375
3309    -211299.250000
3310    -211299.578125
3311    -211299.859375
3312    -211300.187500
3313    -211300.468750
3314    -211300.812500
3315    -211301.078125
3316    -211301.468750
3317    -211301.750000
3318    -211302.031250
3319    -211302.312500
3320    -211302.578125
3321    -211302.937500
3322    -211303.187500
3323    -211303.468750
3324    -211303.781250
3325    -211304.093750
3326    -211304.328125
3327    -211304.625000
3328    -211304.906250
3329    -211305.187500
3330    -211305.406250
3331    -211305.718750
3332    -211306.031250
3333    -211306.281250
3334    -211306.593750
3335    -211306.812500
3336    -211307.093750
3337    -211307.375000
3338    -211307.593750
3339    -211307.890625
3340    -211308.203125
3341    -211308.437500
3342    -211308.750000
3343    -211308.937500
3344    -211309.171875
3345    -211309.437500
3346    -211309.703125
3347    -211309.968750
3348    -211310.250000
3349    -211310.515625
3350    -211310.750000
3351    -211311.000000
3352    -211311.250000
3353    -211311.484375
3354    -211311.750000
3355    -211311.968750
3356    -211312.250000
3357    -211312.468750
3358    -211312.687500
3359    -211312.890625
3360    -211313.125000
3361    -211313.343750
3362    -211313.578125
3363    -211313.812500
3364    -211314.000000
3365    -211314.328125
3366    -211314.515625
3367    -211314.718750
3368    -211314.937500
3369    -211315.156250
3370    -211315.437500
3371    -211315.656250
3372    -211315.812500
3373    -211316.015625
3374    -211316.281250
3375    -211316.453125
3376    -211316.625000
3377    -211316.906250
3378    -211317.125000
3379    -211317.328125
3380    -211317.546875
3381    -211317.734375
3382    -211317.890625
3383    -211318.062500
3384    -211318.281250
3385    -211318.562500
3386    -211318.687500
3387    -211318.921875
3388    -211319.093750
3389    -211319.312500
3390    -211319.468750
3391    -211319.718750
3392    -211319.921875
3393    -211320.125000
3394    -211320.296875
3395    -211320.515625
3396    -211320.671875
3397    -211320.937500
3398    -211321.062500
3399    -211321.250000
3400    -211321.437500
3401    -211321.656250
3402    -211321.890625
3403    -211322.093750
3404    -211322.218750
3405    -211322.406250
3406    -211322.562500
3407    -211322.781250
3408    -211322.937500
3409    -211323.171875
3410    -211323.375000
3411    -211323.578125
3412    -211323.750000
3413    -211323.875000
3414    -211324.125000
3415    -211324.250000
3416    -211324.468750
3417    -211324.656250
3418    -211324.812500
3419    -211324.953125
3420    -211325.156250
3421    -211325.343750
3422    -211325.562500
3423    -211325.796875
3424    -211325.890625
3425    -211326.078125
3426    -211326.250000
3427    -211326.468750
3428    -211326.625000
3429    -211326.796875
3430    -211326.968750
3431    -211327.125000
3432    -211327.312500
3433    -211327.468750
3434    -211327.671875
3435    -211327.828125
3436    -211328.000000
3437    -211328.171875
3438    -211328.421875
3439    -211328.500000
3440    -211328.687500
3441    -211328.875000
3442    -211329.062500
3443    -211329.265625
3444    -211329.437500
3445    -211329.593750
3446    -211329.656250
3447    -211329.843750
3448    -211330.062500
3449    -211330.281250
3450    -211330.375000
3451    -211330.562500
3452    -211330.718750
3453    -211330.906250
3454    -211331.093750
3455    -211331.250000
3456    -211331.390625
3457    -211331.578125
3458    -211331.687500
