Step            Loss
--------------------
1         569.047302
2         172.212769
3        -224.764282
4        -621.017029
5       -1018.740417
6       -1415.403320
7       -1812.759521
8       -2209.831787
9       -2607.050293
10      -3004.158691
11      -3400.891602
12      -3797.996582
13      -4194.922852
14      -4592.492676
15      -4990.210938
16      -5387.363770
17      -5785.179688
18      -6183.685547
19      -6580.375977
20      -6978.594727
21      -7376.479980
22      -7774.903809
23      -8173.650391
24      -8571.748047
25      -8971.083984
26      -9370.390625
27      -9769.474609
28      -10168.873047
29      -10568.501953
30      -10967.914062
31      -11370.171875
32      -11770.016602
33      -12171.823242
34      -12572.969727
35      -12975.884766
36      -13377.415039
37      -13781.005859
38      -14183.164062
39      -14587.310547
40      -14990.685547
41      -15395.376953
42      -15800.055664
43      -16205.806641
44      -16612.246094
45      -17019.466797
46      -17425.468750
47      -17834.544922
48      -18241.400391
49      -18650.693359
50      -19060.152344
51      -19469.835938
52      -19881.505859
53      -20291.320312
54      -20704.527344
55      -21116.445312
56      -21530.808594
57      -21944.439453
58      -22359.189453
59      -22775.457031
60      -23191.775391
61      -23607.906250
62      -24026.679688
63      -24444.996094
64      -24863.871094
65      -25284.632812
66      -25704.964844
67      -26126.093750
68      -26549.339844
69      -26972.785156
70      -27396.679688
71      -27821.523438
72      -28247.759766
73      -28674.416016
74      -29101.314453
75      -29529.583984
76      -29958.689453
77      -30389.414062
78      -30820.093750
79      -31252.652344
80      -31685.136719
81      -32117.828125
82      -32553.011719
83      -32988.527344
84      -33424.812500
85      -33861.976562
86      -34300.152344
87      -34739.140625
88      -35178.851562
89      -35619.726562
90      -36061.308594
91      -36504.859375
92      -36948.132812
93      -37392.335938
94      -37837.312500
95      -38284.273438
96      -38730.781250
97      -39180.109375
98      -39627.496094
99      -40078.578125
100     -40528.812500
101     -40980.062500
102     -41434.167969
103     -41887.460938
104     -42341.546875
105     -42796.460938
106     -43253.082031
107     -43710.671875
108     -44167.859375
109     -44626.734375
110     -45086.906250
111     -45547.574219
112     -46009.015625
113     -46470.957031
114     -46934.414062
115     -47398.804688
116     -47863.898438
117     -48328.203125
118     -48795.132812
119     -49262.414062
120     -49730.832031
121     -50199.820312
122     -50669.730469
123     -51140.582031
124     -51611.906250
125     -52084.187500
126     -52557.261719
127     -53031.265625
128     -53505.828125
129     -53981.101562
130     -54457.140625
131     -54933.429688
132     -55411.593750
133     -55889.781250
134     -56368.410156
135     -56848.230469
136     -57327.875000
137     -57808.468750
138     -58291.449219
139     -58773.398438
140     -59256.617188
141     -59740.207031
142     -60223.988281
143     -60707.742188
144     -61194.593750
145     -61680.523438
146     -62166.890625
147     -62652.703125
148     -63140.390625
149     -63629.316406
150     -64117.968750
151     -64608.195312
152     -65097.265625
153     -65586.750000
154     -66078.125000
155     -66568.867188
156     -67061.148438
157     -67552.460938
158     -68045.125000
159     -68538.265625
160     -69031.156250
161     -69525.859375
162     -70019.093750
163     -70513.273438
164     -71008.109375
165     -71503.765625
166     -71998.812500
167     -72494.031250
168     -72990.328125
169     -73487.140625
170     -73983.289062
171     -74479.031250
172     -74976.140625
173     -75472.890625
174     -75970.046875
175     -76469.203125
176     -76966.593750
177     -77463.390625
178     -77962.328125
179     -78459.906250
180     -78958.437500
181     -79456.390625
182     -79954.976562
183     -80452.820312
184     -80951.359375
185     -81449.093750
186     -81948.375000
187     -82447.296875
188     -82945.453125
189     -83443.179688
190     -83942.695312
191     -84440.976562
192     -84939.429688
193     -85437.031250
194     -85935.117188
195     -86434.265625
196     -86932.289062
197     -87428.718750
198     -87925.765625
199     -88423.992188
200     -88920.539062
201     -89417.718750
202     -89914.445312
203     -90410.257812
204     -90907.312500
205     -91402.531250
206     -91898.265625
207     -92394.890625
208     -92890.046875
209     -93384.171875
210     -93879.101562
211     -94373.500000
212     -94866.867188
213     -95360.335938
214     -95853.437500
215     -96345.625000
216     -96837.687500
217     -97328.765625
218     -97820.984375
219     -98311.218750
220     -98801.687500
221     -99290.687500
222     -99781.156250
223     -100269.890625
224     -100757.953125
225     -101245.906250
226     -101735.437500
227     -102220.421875
228     -102705.718750
229     -103190.687500
230     -103675.625000
231     -104159.234375
232     -104644.132812
233     -105127.906250
234     -105608.507812
235     -106091.390625
236     -106572.726562
237     -107053.406250
238     -107533.765625
239     -108011.484375
240     -108490.789062
241     -108967.796875
242     -109442.203125
243     -109919.046875
244     -110393.414062
245     -110868.796875
246     -111342.250000
247     -111813.640625
248     -112286.945312
249     -112757.750000
250     -113227.703125
251     -113696.304688
252     -114165.796875
253     -114632.203125
254     -115098.828125
255     -115564.304688
256     -116029.015625
257     -116492.859375
258     -116956.500000
259     -117417.960938
260     -117878.367188
261     -118338.421875
262     -118797.632812
263     -119254.648438
264     -119712.156250
265     -120168.125000
266     -120623.109375
267     -121078.609375
268     -121531.203125
269     -121983.265625
270     -122434.375000
271     -122884.218750
272     -123334.562500
273     -123781.000000
274     -124229.492188
275     -124674.265625
276     -125120.242188
277     -125563.593750
278     -126007.218750
279     -126447.968750
280     -126890.984375
281     -127328.078125
282     -127767.890625
283     -128203.929688
284     -128639.734375
285     -129076.062500
286     -129509.250000
287     -129941.742188
288     -130373.679688
289     -130803.718750
290     -131232.718750
291     -131661.531250
292     -132087.750000
293     -132514.421875
294     -132937.281250
295     -133360.890625
296     -133782.593750
297     -134203.546875
298     -134621.656250
299     -135039.406250
300     -135455.750000
301     -135870.734375
302     -136284.093750
303     -136697.843750
304     -137108.406250
305     -137518.031250
306     -137925.906250
307     -138333.625000
308     -138738.968750
309     -139143.406250
310     -139548.437500
311     -139949.656250
312     -140352.062500
313     -140751.781250
314     -141148.484375
315     -141546.468750
316     -141943.843750
317     -142335.609375
318     -142729.218750
319     -143121.718750
320     -143512.187500
321     -143901.062500
322     -144288.718750
323     -144674.734375
324     -145060.187500
325     -145444.593750
326     -145826.203125
327     -146208.140625
328     -146586.625000
329     -146963.859375
330     -147341.765625
331     -147717.781250
332     -148088.906250
333     -148463.750000
334     -148835.562500
335     -149203.890625
336     -149571.937500
337     -149939.875000
338     -150306.656250
339     -150670.531250
340     -151034.250000
341     -151395.390625
342     -151754.156250
343     -152112.843750
344     -152469.781250
345     -152824.031250
346     -153178.875000
347     -153532.234375
348     -153884.421875
349     -154234.078125
350     -154580.312500
351     -154926.453125
352     -155272.062500
353     -155616.531250
354     -155960.187500
355     -156300.078125
356     -156639.734375
357     -156976.031250
358     -157313.468750
359     -157648.562500
360     -157981.468750
361     -158314.734375
362     -158645.531250
363     -158974.875000
364     -159303.250000
365     -159629.828125
366     -159956.593750
367     -160278.953125
368     -160602.812500
369     -160924.000000
370     -161243.828125
371     -161562.093750
372     -161878.468750
373     -162194.593750
374     -162507.937500
375     -162821.062500
376     -163130.625000
377     -163441.359375
378     -163748.125000
379     -164054.250000
380     -164358.671875
381     -164661.718750
382     -164962.890625
383     -165262.578125
384     -165561.218750
385     -165857.625000
386     -166153.656250
387     -166448.281250
388     -166741.187500
389     -167033.703125
390     -167324.062500
391     -167611.734375
392     -167899.218750
393     -168184.531250
394     -168468.406250
395     -168752.218750
396     -169033.921875
397     -169315.250000
398     -169593.125000
399     -169870.109375
400     -170145.812500
401     -170419.875000
402     -170691.968750
403     -170961.609375
404     -171231.375000
405     -171498.593750
406     -171764.359375
407     -172028.078125
408     -172290.593750
409     -172552.765625
410     -172812.218750
411     -173071.609375
412     -173328.375000
413     -173583.484375
414     -173837.703125
415     -174091.734375
416     -174342.812500
417     -174592.531250
418     -174841.250000
419     -175087.312500
420     -175332.906250
421     -175577.953125
422     -175821.875000
423     -176062.906250
424     -176303.687500
425     -176541.515625
426     -176778.531250
427     -177015.015625
428     -177248.578125
429     -177479.937500
430     -177712.187500
431     -177940.906250
432     -178168.781250
433     -178395.984375
434     -178622.093750
435     -178847.421875
436     -179069.250000
437     -179290.375000
438     -179510.156250
439     -179728.281250
440     -179946.843750
441     -180164.656250
442     -180379.593750
443     -180593.671875
444     -180805.734375
445     -181016.093750
446     -181225.656250
447     -181434.765625
448     -181641.093750
449     -181846.187500
450     -182050.234375
451     -182252.812500
452     -182455.062500
453     -182654.718750
454     -182853.406250
455     -183051.546875
456     -183248.500000
457     -183444.593750
458     -183637.640625
459     -183828.859375
460     -184021.312500
461     -184212.437500
462     -184402.046875
463     -184589.593750
464     -184775.875000
465     -184960.937500
466     -185144.687500
467     -185327.140625
468     -185509.031250
469     -185689.687500
470     -185868.468750
471     -186047.218750
472     -186224.906250
473     -186399.453125
474     -186574.218750
475     -186746.546875
476     -186919.578125
477     -187089.812500
478     -187260.453125
479     -187428.562500
480     -187596.859375
481     -187762.656250
482     -187927.906250
483     -188091.437500
484     -188254.218750
485     -188415.921875
486     -188575.750000
487     -188735.750000
488     -188893.515625
489     -189051.671875
490     -189206.484375
491     -189361.437500
492     -189514.656250
493     -189668.062500
494     -189819.953125
495     -189969.578125
496     -190119.437500
497     -190266.609375
498     -190413.125000
499     -190559.546875
500     -190704.546875
501     -190847.312500
502     -190990.281250
503     -191131.343750
504     -191270.937500
505     -191409.750000
506     -191547.000000
507     -191682.734375
508     -191817.937500
509     -191951.843750
510     -192083.812500
511     -192216.656250
512     -192346.656250
513     -192476.031250
514     -192605.750000
515     -192732.312500
516     -192859.468750
517     -192984.531250
518     -193109.062500
519     -193232.093750
520     -193354.656250
521     -193476.578125
522     -193596.656250
523     -193715.937500
524     -193835.015625
525     -193951.781250
526     -194068.312500
527     -194184.968750
528     -194298.343750
529     -194411.906250
530     -194525.546875
531     -194637.500000
532     -194748.531250
533     -194858.546875
534     -194967.062500
535     -195075.796875
536     -195183.625000
537     -195291.515625
538     -195396.843750
539     -195501.500000
540     -195606.953125
541     -195710.500000
542     -195812.468750
543     -195913.921875
544     -196015.000000
545     -196115.984375
546     -196214.812500
547     -196313.875000
548     -196411.625000
549     -196508.421875
550     -196604.343750
551     -196699.531250
552     -196794.296875
553     -196886.750000
554     -196978.734375
555     -197071.125000
556     -197161.250000
557     -197252.125000
558     -197342.093750
559     -197429.296875
560     -197518.296875
561     -197605.343750
562     -197691.687500
563     -197778.062500
564     -197862.031250
565     -197945.656250
566     -198028.078125
567     -198108.656250
568     -198190.578125
569     -198271.093750
570     -198351.062500
571     -198429.250000
572     -198508.203125
573     -198585.687500
574     -198662.375000
575     -198738.406250
576     -198813.421875
577     -198888.156250
578     -198961.281250
579     -199034.515625
580     -199107.312500
581     -199179.671875
582     -199250.500000
583     -199321.593750
584     -199391.718750
585     -199460.312500
586     -199528.562500
587     -199597.234375
588     -199664.375000
589     -199731.625000
590     -199798.156250
591     -199863.687500
592     -199929.156250
593     -199992.781250
594     -200057.531250
595     -200122.031250
596     -200184.781250
597     -200247.031250
598     -200309.875000
599     -200370.437500
600     -200431.250000
601     -200492.437500
602     -200552.406250
603     -200611.125000
604     -200669.812500
605     -200728.531250
606     -200786.296875
607     -200843.328125
608     -200899.750000
609     -200955.593750
610     -201011.734375
611     -201066.812500
612     -201121.265625
613     -201175.187500
614     -201229.875000
615     -201282.125000
616     -201335.687500
617     -201388.171875
618     -201440.093750
619     -201491.312500
620     -201541.968750
621     -201592.546875
622     -201642.656250
623     -201693.203125
624     -201742.062500
625     -201791.375000
626     -201840.140625
627     -201887.656250
628     -201935.421875
629     -201982.843750
630     -202029.109375
631     -202075.531250
632     -202121.609375
633     -202167.234375
634     -202211.593750
635     -202256.750000
636     -202300.437500
637     -202344.406250
638     -202387.625000
639     -202431.250000
640     -202473.593750
641     -202516.125000
642     -202557.640625
643     -202599.234375
644     -202640.281250
645     -202681.765625
646     -202721.546875
647     -202762.250000
648     -202802.031250
649     -202841.593750
650     -202880.187500
651     -202919.312500
652     -202957.218750
653     -202995.312500
654     -203032.562500
655     -203069.312500
656     -203106.343750
657     -203142.781250
658     -203178.687500
659     -203214.640625
660     -203249.843750
661     -203285.406250
662     -203319.968750
663     -203354.000000
664     -203388.171875
665     -203422.093750
666     -203455.531250
667     -203488.718750
668     -203522.312500
669     -203555.093750
670     -203588.062500
671     -203619.968750
672     -203652.390625
673     -203684.234375
674     -203715.390625
675     -203747.078125
676     -203777.500000
677     -203808.250000
678     -203837.937500
679     -203868.609375
680     -203898.203125
681     -203927.656250
682     -203957.000000
683     -203986.000000
684     -204014.765625
685     -204043.250000
686     -204071.234375
687     -204099.296875
688     -204127.265625
689     -204154.343750
690     -204181.453125
691     -204208.781250
692     -204235.593750
693     -204261.906250
694     -204288.437500
695     -204314.250000
696     -204340.156250
697     -204365.656250
698     -204390.968750
699     -204416.125000
700     -204440.937500
701     -204465.718750
702     -204490.312500
703     -204514.984375
704     -204538.843750
705     -204562.812500
706     -204587.203125
707     -204611.109375
708     -204634.437500
709     -204657.812500
710     -204681.187500
711     -204704.187500
712     -204727.734375
713     -204750.828125
714     -204773.312500
715     -204795.656250
716     -204818.562500
717     -204840.828125
718     -204862.968750
719     -204885.250000
720     -204906.843750
721     -204928.671875
722     -204950.125000
723     -204971.343750
724     -204992.640625
725     -205013.843750
726     -205033.921875
727     -205054.781250
728     -205074.765625
729     -205095.390625
730     -205115.187500
731     -205135.343750
732     -205155.218750
733     -205175.218750
734     -205194.734375
735     -205214.375000
736     -205233.843750
737     -205253.031250
738     -205272.687500
739     -205291.359375
740     -205310.515625
741     -205329.421875
742     -205348.375000
743     -205367.093750
744     -205385.500000
745     -205403.968750
746     -205422.078125
747     -205440.359375
748     -205458.406250
749     -205475.796875
750     -205493.578125
751     -205511.281250
752     -205528.593750
753     -205546.296875
754     -205563.734375
755     -205580.859375
756     -205597.875000
757     -205614.843750
758     -205631.375000
759     -205648.687500
760     -205665.312500
761     -205681.500000
762     -205698.437500
763     -205715.078125
764     -205731.218750
765     -205747.640625
766     -205763.968750
767     -205779.750000
768     -205795.750000
769     -205811.468750
770     -205827.359375
771     -205843.125000
772     -205858.718750
773     -205874.406250
774     -205889.375000
775     -205904.781250
776     -205919.875000
777     -205935.250000
778     -205950.031250
779     -205964.875000
780     -205979.968750
781     -205994.656250
782     -206009.437500
783     -206023.781250
784     -206038.359375
785     -206052.875000
786     -206067.281250
787     -206081.437500
788     -206095.484375
789     -206109.625000
790     -206123.718750
791     -206137.484375
792     -206151.437500
793     -206165.046875
794     -206178.781250
795     -206192.218750
796     -206205.718750
797     -206219.125000
798     -206232.468750
799     -206245.875000
800     -206258.812500
801     -206272.203125
802     -206285.218750
803     -206298.093750
804     -206311.156250
805     -206323.890625
806     -206336.718750
807     -206349.656250
808     -206362.000000
809     -206375.031250
810     -206387.281250
811     -206399.718750
812     -206412.250000
813     -206424.562500
814     -206436.828125
815     -206448.906250
816     -206461.062500
817     -206472.734375
818     -206484.859375
819     -206496.500000
820     -206508.312500
821     -206520.156250
822     -206531.906250
823     -206543.531250
824     -206555.062500
825     -206566.593750
826     -206578.203125
827     -206589.375000
828     -206600.875000
829     -206611.843750
830     -206623.375000
831     -206634.562500
832     -206645.656250
833     -206656.812500
834     -206667.750000
835     -206678.593750
836     -206689.500000
837     -206700.593750
838     -206711.375000
839     -206722.296875
840     -206732.812500
841     -206743.359375
842     -206753.812500
843     -206764.500000
844     -206775.265625
845     -206785.500000
846     -206795.875000
847     -206806.312500
848     -206816.578125
849     -206827.171875
850     -206837.187500
851     -206847.375000
852     -206857.500000
853     -206867.531250
854     -206877.859375
855     -206887.921875
856     -206897.765625
857     -206907.609375
858     -206917.687500
859     -206927.375000
860     -206937.093750
861     -206946.687500
862     -206956.437500
863     -206966.015625
864     -206975.625000
865     -206985.000000
866     -206994.312500
867     -207003.781250
868     -207013.218750
869     -207022.343750
870     -207031.921875
871     -207040.859375
872     -207050.093750
873     -207058.968750
874     -207068.125000
875     -207076.906250
876     -207086.062500
877     -207095.031250
878     -207103.734375
879     -207112.781250
880     -207121.750000
881     -207130.562500
882     -207139.500000
883     -207148.203125
884     -207156.968750
885     -207165.437500
886     -207174.109375
887     -207182.750000
888     -207191.125000
889     -207199.671875
890     -207208.062500
891     -207216.343750
892     -207224.984375
893     -207233.187500
894     -207241.468750
895     -207249.656250
896     -207257.781250
897     -207266.281250
898     -207274.468750
899     -207282.500000
900     -207290.750000
901     -207298.968750
902     -207306.859375
903     -207314.734375
904     -207322.937500
905     -207331.125000
906     -207338.812500
907     -207346.750000
908     -207354.718750
909     -207362.515625
910     -207370.390625
911     -207378.187500
912     -207385.906250
913     -207393.656250
914     -207401.468750
915     -207409.156250
916     -207416.718750
917     -207424.531250
918     -207432.156250
919     -207439.500000
920     -207447.046875
921     -207454.687500
922     -207462.093750
923     -207469.453125
924     -207476.687500
925     -207483.953125
926     -207491.468750
927     -207498.750000
928     -207506.328125
929     -207513.281250
930     -207520.718750
931     -207527.703125
932     -207534.843750
933     -207541.937500
934     -207549.250000
935     -207556.265625
936     -207563.343750
937     -207570.140625
938     -207577.406250
939     -207584.093750
940     -207591.109375
941     -207598.296875
942     -207605.000000
943     -207612.125000
944     -207618.750000
945     -207625.609375
946     -207632.515625
947     -207639.218750
948     -207646.125000
949     -207652.906250
950     -207659.625000
951     -207666.203125
952     -207673.125000
953     -207679.671875
954     -207686.265625
955     -207693.000000
956     -207699.484375
957     -207706.218750
958     -207712.765625
959     -207719.093750
960     -207725.500000
961     -207732.218750
962     -207738.843750
963     -207745.078125
964     -207751.781250
965     -207758.046875
966     -207764.390625
967     -207770.765625
968     -207777.265625
969     -207783.625000
970     -207790.015625
971     -207796.281250
972     -207802.796875
973     -207808.968750
974     -207815.250000
975     -207821.562500
976     -207827.781250
977     -207834.218750
978     -207840.281250
979     -207846.484375
980     -207852.656250
981     -207859.000000
982     -207865.171875
983     -207871.031250
984     -207877.343750
985     -207883.593750
986     -207889.625000
987     -207895.656250
988     -207901.796875
989     -207907.796875
990     -207913.890625
991     -207920.062500
992     -207925.843750
993     -207932.000000
994     -207937.937500
995     -207943.718750
996     -207949.859375
997     -207955.687500
998     -207961.437500
999     -207967.406250
1000    -207973.187500
1001    -207979.093750
1002    -207984.875000
1003    -207990.687500
1004    -207996.203125
1005    -208001.843750
1006    -208007.718750
1007    -208013.406250
1008    -208018.968750
1009    -208024.468750
1010    -208030.156250
1011    -208035.718750
1012    -208041.343750
1013    -208046.875000
1014    -208052.250000
1015    -208057.812500
1016    -208063.343750
1017    -208068.781250
1018    -208074.343750
1019    -208079.687500
1020    -208085.375000
1021    -208090.812500
1022    -208096.062500
1023    -208101.625000
1024    -208107.046875
1025    -208112.593750
1026    -208117.718750
1027    -208123.156250
1028    -208128.500000
1029    -208133.734375
1030    -208139.125000
1031    -208144.562500
1032    -208149.937500
1033    -208155.031250
1034    -208160.531250
1035    -208165.765625
1036    -208171.062500
1037    -208176.312500
1038    -208181.515625
1039    -208186.718750
1040    -208192.000000
1041    -208197.171875
1042    -208202.359375
1043    -208207.562500
1044    -208212.671875
1045    -208217.812500
1046    -208223.062500
1047    -208228.203125
1048    -208233.468750
1049    -208238.562500
1050    -208243.734375
1051    -208248.671875
1052    -208253.968750
1053    -208259.187500
1054    -208264.000000
1055    -208269.312500
1056    -208274.187500
1057    -208279.468750
1058    -208284.390625
1059    -208289.609375
1060    -208294.562500
1061    -208299.718750
1062    -208304.625000
1063    -208309.703125
1064    -208314.843750
1065    -208320.000000
1066    -208324.937500
1067    -208329.968750
1068    -208334.859375
1069    -208340.031250
1070    -208345.046875
1071    -208350.093750
1072    -208354.968750
1073    -208360.062500
1074    -208365.234375
1075    -208370.093750
1076    -208374.859375
1077    -208379.812500
1078    -208384.859375
1079    -208389.890625
1080    -208394.718750
1081    -208399.687500
1082    -208404.703125
1083    -208409.640625
1084    -208414.562500
1085    -208419.515625
1086    -208424.312500
1087    -208429.375000
1088    -208434.203125
1089    -208439.031250
1090    -208444.125000
1091    -208449.140625
1092    -208453.875000
1093    -208458.906250
1094    -208463.859375
1095    -208468.765625
1096    -208473.593750
1097    -208478.562500
1098    -208483.406250
1099    -208488.406250
1100    -208493.171875
1101    -208498.078125
1102    -208503.000000
1103    -208507.750000
1104    -208512.687500
1105    -208517.468750
1106    -208522.343750
1107    -208527.140625
1108    -208532.062500
1109    -208536.953125
1110    -208541.718750
1111    -208546.625000
1112    -208551.468750
1113    -208556.375000
1114    -208561.093750
1115    -208565.812500
1116    -208570.671875
1117    -208575.625000
1118    -208580.468750
1119    -208585.125000
1120    -208590.093750
1121    -208594.875000
1122    -208599.656250
1123    -208604.625000
1124    -208609.312500
1125    -208614.046875
1126    -208619.000000
1127    -208623.718750
1128    -208628.500000
1129    -208633.187500
1130    -208638.000000
1131    -208642.656250
1132    -208647.468750
1133    -208652.046875
1134    -208657.015625
1135    -208661.578125
1136    -208666.375000
1137    -208670.875000
1138    -208675.812500
1139    -208680.296875
1140    -208685.000000
1141    -208689.531250
1142    -208694.187500
1143    -208698.781250
1144    -208703.500000
1145    -208708.156250
1146    -208712.921875
1147    -208717.296875
1148    -208722.187500
1149    -208726.625000
1150    -208731.375000
1151    -208735.890625
1152    -208740.562500
1153    -208745.093750
1154    -208749.781250
1155    -208754.093750
1156    -208758.765625
1157    -208763.328125
1158    -208767.875000
1159    -208772.343750
1160    -208776.781250
1161    -208781.468750
1162    -208785.843750
1163    -208790.437500
1164    -208794.781250
1165    -208799.421875
1166    -208803.781250
1167    -208808.406250
1168    -208812.843750
1169    -208817.375000
1170    -208821.625000
1171    -208825.937500
1172    -208830.390625
1173    -208834.765625
1174    -208839.468750
1175    -208843.765625
1176    -208848.265625
1177    -208852.562500
1178    -208856.875000
1179    -208861.312500
1180    -208865.843750
1181    -208870.156250
1182    -208874.328125
1183    -208878.937500
1184    -208883.171875
1185    -208887.562500
1186    -208891.812500
1187    -208896.156250
1188    -208900.437500
1189    -208904.796875
1190    -208908.953125
1191    -208913.312500
1192    -208917.500000
1193    -208921.734375
1194    -208926.015625
1195    -208930.156250
1196    -208934.437500
1197    -208938.812500
1198    -208942.890625
1199    -208946.968750
1200    -208951.203125
1201    -208955.343750
1202    -208959.640625
1203    -208963.656250
1204    -208967.921875
1205    -208972.000000
1206    -208976.093750
1207    -208980.187500
1208    -208984.484375
1209    -208988.437500
1210    -208992.437500
1211    -208996.593750
1212    -209000.531250
1213    -209004.593750
1214    -209008.718750
1215    -209012.734375
1216    -209016.765625
1217    -209020.781250
1218    -209024.953125
1219    -209028.656250
1220    -209033.062500
1221    -209036.750000
1222    -209040.671875
1223    -209044.703125
1224    -209048.625000
1225    -209052.781250
1226    -209056.593750
1227    -209060.781250
1228    -209064.359375
1229    -209068.468750
1230    -209072.437500
1231    -209076.468750
1232    -209080.265625
1233    -209084.093750
1234    -209088.062500
1235    -209091.718750
1236    -209095.640625
1237    -209099.578125
1238    -209103.187500
1239    -209107.187500
1240    -209111.000000
1241    -209114.750000
1242    -209118.531250
1243    -209122.390625
1244    -209126.015625
1245    -209129.796875
1246    -209133.640625
1247    -209137.343750
1248    -209141.218750
1249    -209144.890625
1250    -209148.656250
1251    -209152.359375
1252    -209155.953125
1253    -209159.781250
1254    -209163.156250
1255    -209166.984375
1256    -209170.656250
1257    -209174.218750
1258    -209178.031250
1259    -209181.625000
1260    -209185.187500
1261    -209188.796875
1262    -209192.296875
1263    -209195.968750
1264    -209199.531250
1265    -209203.218750
1266    -209206.734375
1267    -209210.406250
1268    -209213.937500
1269    -209217.312500
1270    -209220.828125
1271    -209224.390625
1272    -209227.843750
1273    -209231.343750
1274    -209234.640625
1275    -209238.375000
1276    -209241.781250
1277    -209245.125000
1278    -209248.656250
1279    -209252.156250
1280    -209255.500000
1281    -209258.828125
1282    -209262.203125
1283    -209265.765625
1284    -209269.015625
1285    -209272.562500
1286    -209275.828125
1287    -209279.343750
1288    -209282.687500
1289    -209285.921875
1290    -209289.406250
1291    -209292.703125
1292    -209295.968750
1293    -209299.296875
1294    -209302.796875
1295    -209306.031250
1296    -209309.421875
1297    -209312.750000
1298    -209316.031250
1299    -209319.375000
1300    -209322.625000
1301    -209326.062500
1302    -209329.234375
1303    -209332.640625
1304    -209336.046875
1305    -209339.171875
1306    -209342.375000
1307    -209345.625000
1308    -209348.859375
1309    -209352.156250
1310    -209355.187500
1311    -209358.546875
1312    -209361.734375
1313    -209364.968750
1314    -209368.156250
1315    -209371.203125
1316    -209374.562500
1317    -209377.640625
1318    -209380.718750
1319    -209383.906250
1320    -209387.125000
1321    -209390.312500
1322    -209393.421875
1323    -209396.515625
1324    -209399.625000
1325    -209402.781250
1326    -209406.031250
1327    -209408.968750
1328    -209412.187500
1329    -209415.437500
1330    -209418.375000
1331    -209421.656250
1332    -209424.656250
1333    -209427.625000
1334    -209430.843750
1335    -209433.781250
1336    -209436.875000
1337    -209439.968750
1338    -209443.062500
1339    -209445.968750
1340    -209449.031250
1341    -209452.125000
1342    -209455.171875
1343    -209458.140625
1344    -209461.093750
1345    -209464.343750
1346    -209467.156250
1347    -209470.187500
1348    -209473.140625
1349    -209476.171875
1350    -209479.156250
1351    -209482.156250
1352    -209485.250000
1353    -209488.125000
1354    -209491.031250
1355    -209494.015625
1356    -209496.781250
1357    -209499.781250
1358    -209502.750000
1359    -209505.765625
1360    -209508.609375
1361    -209511.609375
1362    -209514.484375
1363    -209517.437500
1364    -209520.265625
1365    -209523.187500
1366    -209525.906250
1367    -209529.000000
1368    -209531.781250
1369    -209534.718750
1370    -209537.687500
1371    -209540.390625
1372    -209543.546875
1373    -209546.109375
1374    -209548.984375
1375    -209552.000000
1376    -209554.718750
1377    -209557.656250
1378    -209560.437500
1379    -209563.187500
1380    -209566.156250
1381    -209568.937500
1382    -209571.687500
1383    -209574.546875
1384    -209577.359375
1385    -209580.093750
1386    -209582.890625
1387    -209585.625000
1388    -209588.343750
1389    -209591.281250
1390    -209594.093750
1391    -209596.812500
1392    -209599.328125
1393    -209602.250000
1394    -209604.812500
1395    -209607.546875
1396    -209610.062500
1397    -209612.843750
1398    -209615.359375
1399    -209618.125000
1400    -209620.625000
1401    -209623.343750
1402    -209625.968750
1403    -209628.562500
1404    -209631.109375
1405    -209633.750000
1406    -209636.421875
1407    -209639.078125
1408    -209641.625000
1409    -209644.187500
1410    -209646.796875
1411    -209649.281250
1412    -209651.796875
1413    -209654.406250
1414    -209657.015625
1415    -209659.578125
1416    -209662.062500
1417    -209664.625000
1418    -209667.140625
1419    -209669.593750
1420    -209672.046875
1421    -209674.671875
1422    -209677.218750
1423    -209679.593750
1424    -209682.000000
1425    -209684.656250
1426    -209687.093750
1427    -209689.515625
1428    -209691.968750
1429    -209694.437500
1430    -209697.046875
1431    -209699.468750
1432    -209701.921875
1433    -209704.250000
1434    -209706.656250
1435    -209709.312500
1436    -209711.703125
1437    -209714.062500
1438    -209716.406250
1439    -209718.937500
1440    -209721.328125
1441    -209723.703125
1442    -209726.187500
1443    -209728.500000
1444    -209730.765625
1445    -209733.218750
1446    -209735.781250
1447    -209738.187500
1448    -209740.468750
1449    -209742.703125
1450    -209745.140625
1451    -209747.578125
1452    -209749.875000
1453    -209752.359375
1454    -209754.718750
1455    -209756.937500
1456    -209759.281250
1457    -209761.781250
1458    -209764.015625
1459    -209766.468750
1460    -209768.656250
1461    -209770.875000
1462    -209773.421875
1463    -209775.703125
1464    -209777.875000
1465    -209780.234375
1466    -209782.562500
1467    -209784.984375
1468    -209787.203125
1469    -209789.531250
1470    -209791.781250
1471    -209794.062500
1472    -209796.531250
1473    -209798.687500
1474    -209800.828125
1475    -209803.250000
1476    -209805.500000
1477    -209807.703125
1478    -209810.125000
1479    -209812.171875
1480    -209814.609375
1481    -209816.656250
1482    -209819.125000
1483    -209821.250000
1484    -209823.500000
1485    -209825.687500
1486    -209827.937500
1487    -209830.156250
1488    -209832.375000
1489    -209834.609375
1490    -209836.687500
1491    -209838.937500
1492    -209841.218750
1493    -209843.343750
1494    -209845.656250
1495    -209847.796875
1496    -209850.000000
1497    -209852.218750
1498    -209854.343750
1499    -209856.468750
1500    -209858.593750
1501    -209860.750000
1502    -209863.031250
1503    -209865.156250
1504    -209867.265625
1505    -209869.343750
1506    -209871.656250
1507    -209873.703125
1508    -209875.750000
1509    -209877.875000
1510    -209880.046875
1511    -209882.218750
1512    -209884.312500
1513    -209886.437500
1514    -209888.437500
1515    -209890.734375
1516    -209892.765625
1517    -209894.843750
1518    -209896.968750
1519    -209899.140625
1520    -209901.218750
1521    -209903.281250
1522    -209905.500000
1523    -209907.546875
1524    -209909.593750
1525    -209911.656250
1526    -209913.812500
1527    -209915.718750
1528    -209917.968750
1529    -209920.109375
1530    -209922.125000
1531    -209924.109375
1532    -209926.125000
1533    -209928.312500
1534    -209930.343750
1535    -209932.312500
1536    -209934.453125
1537    -209936.468750
1538    -209938.656250
1539    -209940.578125
1540    -209942.625000
1541    -209944.640625
1542    -209946.625000
1543    -209948.703125
1544    -209950.703125
1545    -209952.703125
1546    -209954.843750
1547    -209956.906250
1548    -209958.812500
1549    -209960.812500
1550    -209962.718750
1551    -209964.875000
1552    -209966.812500
1553    -209968.828125
1554    -209970.875000
1555    -209972.781250
1556    -209974.781250
1557    -209976.718750
1558    -209978.796875
1559    -209980.656250
1560    -209982.656250
1561    -209984.687500
1562    -209986.593750
1563    -209988.718750
1564    -209990.453125
1565    -209992.359375
1566    -209994.375000
1567    -209996.281250
1568    -209998.390625
1569    -210000.234375
1570    -210002.015625
1571    -210004.015625
1572    -210005.968750
1573    -210007.906250
1574    -210009.875000
1575    -210011.906250
1576    -210013.703125
1577    -210015.437500
1578    -210017.421875
1579    -210019.343750
1580    -210021.406250
1581    -210023.218750
1582    -210025.187500
1583    -210026.859375
1584    -210028.984375
1585    -210030.875000
1586    -210032.656250
1587    -210034.562500
1588    -210036.515625
1589    -210038.406250
1590    -210040.281250
1591    -210042.156250
1592    -210044.125000
1593    -210045.906250
1594    -210047.687500
1595    -210049.656250
1596    -210051.468750
1597    -210053.359375
1598    -210055.171875
1599    -210056.953125
1600    -210058.890625
1601    -210060.687500
1602    -210062.593750
1603    -210064.359375
1604    -210066.281250
1605    -210068.062500
1606    -210069.906250
1607    -210071.687500
1608    -210073.453125
1609    -210075.328125
1610    -210077.140625
1611    -210078.921875
1612    -210080.906250
1613    -210082.656250
1614    -210084.343750
1615    -210086.093750
1616    -210087.906250
1617    -210089.609375
1618    -210091.546875
1619    -210093.234375
1620    -210095.125000
1621    -210096.968750
1622    -210098.625000
1623    -210100.546875
1624    -210102.281250
1625    -210103.968750
1626    -210105.781250
1627    -210107.562500
1628    -210109.250000
1629    -210111.093750
1630    -210112.812500
1631    -210114.828125
1632    -210116.406250
1633    -210118.078125
1634    -210119.968750
1635    -210121.687500
1636    -210123.515625
1637    -210125.250000
1638    -210126.937500
1639    -210128.781250
1640    -210130.593750
1641    -210132.156250
1642    -210133.968750
1643    -210135.750000
1644    -210137.546875
1645    -210139.234375
1646    -210140.859375
1647    -210142.718750
1648    -210144.468750
1649    -210146.218750
1650    -210147.875000
1651    -210149.671875
1652    -210151.437500
1653    -210153.093750
1654    -210154.968750
1655    -210156.484375
1656    -210158.218750
1657    -210160.000000
1658    -210161.562500
1659    -210163.312500
1660    -210165.093750
1661    -210166.812500
1662    -210168.390625
1663    -210170.156250
1664    -210171.812500
1665    -210173.453125
1666    -210175.125000
1667    -210176.812500
1668    -210178.578125
1669    -210180.281250
1670    -210181.859375
1671    -210183.484375
1672    -210185.375000
1673    -210187.031250
1674    -210188.609375
1675    -210190.218750
1676    -210191.875000
1677    -210193.531250
1678    -210195.312500
1679    -210196.843750
1680    -210198.453125
1681    -210200.125000
1682    -210201.875000
1683    -210203.500000
1684    -210205.062500
1685    -210206.781250
1686    -210208.437500
1687    -210210.000000
1688    -210211.687500
1689    -210213.187500
1690    -210214.765625
1691    -210216.500000
1692    -210218.187500
1693    -210219.765625
1694    -210221.265625
1695    -210223.031250
1696    -210224.640625
1697    -210226.187500
1698    -210227.750000
1699    -210229.359375
1700    -210230.968750
1701    -210232.546875
1702    -210234.171875
1703    -210235.812500
1704    -210237.375000
1705    -210238.921875
1706    -210240.468750
1707    -210242.093750
1708    -210243.671875
1709    -210245.250000
1710    -210246.718750
1711    -210248.265625
1712    -210249.812500
1713    -210251.437500
1714    -210252.968750
1715    -210254.593750
1716    -210256.281250
1717    -210257.718750
1718    -210259.218750
1719    -210260.718750
1720    -210262.312500
1721    -210263.921875
1722    -210265.531250
1723    -210267.062500
1724    -210268.437500
1725    -210269.968750
1726    -210271.625000
1727    -210273.250000
1728    -210274.687500
1729    -210276.312500
1730    -210277.671875
1731    -210279.312500
1732    -210280.781250
1733    -210282.437500
1734    -210283.921875
1735    -210285.421875
1736    -210286.890625
1737    -210288.484375
1738    -210290.109375
1739    -210291.625000
1740    -210293.140625
1741    -210294.687500
1742    -210296.156250
1743    -210297.640625
1744    -210299.250000
1745    -210300.812500
1746    -210302.265625
1747    -210303.843750
1748    -210305.375000
1749    -210306.968750
1750    -210308.406250
1751    -210310.062500
1752    -210311.453125
1753    -210313.015625
1754    -210314.500000
1755    -210316.062500
1756    -210317.500000
1757    -210319.171875
1758    -210320.500000
1759    -210322.093750
1760    -210323.578125
1761    -210325.125000
1762    -210326.562500
1763    -210328.093750
1764    -210329.765625
1765    -210331.281250
1766    -210332.734375
1767    -210334.281250
1768    -210335.703125
1769    -210337.265625
1770    -210338.796875
1771    -210340.468750
1772    -210341.796875
1773    -210343.468750
1774    -210344.937500
1775    -210346.375000
1776    -210347.968750
1777    -210349.531250
1778    -210351.000000
1779    -210352.562500
1780    -210353.968750
1781    -210355.484375
1782    -210357.140625
1783    -210358.640625
1784    -210360.281250
1785    -210361.750000
1786    -210363.359375
1787    -210364.843750
1788    -210366.375000
1789    -210367.875000
1790    -210369.406250
1791    -210371.000000
1792    -210372.406250
1793    -210374.015625
1794    -210375.562500
1795    -210377.031250
1796    -210378.531250
1797    -210380.125000
1798    -210381.718750
1799    -210383.281250
1800    -210384.671875
1801    -210386.343750
1802    -210387.703125
1803    -210389.250000
1804    -210390.906250
1805    -210392.343750
1806    -210393.875000
1807    -210395.406250
1808    -210397.015625
1809    -210398.500000
1810    -210399.890625
1811    -210401.546875
1812    -210403.000000
1813    -210404.562500
1814    -210406.031250
1815    -210407.656250
1816    -210409.093750
1817    -210410.718750
1818    -210412.140625
1819    -210413.593750
1820    -210415.296875
1821    -210416.687500
1822    -210418.312500
1823    -210419.937500
1824    -210421.343750
1825    -210422.796875
1826    -210424.437500
1827    -210425.906250
1828    -210427.406250
1829    -210428.968750
1830    -210430.406250
1831    -210431.937500
1832    -210433.468750
1833    -210435.031250
1834    -210436.515625
1835    -210437.968750
1836    -210439.546875
1837    -210441.031250
1838    -210442.546875
1839    -210444.156250
1840    -210445.640625
1841    -210447.187500
1842    -210448.593750
1843    -210450.140625
1844    -210451.546875
1845    -210453.093750
1846    -210454.765625
1847    -210456.203125
1848    -210457.687500
1849    -210459.203125
1850    -210460.531250
1851    -210462.218750
1852    -210463.609375
1853    -210465.093750
1854    -210466.593750
1855    -210468.046875
1856    -210469.515625
1857    -210471.156250
1858    -210472.640625
1859    -210474.031250
1860    -210475.546875
1861    -210476.937500
1862    -210478.437500
1863    -210480.000000
1864    -210481.421875
1865    -210482.937500
1866    -210484.406250
1867    -210485.875000
1868    -210487.375000
1869    -210488.828125
1870    -210490.281250
1871    -210491.875000
1872    -210493.343750
1873    -210494.718750
1874    -210496.218750
1875    -210497.640625
1876    -210499.187500
1877    -210500.687500
1878    -210502.156250
1879    -210503.562500
1880    -210505.156250
1881    -210506.531250
1882    -210508.031250
1883    -210509.500000
1884    -210510.921875
1885    -210512.375000
1886    -210513.750000
1887    -210515.140625
1888    -210516.687500
1889    -210518.218750
1890    -210519.531250
1891    -210521.000000
1892    -210522.531250
1893    -210523.890625
1894    -210525.328125
1895    -210526.781250
1896    -210528.125000
1897    -210529.531250
1898    -210531.125000
1899    -210532.609375
1900    -210533.953125
1901    -210535.343750
1902    -210536.671875
1903    -210538.093750
1904    -210539.546875
1905    -210540.906250
1906    -210542.250000
1907    -210543.781250
1908    -210545.156250
1909    -210546.593750
1910    -210547.953125
1911    -210549.468750
1912    -210550.812500
1913    -210552.093750
1914    -210553.578125
1915    -210554.875000
1916    -210556.250000
1917    -210557.562500
1918    -210558.953125
1919    -210560.468750
1920    -210561.718750
1921    -210563.156250
1922    -210564.468750
1923    -210565.843750
1924    -210567.156250
1925    -210568.593750
1926    -210570.015625
1927    -210571.250000
1928    -210572.546875
1929    -210574.046875
1930    -210575.265625
1931    -210576.687500
1932    -210578.109375
1933    -210579.343750
1934    -210580.765625
1935    -210582.015625
1936    -210583.250000
1937    -210584.562500
1938    -210585.921875
1939    -210587.156250
1940    -210588.468750
1941    -210589.781250
1942    -210590.968750
1943    -210592.500000
1944    -210593.593750
1945    -210595.031250
1946    -210596.312500
1947    -210597.500000
1948    -210598.734375
1949    -210600.156250
1950    -210601.343750
1951    -210602.562500
1952    -210603.812500
1953    -210605.156250
1954    -210606.343750
1955    -210607.625000
1956    -210608.968750
1957    -210610.265625
1958    -210611.406250
1959    -210612.593750
1960    -210613.859375
1961    -210615.062500
1962    -210616.375000
1963    -210617.562500
1964    -210618.796875
1965    -210619.953125
1966    -210621.171875
1967    -210622.484375
1968    -210623.656250
1969    -210624.750000
1970    -210625.890625
1971    -210627.250000
1972    -210628.421875
1973    -210629.593750
1974    -210630.875000
1975    -210631.984375
1976    -210633.187500
1977    -210634.234375
1978    -210635.421875
1979    -210636.562500
1980    -210637.656250
1981    -210638.875000
1982    -210640.078125
1983    -210641.328125
1984    -210642.406250
1985    -210643.500000
1986    -210644.656250
1987    -210645.921875
1988    -210647.000000
1989    -210648.015625
1990    -210649.140625
1991    -210650.250000
1992    -210651.359375
1993    -210652.578125
1994    -210653.625000
1995    -210654.812500
1996    -210655.812500
1997    -210656.984375
1998    -210658.062500
1999    -210659.156250
2000    -210660.187500
2001    -210661.359375
2002    -210662.375000
2003    -210663.562500
2004    -210664.687500
2005    -210665.750000
2006    -210666.734375
2007    -210667.734375
2008    -210668.796875
2009    -210669.937500
2010    -210671.015625
2011    -210672.015625
2012    -210673.109375
2013    -210674.187500
2014    -210675.125000
2015    -210676.250000
2016    -210677.375000
2017    -210678.328125
2018    -210679.312500
2019    -210680.375000
2020    -210681.437500
2021    -210682.515625
2022    -210683.468750
2023    -210684.562500
2024    -210685.437500
2025    -210686.531250
2026    -210687.593750
2027    -210688.500000
2028    -210689.531250
2029    -210690.531250
2030    -210691.468750
2031    -210692.468750
2032    -210693.468750
2033    -210694.484375
2034    -210695.375000
2035    -210696.343750
2036    -210697.437500
2037    -210698.343750
2038    -210699.375000
2039    -210700.203125
2040    -210701.218750
2041    -210702.218750
2042    -210703.062500
2043    -210704.062500
2044    -210705.031250
2045    -210705.906250
2046    -210706.968750
2047    -210707.843750
2048    -210708.750000
2049    -210709.750000
2050    -210710.625000
2051    -210711.531250
2052    -210712.531250
2053    -210713.375000
2054    -210714.281250
2055    -210715.187500
2056    -210716.125000
2057    -210717.093750
2058    -210717.906250
2059    -210718.843750
2060    -210719.750000
2061    -210720.687500
2062    -210721.593750
2063    -210722.468750
2064    -210723.375000
2065    -210724.343750
2066    -210725.265625
2067    -210725.937500
2068    -210727.062500
2069    -210727.921875
2070    -210728.687500
2071    -210729.562500
2072    -210730.578125
2073    -210731.312500
2074    -210732.265625
2075    -210733.031250
2076    -210733.890625
2077    -210734.875000
2078    -210735.687500
2079    -210736.531250
2080    -210737.312500
2081    -210738.203125
2082    -210739.125000
2083    -210740.046875
2084    -210740.734375
2085    -210741.609375
2086    -210742.468750
2087    -210743.296875
2088    -210744.140625
2089    -210744.937500
2090    -210745.781250
2091    -210746.656250
2092    -210747.312500
2093    -210748.312500
2094    -210749.031250
2095    -210749.781250
2096    -210750.625000
2097    -210751.468750
2098    -210752.250000
2099    -210752.968750
2100    -210753.828125
2101    -210754.593750
2102    -210755.515625
2103    -210756.109375
2104    -210756.921875
2105    -210757.718750
2106    -210758.406250
2107    -210759.296875
2108    -210760.093750
2109    -210760.812500
2110    -210761.625000
2111    -210762.390625
2112    -210763.046875
2113    -210763.812500
2114    -210764.671875
2115    -210765.437500
2116    -210766.125000
2117    -210766.781250
2118    -210767.687500
2119    -210768.406250
2120    -210769.140625
2121    -210770.031250
2122    -210770.718750
2123    -210771.437500
2124    -210772.265625
2125    -210773.031250
2126    -210773.656250
2127    -210774.375000
2128    -210775.125000
2129    -210776.015625
2130    -210776.562500
2131    -210777.390625
2132    -210778.093750
2133    -210778.812500
2134    -210779.593750
2135    -210780.328125
2136    -210780.937500
2137    -210781.656250
2138    -210782.359375
2139    -210783.125000
2140    -210783.734375
2141    -210784.484375
2142    -210785.218750
2143    -210785.875000
2144    -210786.625000
2145    -210787.281250
2146    -210787.968750
2147    -210788.781250
2148    -210789.500000
2149    -210790.156250
2150    -210790.796875
2151    -210791.500000
2152    -210792.125000
2153    -210792.859375
2154    -210793.625000
2155    -210794.281250
2156    -210795.000000
2157    -210795.703125
2158    -210796.375000
2159    -210797.062500
2160    -210797.765625
2161    -210798.468750
2162    -210799.140625
2163    -210799.843750
2164    -210800.562500
2165    -210801.281250
2166    -210801.921875
2167    -210802.562500
2168    -210803.218750
2169    -210804.046875
2170    -210804.625000
2171    -210805.296875
2172    -210805.968750
2173    -210806.656250
2174    -210807.375000
2175    -210807.968750
2176    -210808.718750
2177    -210809.500000
2178    -210810.062500
2179    -210810.750000
2180    -210811.312500
2181    -210812.125000
2182    -210812.812500
2183    -210813.468750
2184    -210814.046875
2185    -210814.750000
2186    -210815.437500
2187    -210816.015625
2188    -210816.718750
2189    -210817.375000
2190    -210818.046875
2191    -210818.781250
2192    -210819.390625
2193    -210820.078125
2194    -210820.687500
2195    -210821.375000
2196    -210821.968750
2197    -210822.656250
2198    -210823.296875
2199    -210824.000000
2200    -210824.671875
2201    -210825.375000
2202    -210825.937500
2203    -210826.593750
2204    -210827.234375
2205    -210827.875000
2206    -210828.578125
2207    -210829.250000
2208    -210829.906250
2209    -210830.609375
2210    -210831.093750
2211    -210831.781250
2212    -210832.453125
2213    -210833.062500
2214    -210833.734375
2215    -210834.375000
2216    -210835.031250
2217    -210835.625000
2218    -210836.234375
2219    -210836.968750
2220    -210837.671875
2221    -210838.296875
2222    -210838.921875
2223    -210839.500000
2224    -210840.218750
2225    -210840.750000
2226    -210841.406250
2227    -210842.015625
2228    -210842.703125
2229    -210843.203125
2230    -210843.937500
2231    -210844.562500
2232    -210845.218750
2233    -210845.875000
2234    -210846.453125
2235    -210847.000000
2236    -210847.750000
2237    -210848.343750
2238    -210848.937500
2239    -210849.593750
2240    -210850.187500
2241    -210850.906250
2242    -210851.515625
2243    -210852.156250
2244    -210852.671875
2245    -210853.406250
2246    -210854.000000
2247    -210854.718750
2248    -210855.281250
2249    -210855.890625
2250    -210856.531250
2251    -210857.140625
2252    -210857.718750
2253    -210858.312500
2254    -210859.031250
2255    -210859.625000
2256    -210860.171875
2257    -210860.781250
2258    -210861.468750
2259    -210862.031250
2260    -210862.609375
2261    -210863.265625
2262    -210863.968750
2263    -210864.609375
2264    -210865.125000
2265    -210865.765625
2266    -210866.312500
2267    -210866.953125
2268    -210867.562500
2269    -210868.125000
2270    -210868.765625
2271    -210869.343750
2272    -210869.937500
2273    -210870.562500
2274    -210871.187500
2275    -210871.796875
2276    -210872.375000
2277    -210872.968750
2278    -210873.500000
2279    -210874.156250
2280    -210874.765625
2281    -210875.359375
2282    -210875.968750
2283    -210876.656250
2284    -210877.109375
2285    -210877.781250
2286    -210878.281250
2287    -210878.937500
2288    -210879.562500
2289    -210880.171875
2290    -210880.781250
2291    -210881.437500
2292    -210882.031250
2293    -210882.484375
2294    -210883.187500
2295    -210883.781250
2296    -210884.343750
2297    -210884.968750
2298    -210885.468750
2299    -210886.218750
2300    -210886.781250
2301    -210887.468750
2302    -210887.906250
2303    -210888.531250
2304    -210889.046875
2305    -210889.765625
2306    -210890.296875
2307    -210890.953125
2308    -210891.500000
2309    -210892.078125
2310    -210892.656250
2311    -210893.187500
2312    -210893.843750
2313    -210894.375000
2314    -210895.000000
2315    -210895.531250
2316    -210896.078125
2317    -210896.750000
2318    -210897.312500
2319    -210897.875000
2320    -210898.437500
2321    -210899.000000
2322    -210899.500000
2323    -210900.187500
2324    -210900.718750
2325    -210901.250000
2326    -210901.906250
2327    -210902.484375
2328    -210903.015625
2329    -210903.593750
2330    -210904.250000
2331    -210904.812500
2332    -210905.312500
2333    -210905.828125
2334    -210906.484375
2335    -210907.000000
2336    -210907.531250
2337    -210907.968750
2338    -210908.734375
2339    -210909.359375
2340    -210909.859375
2341    -210910.375000
2342    -210910.937500
2343    -210911.437500
2344    -210912.093750
2345    -210912.531250
2346    -210913.156250
2347    -210913.687500
2348    -210914.281250
2349    -210914.703125
2350    -210915.203125
2351    -210915.812500
2352    -210916.437500
2353    -210916.984375
2354    -210917.500000
2355    -210918.125000
2356    -210918.593750
2357    -210919.125000
2358    -210919.734375
2359    -210920.250000
2360    -210920.812500
2361    -210921.250000
2362    -210922.015625
2363    -210922.484375
2364    -210923.000000
2365    -210923.625000
2366    -210924.125000
2367    -210924.687500
2368    -210925.218750
2369    -210925.781250
2370    -210926.250000
2371    -210926.843750
2372    -210927.406250
2373    -210927.953125
2374    -210928.453125
2375    -210928.968750
2376    -210929.562500
2377    -210930.078125
2378    -210930.593750
2379    -210931.031250
2380    -210931.656250
2381    -210932.218750
2382    -210932.750000
2383    -210933.281250
2384    -210933.875000
2385    -210934.312500
2386    -210934.937500
2387    -210935.500000
2388    -210935.937500
2389    -210936.546875
2390    -210937.156250
2391    -210937.546875
2392    -210938.078125
2393    -210938.625000
2394    -210939.187500
2395    -210939.718750
2396    -210940.156250
2397    -210940.781250
2398    -210941.281250
2399    -210941.796875
2400    -210942.250000
2401    -210942.812500
2402    -210943.312500
2403    -210943.875000
2404    -210944.406250
2405    -210944.875000
2406    -210945.375000
2407    -210945.875000
2408    -210946.468750
2409    -210946.937500
2410    -210947.437500
2411    -210947.984375
2412    -210948.437500
2413    -210949.015625
2414    -210949.515625
2415    -210950.031250
2416    -210950.531250
2417    -210951.031250
2418    -210951.578125
2419    -210952.000000
2420    -210952.593750
2421    -210953.062500
2422    -210953.593750
2423    -210954.031250
2424    -210954.671875
2425    -210955.078125
2426    -210955.484375
2427    -210956.031250
2428    -210956.562500
2429    -210957.109375
2430    -210957.500000
2431    -210958.062500
2432    -210958.546875
2433    -210959.046875
2434    -210959.500000
2435    -210960.046875
2436    -210960.671875
2437    -210961.062500
2438    -210961.531250
2439    -210962.000000
2440    -210962.484375
2441    -210963.062500
2442    -210963.406250
2443    -210964.000000
2444    -210964.468750
2445    -210964.937500
2446    -210965.406250
2447    -210965.921875
2448    -210966.375000
2449    -210966.812500
2450    -210967.281250
2451    -210967.750000
2452    -210968.250000
2453    -210968.890625
2454    -210969.125000
2455    -210969.640625
2456    -210970.187500
2457    -210970.609375
2458    -210971.218750
2459    -210971.531250
2460    -210972.062500
2461    -210972.500000
2462    -210973.031250
2463    -210973.531250
2464    -210973.937500
2465    -210974.312500
2466    -210974.859375
2467    -210975.375000
2468    -210975.750000
2469    -210976.296875
2470    -210976.765625
2471    -210977.250000
2472    -210977.656250
2473    -210978.125000
2474    -210978.437500
2475    -210979.031250
2476    -210979.468750
2477    -210979.984375
2478    -210980.453125
2479    -210980.812500
2480    -210981.343750
2481    -210981.812500
2482    -210982.250000
2483    -210982.640625
2484    -210983.093750
2485    -210983.546875
2486    -210984.000000
2487    -210984.531250
2488    -210984.875000
2489    -210985.312500
2490    -210985.765625
2491    -210986.265625
2492    -210986.718750
2493    -210987.046875
2494    -210987.593750
2495    -210987.968750
2496    -210988.343750
2497    -210988.812500
2498    -210989.265625
2499    -210989.687500
2500    -210990.156250
2501    -210990.578125
2502    -210991.015625
2503    -210991.468750
2504    -210991.781250
2505    -210992.218750
2506    -210992.640625
2507    -210993.125000
2508    -210993.437500
2509    -210993.968750
2510    -210994.343750
2511    -210994.843750
2512    -210995.281250
2513    -210995.625000
2514    -210996.062500
2515    -210996.531250
2516    -210996.937500
2517    -210997.343750
2518    -210997.781250
2519    -210998.156250
2520    -210998.625000
2521    -210999.000000
2522    -210999.421875
2523    -210999.843750
2524    -211000.281250
2525    -211000.671875
2526    -211001.171875
2527    -211001.437500
2528    -211001.906250
2529    -211002.343750
2530    -211002.750000
2531    -211003.156250
2532    -211003.593750
2533    -211004.000000
2534    -211004.375000
2535    -211004.765625
2536    -211005.218750
2537    -211005.578125
2538    -211006.125000
2539    -211006.453125
2540    -211006.875000
2541    -211007.218750
2542    -211007.671875
2543    -211008.078125
2544    -211008.500000
2545    -211008.812500
2546    -211009.265625
2547    -211009.687500
2548    -211010.062500
2549    -211010.531250
2550    -211010.906250
2551    -211011.156250
2552    -211011.609375
2553    -211012.109375
2554    -211012.515625
2555    -211012.906250
2556    -211013.296875
2557    -211013.656250
2558    -211014.078125
2559    -211014.500000
2560    -211014.765625
2561    -211015.250000
2562    -211015.609375
2563    -211016.031250
2564    -211016.453125
2565    -211016.781250
2566    -211017.187500
2567    -211017.640625
2568    -211017.953125
2569    -211018.406250
2570    -211018.765625
2571    -211019.156250
2572    -211019.531250
2573    -211019.937500
2574    -211020.250000
2575    -211020.687500
2576    -211021.187500
2577    -211021.562500
2578    -211021.890625
2579    -211022.171875
2580    -211022.656250
2581    -211022.984375
2582    -211023.375000
2583    -211023.671875
2584    -211024.109375
2585    -211024.531250
2586    -211024.906250
2587    -211025.265625
2588    -211025.562500
2589    -211026.046875
2590    -211026.437500
2591    -211026.781250
2592    -211027.156250
2593    -211027.593750
2594    -211027.906250
2595    -211028.281250
2596    -211028.671875
2597    -211029.062500
2598    -211029.437500
2599    -211029.843750
2600    -211030.218750
2601    -211030.484375
2602    -211030.906250
2603    -211031.343750
2604    -211031.718750
2605    -211032.062500
2606    -211032.406250
2607    -211032.734375
2608    -211033.218750
2609    -211033.562500
2610    -211033.796875
2611    -211034.312500
2612    -211034.640625
2613    -211035.000000
2614    -211035.406250
2615    -211035.750000
2616    -211036.125000
2617    -211036.500000
2618    -211036.843750
2619    -211037.156250
2620    -211037.656250
2621    -211038.000000
2622    -211038.343750
2623    -211038.718750
2624    -211039.093750
2625    -211039.390625
2626    -211039.906250
2627    -211040.187500
2628    -211040.515625
2629    -211040.906250
2630    -211041.312500
2631    -211041.656250
2632    -211042.125000
2633    -211042.343750
2634    -211042.765625
2635    -211043.125000
2636    -211043.546875
2637    -211043.968750
2638    -211044.218750
2639    -211044.562500
2640    -211045.015625
2641    -211045.265625
2642    -211045.656250
2643    -211046.031250
2644    -211046.312500
2645    -211046.687500
2646    -211047.062500
2647    -211047.343750
2648    -211047.765625
2649    -211048.078125
2650    -211048.468750
2651    -211048.812500
2652    -211049.140625
2653    -211049.515625
2654    -211049.953125
2655    -211050.171875
2656    -211050.546875
2657    -211050.890625
2658    -211051.250000
2659    -211051.593750
2660    -211051.921875
2661    -211052.250000
2662    -211052.625000
2663    -211052.937500
2664    -211053.218750
2665    -211053.640625
2666    -211053.984375
2667    -211054.312500
2668    -211054.718750
2669    -211054.937500
2670    -211055.296875
2671    -211055.609375
2672    -211055.953125
2673    -211056.312500
2674    -211056.593750
2675    -211056.921875
2676    -211057.218750
2677    -211057.593750
2678    -211057.875000
2679    -211058.250000
2680    -211058.656250
2681    -211059.000000
2682    -211059.265625
2683    -211059.578125
2684    -211059.890625
2685    -211060.234375
2686    -211060.468750
2687    -211060.828125
2688    -211061.125000
2689    -211061.515625
2690    -211061.843750
2691    -211062.203125
2692    -211062.500000
2693    -211062.843750
2694    -211063.250000
2695    -211063.562500
2696    -211063.875000
2697    -211064.187500
2698    -211064.531250
2699    -211064.875000
2700    -211065.187500
2701    -211065.468750
2702    -211065.859375
2703    -211066.187500
2704    -211066.484375
2705    -211066.812500
2706    -211067.203125
2707    -211067.453125
2708    -211067.843750
2709    -211068.156250
2710    -211068.437500
2711    -211068.843750
2712    -211069.203125
2713    -211069.453125
2714    -211069.765625
2715    -211070.140625
2716    -211070.468750
2717    -211070.812500
2718    -211071.062500
2719    -211071.500000
2720    -211071.796875
2721    -211072.125000
2722    -211072.375000
2723    -211072.765625
2724    -211073.093750
2725    -211073.468750
2726    -211073.843750
2727    -211074.046875
2728    -211074.375000
2729    -211074.781250
2730    -211075.093750
2731    -211075.375000
2732    -211075.703125
2733    -211076.093750
2734    -211076.312500
2735    -211076.687500
2736    -211077.093750
2737    -211077.375000
2738    -211077.656250
2739    -211078.000000
2740    -211078.406250
2741    -211078.687500
2742    -211078.968750
2743    -211079.250000
2744    -211079.593750
2745    -211079.906250
2746    -211080.218750
2747    -211080.562500
2748    -211080.875000
2749    -211081.250000
2750    -211081.593750
2751    -211081.875000
2752    -211082.125000
2753    -211082.562500
2754    -211082.859375
2755    -211083.171875
2756    -211083.562500
2757    -211083.843750
2758    -211084.171875
2759    -211084.375000
2760    -211084.750000
2761    -211085.046875
2762    -211085.406250
2763    -211085.687500
2764    -211086.015625
2765    -211086.343750
2766    -211086.671875
2767    -211087.000000
2768    -211087.328125
2769    -211087.546875
2770    -211087.906250
2771    -211088.203125
2772    -211088.515625
2773    -211088.843750
2774    -211089.171875
2775    -211089.437500
2776    -211089.781250
2777    -211090.031250
2778    -211090.375000
2779    -211090.687500
2780    -211090.984375
2781    -211091.234375
2782    -211091.625000
2783    -211091.875000
2784    -211092.250000
2785    -211092.515625
2786    -211092.781250
2787    -211093.109375
2788    -211093.437500
2789    -211093.718750
2790    -211094.062500
2791    -211094.343750
2792    -211094.656250
2793    -211094.921875
2794    -211095.218750
2795    -211095.562500
2796    -211095.812500
2797    -211096.140625
2798    -211096.468750
2799    -211096.718750
2800    -211097.062500
2801    -211097.375000
2802    -211097.625000
2803    -211097.921875
2804    -211098.250000
2805    -211098.500000
2806    -211098.828125
2807    -211099.078125
2808    -211099.437500
2809    -211099.656250
2810    -211100.000000
2811    -211100.328125
2812    -211100.562500
2813    -211100.906250
2814    -211101.218750
2815    -211101.468750
2816    -211101.718750
2817    -211102.078125
2818    -211102.343750
2819    -211102.593750
2820    -211102.937500
2821    -211103.265625
2822    -211103.531250
2823    -211103.812500
2824    -211104.156250
2825    -211104.406250
2826    -211104.625000
2827    -211104.937500
2828    -211105.296875
2829    -211105.562500
2830    -211105.812500
2831    -211106.156250
2832    -211106.343750
2833    -211106.625000
2834    -211107.031250
2835    -211107.156250
2836    -211107.531250
2837    -211107.812500
2838    -211108.062500
2839    -211108.328125
2840    -211108.656250
2841    -211108.875000
2842    -211109.187500
2843    -211109.468750
2844    -211109.687500
2845    -211110.078125
2846    -211110.390625
2847    -211110.593750
2848    -211110.937500
2849    -211111.109375
2850    -211111.375000
2851    -211111.609375
2852    -211111.921875
2853    -211112.156250
2854    -211112.421875
2855    -211112.718750
2856    -211112.968750
2857    -211113.218750
2858    -211113.562500
2859    -211113.812500
2860    -211114.046875
2861    -211114.312500
2862    -211114.562500
2863    -211114.812500
2864    -211115.078125
2865    -211115.312500
2866    -211115.593750
2867    -211115.875000
2868    -211116.156250
2869    -211116.406250
2870    -211116.687500
2871    -211116.921875
2872    -211117.156250
2873    -211117.437500
2874    -211117.656250
2875    -211117.921875
2876    -211118.187500
2877    -211118.437500
2878    -211118.750000
2879    -211119.000000
2880    -211119.250000
2881    -211119.437500
2882    -211119.718750
2883    -211119.984375
2884    -211120.265625
2885    -211120.437500
2886    -211120.734375
2887    -211120.968750
2888    -211121.218750
2889    -211121.468750
2890    -211121.781250
2891    -211121.968750
2892    -211122.218750
2893    -211122.546875
2894    -211122.765625
2895    -211122.906250
2896    -211123.187500
2897    -211123.375000
2898    -211123.671875
2899    -211123.890625
2900    -211124.125000
2901    -211124.406250
2902    -211124.625000
2903    -211124.875000
2904    -211125.156250
2905    -211125.390625
2906    -211125.656250
2907    -211125.812500
2908    -211126.093750
2909    -211126.281250
2910    -211126.546875
2911    -211126.718750
2912    -211126.968750
2913    -211127.218750
2914    -211127.500000
2915    -211127.703125
2916    -211127.890625
2917    -211128.125000
2918    -211128.375000
2919    -211128.562500
2920    -211128.812500
2921    -211129.078125
2922    -211129.312500
2923    -211129.531250
2924    -211129.687500
2925    -211130.031250
2926    -211130.203125
2927    -211130.406250
2928    -211130.718750
2929    -211130.875000
2930    -211131.156250
2931    -211131.359375
2932    -211131.625000
2933    -211131.812500
2934    -211132.062500
2935    -211132.296875
2936    -211132.500000
2937    -211132.734375
2938    -211132.906250
2939    -211133.187500
2940    -211133.375000
2941    -211133.609375
2942    -211133.875000
2943    -211134.062500
2944    -211134.312500
2945    -211134.515625
2946    -211134.718750
2947    -211135.000000
2948    -211135.125000
2949    -211135.437500
2950    -211135.687500
2951    -211135.906250
2952    -211136.062500
2953    -211136.312500
2954    -211136.578125
2955    -211136.703125
2956    -211136.984375
2957    -211137.187500
2958    -211137.421875
2959    -211137.656250
2960    -211137.812500
2961    -211138.062500
2962    -211138.296875
2963    -211138.531250
2964    -211138.765625
2965    -211138.921875
2966    -211139.156250
2967    -211139.328125
2968    -211139.609375
2969    -211139.796875
2970    -211140.046875
2971    -211140.218750
2972    -211140.500000
2973    -211140.718750
2974    -211140.968750
2975    -211141.078125
2976    -211141.343750
2977    -211141.578125
2978    -211141.796875
2979    -211142.000000
2980    -211142.250000
2981    -211142.421875
2982    -211142.750000
2983    -211142.906250
2984    -211143.093750
2985    -211143.359375
2986    -211143.593750
2987    -211143.703125
2988    -211144.046875
2989    -211144.218750
2990    -211144.406250
2991    -211144.640625
2992    -211144.859375
2993    -211145.046875
2994    -211145.375000
2995    -211145.531250
2996    -211145.734375
2997    -211146.000000
2998    -211146.218750
2999    -211146.406250
3000    -211146.562500
3001    -211146.843750
3002    -211147.125000
3003    -211147.312500
3004    -211147.593750
3005    -211147.703125
3006    -211147.906250
3007    -211148.187500
3008    -211148.437500
3009    -211148.625000
3010    -211148.812500
3011    -211149.078125
3012    -211149.312500
3013    -211149.500000
3014    -211149.718750
3015    -211149.968750
3016    -211150.187500
3017    -211150.421875
3018    -211150.578125
3019    -211150.828125
3020    -211151.093750
3021    -211151.265625
3022    -211151.468750
3023    -211151.687500
3024    -211151.937500
3025    -211152.156250
3026    -211152.265625
3027    -211152.562500
3028    -211152.812500
3029    -211152.968750
3030    -211153.203125
3031    -211153.390625
3032    -211153.625000
3033    -211153.796875
3034    -211154.000000
3035    -211154.203125
3036    -211154.468750
3037    -211154.625000
3038    -211154.875000
3039    -211155.140625
3040    -211155.296875
3041    -211155.515625
3042    -211155.812500
3043    -211155.984375
3044    -211156.156250
3045    -211156.375000
3046    -211156.625000
3047    -211156.843750
3048    -211156.968750
3049    -211157.250000
3050    -211157.468750
3051    -211157.687500
3052    -211157.906250
3053    -211158.093750
3054    -211158.312500
3055    -211158.453125
3056    -211158.703125
3057    -211158.921875
3058    -211159.140625
3059    -211159.406250
3060    -211159.562500
3061    -211159.781250
3062    -211160.062500
3063    -211160.234375
3064    -211160.484375
3065    -211160.609375
3066    -211160.906250
3067    -211161.062500
3068    -211161.296875
3069    -211161.468750
3070    -211161.765625
3071    -211161.937500
3072    -211162.046875
3073    -211162.281250
3074    -211162.562500
3075    -211162.781250
3076    -211163.000000
3077    -211163.171875
3078    -211163.375000
3079    -211163.562500
3080    -211163.843750
3081    -211164.000000
3082    -211164.234375
3083    -211164.531250
3084    -211164.750000
3085    -211164.906250
3086    -211165.125000
3087    -211165.343750
3088    -211165.531250
3089    -211165.781250
3090    -211165.890625
3091    -211166.125000
3092    -211166.343750
3093    -211166.546875
3094    -211166.687500
3095    -211166.875000
3096    -211167.140625
3097    -211167.375000
3098    -211167.562500
3099    -211167.750000
3100    -211167.937500
3101    -211168.093750
3102    -211168.281250
3103    -211168.515625
3104    -211168.687500
3105    -211168.812500
3106    -211169.062500
3107    -211169.343750
3108    -211169.484375
3109    -211169.781250
3110    -211169.843750
