Step            Loss
--------------------
1       -4986.838379
2       -8398.477539
3       -11812.042969
4       -15221.681641
5       -18637.289062
6       -22050.859375
7       -25465.976562
8       -28879.634766
9       -32294.169922
10      -35708.972656
11      -39128.136719
12      -42543.039062
13      -45962.023438
14      -49380.539062
15      -52803.562500
16      -56225.335938
17      -59645.460938
18      -63073.054688
19      -66496.312500
20      -69925.234375
21      -73352.132812
22      -76789.234375
23      -80217.000000
24      -83654.968750
25      -87094.679688
26      -90529.843750
27      -93977.875000
28      -97422.046875
29      -100867.093750
30      -104321.609375
31      -107778.062500
32      -111235.156250
33      -114697.976562
34      -118163.046875
35      -121631.875000
36      -125104.984375
37      -128584.421875
38      -132061.000000
39      -135550.031250
40      -139040.593750
41      -142535.906250
42      -146035.156250
43      -149539.140625
44      -153047.750000
45      -156561.296875
46      -160082.625000
47      -163605.812500
48      -167135.890625
49      -170669.421875
50      -174216.609375
51      -177759.968750
52      -181314.109375
53      -184869.125000
54      -188435.000000
55      -192005.562500
56      -195579.718750
57      -199165.593750
58      -202751.687500
59      -206349.750000
60      -209953.843750
61      -213561.718750
62      -217174.468750
63      -220798.125000
64      -224426.468750
65      -228062.062500
66      -231704.875000
67      -235354.031250
68      -239014.687500
69      -242677.578125
70      -246352.437500
71      -250031.406250
72      -253714.656250
73      -257407.187500
74      -261109.437500
75      -264824.343750
76      -268533.406250
77      -272261.562500
78      -275991.875000
79      -279730.906250
80      -283479.125000
81      -287230.843750
82      -290994.625000
83      -294757.750000
84      -298539.093750
85      -302325.125000
86      -306117.531250
87      -309920.687500
88      -313729.062500
89      -317549.312500
90      -321372.312500
91      -325202.031250
92      -329046.312500
93      -332893.718750
94      -336751.125000
95      -340616.250000
96      -344485.562500
97      -348366.531250
98      -352257.562500
99      -356148.125000
100     -360054.062500
101     -363964.781250
102     -367886.187500
103     -371813.593750
104     -375749.375000
105     -379690.625000
106     -383639.250000
107     -387595.750000
108     -391560.687500
109     -395535.968750
110     -399518.375000
111     -403505.062500
112     -407501.937500
113     -411503.093750
114     -415514.625000
115     -419534.625000
116     -423557.875000
117     -427595.062500
118     -431631.906250
119     -435677.906250
120     -439732.625000
121     -443794.875000
122     -447860.750000
123     -451933.937500
124     -456017.187500
125     -460109.500000
126     -464203.625000
127     -468307.312500
128     -472411.093750
129     -476527.031250
130     -480648.500000
131     -484775.875000
132     -488908.968750
133     -493052.125000
134     -497196.187500
135     -501347.718750
136     -505509.500000
137     -509670.468750
138     -513838.125000
139     -518013.125000
140     -522195.500000
141     -526382.687500
142     -530578.500000
143     -534770.625000
144     -538973.500000
145     -543183.125000
146     -547391.625000
147     -551610.625000
148     -555833.250000
149     -560057.500000
150     -564291.375000
151     -568523.750000
152     -572770.875000
153     -577010.875000
154     -581256.500000
155     -585510.625000
156     -589764.937500
157     -594025.625000
158     -598289.000000
159     -602558.875000
160     -606829.562500
161     -611100.250000
162     -615377.187500
163     -619656.000000
164     -623939.250000
165     -628223.750000
166     -632515.062500
167     -636807.750000
168     -641104.500000
169     -645393.625000
170     -649692.750000
171     -653994.250000
172     -658294.250000
173     -662601.125000
174     -666904.812500
175     -671210.500000
176     -675521.875000
177     -679829.062500
178     -684143.875000
179     -688451.875000
180     -692771.562500
181     -697082.250000
182     -701399.625000
183     -705712.750000
184     -710025.187500
185     -714344.750000
186     -718660.625000
187     -722984.000000
188     -727292.062500
189     -731611.250000
190     -735929.125000
191     -740242.687500
192     -744554.187500
193     -748872.937500
194     -753187.625000
195     -757494.625000
196     -761813.750000
197     -766120.625000
198     -770426.937500
199     -774732.937500
200     -779043.250000
201     -783347.812500
202     -787644.437500
203     -791949.750000
204     -796247.000000
205     -800539.125000
206     -804840.000000
207     -809128.687500
208     -813412.750000
209     -817702.500000
210     -821988.937500
211     -826265.687500
212     -830540.687500
213     -834814.750000
214     -839085.562500
215     -843346.750000
216     -847612.875000
217     -851872.375000
218     -856133.250000
219     -860382.375000
220     -864627.250000
221     -868866.875000
222     -873107.000000
223     -877344.125000
224     -881571.437500
225     -885794.375000
226     -890013.375000
227     -894229.375000
228     -898434.375000
229     -902639.875000
230     -906842.812500
231     -911035.125000
232     -915225.125000
233     -919410.000000
234     -923580.062500
235     -927755.312500
236     -931919.250000
237     -936086.875000
238     -940237.750000
239     -944386.125000
240     -948521.875000
241     -952654.625000
242     -956781.750000
243     -960908.000000
244     -965018.375000
245     -969125.875000
246     -973224.375000
247     -977316.875000
248     -981403.500000
249     -985482.000000
250     -989552.000000
251     -993616.687500
252     -997665.812500
253     -1001718.625000
254     -1005760.937500
255     -1009796.125000
256     -1013814.750000
257     -1017823.875000
258     -1021838.687500
259     -1025838.500000
260     -1029828.125000
261     -1033811.937500
262     -1037789.375000
263     -1041756.375000
264     -1045714.000000
265     -1049662.625000
266     -1053605.000000
267     -1057539.375000
268     -1061459.125000
269     -1065371.000000
270     -1069273.500000
271     -1073166.125000
272     -1077052.375000
273     -1080927.875000
274     -1084798.500000
275     -1088652.000000
276     -1092501.500000
277     -1096329.000000
278     -1100157.375000
279     -1103973.750000
280     -1107778.750000
281     -1111574.250000
282     -1115364.000000
283     -1119137.125000
284     -1122903.500000
285     -1126663.750000
286     -1130402.750000
287     -1134135.625000
288     -1137862.375000
289     -1141574.750000
290     -1145280.750000
291     -1148963.250000
292     -1152653.375000
293     -1156324.625000
294     -1159982.500000
295     -1163627.500000
296     -1167278.000000
297     -1170901.125000
298     -1174523.000000
299     -1178122.250000
300     -1181723.750000
301     -1185304.750000
302     -1188887.375000
303     -1192438.375000
304     -1196003.125000
305     -1199538.750000
306     -1203066.500000
307     -1206582.000000
308     -1210095.500000
309     -1213588.500000
310     -1217072.750000
311     -1220543.250000
312     -1224008.625000
313     -1227455.750000
314     -1230888.750000
315     -1234317.000000
316     -1237729.875000
317     -1241130.000000
318     -1244518.375000
319     -1247890.000000
320     -1251255.000000
321     -1254610.125000
322     -1257957.375000
323     -1261276.875000
324     -1264596.500000
325     -1267898.375000
326     -1271189.250000
327     -1274460.750000
328     -1277739.750000
329     -1280985.000000
330     -1284225.250000
331     -1287457.500000
332     -1290671.875000
333     -1293871.375000
334     -1297060.250000
335     -1300237.250000
336     -1303402.750000
337     -1306560.625000
338     -1309700.375000
339     -1312826.000000
340     -1315941.625000
341     -1319045.250000
342     -1322144.250000
343     -1325223.000000
344     -1328283.500000
345     -1331338.000000
346     -1334385.250000
347     -1337410.500000
348     -1340428.625000
349     -1343426.750000
350     -1346416.500000
351     -1349387.250000
352     -1352358.125000
353     -1355312.625000
354     -1358242.500000
355     -1361171.375000
356     -1364090.875000
357     -1366990.750000
358     -1369881.000000
359     -1372756.250000
360     -1375619.750000
361     -1378466.750000
362     -1381307.750000
363     -1384133.500000
364     -1386947.000000
365     -1389749.125000
366     -1392537.125000
367     -1395311.375000
368     -1398071.000000
369     -1400822.000000
370     -1403553.125000
371     -1406281.250000
372     -1408987.000000
373     -1411683.500000
374     -1414370.500000
375     -1417045.250000
376     -1419704.500000
377     -1422345.250000
378     -1424973.375000
379     -1427595.000000
380     -1430202.750000
381     -1432790.250000
382     -1435374.500000
383     -1437941.500000
384     -1440493.000000
385     -1443036.375000
386     -1445562.250000
387     -1448078.250000
388     -1450581.500000
389     -1453072.000000
390     -1455555.250000
391     -1458016.250000
392     -1460468.000000
393     -1462908.000000
394     -1465334.125000
395     -1467752.750000
396     -1470151.375000
397     -1472539.875000
398     -1474910.000000
399     -1477272.000000
400     -1479621.250000
401     -1481965.000000
402     -1484283.875000
403     -1486598.625000
404     -1488901.500000
405     -1491181.875000
406     -1493455.250000
407     -1495718.250000
408     -1497970.625000
409     -1500209.375000
410     -1502429.500000
411     -1504638.750000
412     -1506845.500000
413     -1509034.250000
414     -1511211.625000
415     -1513373.375000
416     -1515528.000000
417     -1517661.000000
418     -1519794.875000
419     -1521906.500000
420     -1524009.125000
421     -1526103.125000
422     -1528182.000000
423     -1530254.500000
424     -1532310.625000
425     -1534352.000000
426     -1536382.250000
427     -1538402.250000
428     -1540409.000000
429     -1542399.250000
430     -1544381.500000
431     -1546357.625000
432     -1548317.000000
433     -1550266.000000
434     -1552204.250000
435     -1554120.875000
436     -1556032.875000
437     -1557932.250000
438     -1559813.000000
439     -1561684.500000
440     -1563547.125000
441     -1565400.750000
442     -1567234.750000
443     -1569060.375000
444     -1570880.750000
445     -1572673.375000
446     -1574462.875000
447     -1576245.750000
448     -1578017.250000
449     -1579764.000000
450     -1581513.500000
451     -1583242.875000
452     -1584962.625000
453     -1586667.625000
454     -1588367.375000
455     -1590057.250000
456     -1591728.125000
457     -1593388.375000
458     -1595038.000000
459     -1596679.750000
460     -1598310.750000
461     -1599926.500000
462     -1601532.500000
463     -1603129.875000
464     -1604722.875000
465     -1606295.625000
466     -1607860.000000
467     -1609415.750000
468     -1610957.750000
469     -1612487.125000
470     -1614014.250000
471     -1615522.750000
472     -1617019.000000
473     -1618510.500000
474     -1619988.250000
475     -1621452.625000
476     -1622909.750000
477     -1624356.000000
478     -1625793.250000
479     -1627216.500000
480     -1628634.750000
481     -1630042.000000
482     -1631429.750000
483     -1632818.250000
484     -1634192.000000
485     -1635551.625000
486     -1636899.500000
487     -1638246.375000
488     -1639579.000000
489     -1640899.875000
490     -1642209.625000
491     -1643512.125000
492     -1644804.625000
493     -1646081.250000
494     -1647353.125000
495     -1648613.750000
496     -1649867.375000
497     -1651105.750000
498     -1652336.875000
499     -1653559.625000
500     -1654768.750000
501     -1655972.875000
502     -1657168.125000
503     -1658349.000000
504     -1659519.250000
505     -1660680.375000
506     -1661833.125000
507     -1662972.000000
508     -1664107.750000
509     -1665238.000000
510     -1666347.500000
511     -1667451.875000
512     -1668553.250000
513     -1669636.000000
514     -1670716.375000
515     -1671787.875000
516     -1672849.500000
517     -1673901.250000
518     -1674941.125000
519     -1675976.000000
520     -1677005.000000
521     -1678021.625000
522     -1679029.750000
523     -1680030.125000
524     -1681020.000000
