Step            Loss
--------------------
1         569.047302
2         172.212769
3        -224.764282
4        -621.017029
5       -1018.740417
6       -1415.403320
7       -1812.759521
8       -2209.831787
9       -2607.050293
10      -3004.158691
11      -3400.891602
12      -3797.996582
13      -4194.922852
14      -4592.492676
15      -4990.210938
16      -5387.363770
17      -5785.179688
18      -6183.685547
19      -6580.375977
20      -6978.594727
21      -7376.479980
22      -7774.903809
23      -8173.650391
24      -8571.748047
25      -8971.083984
26      -9370.390625
27      -9769.474609
28      -10168.873047
29      -10568.501953
30      -10967.914062
31      -11370.171875
32      -11770.016602
33      -12171.823242
34      -12572.969727
35      -12975.884766
36      -13377.415039
37      -13781.005859
38      -14183.164062
39      -14587.310547
40      -14990.685547
41      -15395.376953
42      -15800.055664
43      -16205.806641
44      -16612.246094
45      -17019.466797
46      -17425.468750
47      -17834.544922
48      -18241.400391
49      -18650.693359
50      -19060.152344
51      -19469.835938
52      -19881.505859
53      -20291.320312
54      -20704.527344
55      -21116.445312
56      -21530.808594
57      -21944.439453
58      -22359.189453
59      -22775.457031
60      -23191.775391
61      -23607.906250
62      -24026.679688
63      -24444.996094
64      -24863.871094
65      -25284.632812
66      -25704.964844
67      -26126.093750
68      -26549.339844
69      -26972.785156
70      -27396.679688
71      -27821.523438
72      -28247.759766
73      -28674.416016
74      -29101.314453
75      -29529.583984
76      -29958.689453
77      -30389.414062
78      -30820.093750
79      -31252.652344
80      -31685.136719
81      -32117.828125
82      -32553.011719
83      -32988.527344
84      -33424.812500
85      -33861.976562
86      -34300.152344
87      -34739.140625
88      -35178.851562
89      -35619.726562
90      -36061.308594
91      -36504.859375
92      -36948.132812
93      -37392.335938
94      -37837.312500
95      -38284.273438
96      -38730.781250
97      -39180.109375
98      -39627.496094
99      -40078.578125
100     -40528.812500
101     -40980.062500
102     -41434.167969
103     -41887.460938
104     -42341.546875
105     -42796.460938
106     -43253.082031
107     -43710.671875
108     -44167.859375
109     -44626.734375
110     -45086.906250
111     -45547.574219
112     -46009.015625
113     -46470.957031
114     -46934.414062
115     -47398.804688
116     -47863.898438
117     -48328.203125
118     -48795.132812
119     -49262.414062
120     -49730.832031
121     -50199.820312
122     -50669.730469
123     -51140.582031
124     -51611.906250
125     -52084.187500
126     -52557.261719
127     -53031.265625
128     -53505.828125
129     -53981.101562
130     -54457.140625
131     -54933.429688
132     -55411.593750
133     -55889.781250
134     -56368.410156
135     -56848.230469
136     -57327.875000
137     -57808.468750
138     -58291.449219
139     -58773.398438
140     -59256.617188
141     -59740.207031
142     -60223.988281
143     -60707.742188
144     -61194.593750
145     -61680.523438
146     -62166.890625
147     -62652.703125
148     -63140.390625
149     -63629.316406
150     -64117.968750
151     -64608.195312
152     -65097.265625
153     -65586.750000
154     -66078.125000
155     -66568.867188
156     -67061.148438
157     -67552.460938
158     -68045.125000
159     -68538.265625
160     -69031.156250
161     -69525.859375
162     -70019.093750
163     -70513.273438
164     -71008.109375
165     -71503.765625
166     -71998.812500
167     -72494.031250
168     -72990.328125
169     -73487.140625
170     -73983.289062
171     -74479.031250
172     -74976.140625
173     -75472.890625
174     -75970.046875
175     -76469.203125
176     -76966.593750
177     -77463.390625
178     -77962.328125
179     -78459.906250
180     -78958.437500
181     -79456.390625
182     -79954.976562
183     -80452.820312
184     -80951.359375
185     -81449.093750
186     -81948.375000
187     -82447.296875
188     -82945.453125
189     -83443.179688
190     -83942.695312
191     -84440.976562
192     -84939.429688
193     -85437.031250
194     -85935.117188
195     -86434.265625
196     -86932.289062
197     -87428.718750
198     -87925.765625
199     -88423.992188
200     -88920.539062
201     -89417.718750
202     -89914.445312
203     -90410.257812
204     -90907.312500
205     -91402.531250
206     -91898.265625
207     -92394.890625
208     -92890.046875
209     -93384.171875
210     -93879.101562
211     -94373.500000
212     -94866.867188
213     -95360.335938
214     -95853.437500
215     -96345.625000
216     -96837.687500
217     -97328.765625
218     -97820.984375
219     -98311.218750
220     -98801.687500
221     -99290.687500
222     -99781.156250
223     -100269.890625
224     -100757.953125
225     -101245.906250
226     -101735.437500
227     -102220.421875
228     -102705.718750
229     -103190.687500
230     -103675.625000
231     -104159.234375
232     -104644.132812
233     -105127.906250
234     -105608.507812
235     -106091.390625
236     -106572.726562
237     -107053.406250
238     -107533.765625
239     -108011.484375
240     -108490.789062
241     -108967.796875
242     -109442.203125
243     -109919.046875
244     -110393.414062
245     -110868.796875
246     -111342.250000
247     -111813.640625
248     -112286.945312
249     -112757.750000
250     -113227.703125
251     -113696.304688
252     -114165.796875
253     -114632.203125
254     -115098.828125
255     -115564.304688
256     -116029.015625
257     -116492.859375
258     -116956.500000
259     -117417.960938
260     -117878.367188
261     -118338.421875
262     -118797.632812
263     -119254.648438
264     -119712.156250
265     -120168.125000
266     -120623.109375
267     -121078.609375
268     -121531.203125
269     -121983.265625
270     -122434.375000
271     -122884.218750
272     -123334.562500
273     -123781.000000
274     -124229.492188
275     -124674.265625
276     -125120.242188
277     -125563.593750
278     -126007.218750
279     -126447.968750
280     -126890.984375
281     -127328.078125
282     -127767.890625
283     -128203.929688
284     -128639.734375
285     -129076.062500
286     -129509.250000
287     -129941.742188
288     -130373.679688
289     -130803.718750
290     -131232.718750
291     -131661.531250
292     -132087.750000
293     -132514.421875
294     -132937.281250
295     -133360.890625
296     -133782.593750
297     -134203.546875
298     -134621.656250
299     -135039.406250
300     -135455.750000
301     -135870.734375
302     -136284.093750
303     -136697.843750
304     -137108.406250
305     -137518.031250
306     -137925.906250
307     -138333.625000
308     -138738.968750
309     -139143.406250
310     -139548.437500
311     -139949.656250
312     -140352.062500
313     -140751.781250
314     -141148.484375
315     -141546.468750
316     -141943.843750
317     -142335.609375
318     -142729.218750
319     -143121.718750
320     -143512.187500
321     -143901.062500
322     -144288.718750
323     -144674.734375
324     -145060.187500
325     -145444.593750
326     -145826.203125
327     -146208.140625
328     -146586.625000
329     -146963.859375
330     -147341.765625
331     -147717.781250
332     -148088.906250
333     -148463.750000
334     -148835.562500
335     -149203.890625
336     -149571.937500
337     -149939.875000
338     -150306.656250
339     -150670.531250
340     -151034.250000
341     -151395.390625
342     -151754.156250
343     -152112.843750
344     -152469.781250
345     -152824.031250
346     -153178.875000
347     -153532.234375
348     -153884.421875
349     -154234.078125
350     -154580.312500
351     -154926.453125
352     -155272.062500
353     -155616.531250
354     -155960.187500
355     -156300.078125
356     -156639.734375
357     -156976.031250
358     -157313.468750
359     -157648.562500
360     -157981.468750
361     -158314.734375
362     -158645.531250
363     -158974.875000
364     -159303.250000
365     -159629.828125
366     -159956.593750
367     -160278.953125
368     -160602.812500
369     -160924.000000
370     -161243.828125
371     -161562.093750
372     -161878.468750
373     -162194.593750
374     -162507.937500
375     -162821.062500
376     -163130.625000
377     -163441.359375
378     -163748.125000
379     -164054.250000
380     -164358.671875
381     -164661.718750
382     -164962.890625
383     -165262.578125
384     -165561.218750
385     -165857.625000
386     -166153.656250
387     -166448.281250
388     -166741.187500
389     -167033.703125
390     -167324.062500
391     -167611.734375
392     -167899.218750
393     -168184.531250
394     -168468.406250
395     -168752.218750
396     -169033.921875
397     -169315.250000
398     -169593.125000
399     -169870.109375
400     -170145.812500
401     -170419.875000
402     -170691.968750
403     -170961.609375
404     -171231.375000
405     -171498.593750
406     -171764.359375
407     -172028.078125
408     -172290.593750
409     -172552.765625
410     -172812.218750
411     -173071.609375
412     -173328.375000
413     -173583.484375
414     -173837.703125
415     -174091.734375
416     -174342.812500
417     -174592.531250
418     -174841.250000
419     -175087.312500
420     -175332.906250
421     -175577.953125
422     -175821.875000
423     -176062.906250
424     -176303.687500
425     -176541.515625
426     -176778.531250
427     -177015.015625
428     -177248.578125
429     -177479.937500
430     -177712.187500
431     -177940.906250
432     -178168.781250
433     -178395.984375
434     -178622.093750
435     -178847.421875
436     -179069.250000
437     -179290.375000
438     -179510.156250
439     -179728.281250
440     -179946.843750
441     -180164.656250
442     -180379.593750
443     -180593.671875
444     -180805.734375
445     -181016.093750
446     -181225.656250
447     -181434.765625
448     -181641.093750
449     -181846.187500
450     -182050.234375
451     -182252.812500
452     -182455.062500
453     -182654.718750
454     -182853.406250
455     -183051.546875
456     -183248.500000
457     -183444.593750
458     -183637.640625
459     -183828.859375
460     -184021.312500
461     -184212.437500
462     -184402.046875
463     -184589.593750
464     -184775.875000
465     -184960.937500
466     -185144.687500
467     -185327.140625
468     -185509.031250
469     -185689.687500
470     -185868.468750
471     -186047.218750
472     -186224.906250
473     -186399.453125
474     -186574.218750
475     -186746.546875
476     -186919.578125
477     -187089.812500
478     -187260.453125
479     -187428.562500
480     -187596.859375
481     -187762.656250
482     -187927.906250
483     -188091.437500
484     -188254.218750
485     -188415.921875
486     -188575.750000
487     -188735.750000
488     -188893.515625
489     -189051.671875
490     -189206.484375
491     -189361.437500
492     -189514.656250
493     -189668.062500
494     -189819.953125
495     -189969.578125
496     -190119.437500
497     -190266.609375
498     -190413.125000
499     -190559.546875
500     -190704.546875
501     -190847.312500
502     -190990.281250
503     -191131.343750
504     -191270.937500
505     -191409.750000
506     -191547.000000
507     -191682.734375
508     -191817.937500
509     -191951.843750
510     -192083.812500
511     -192216.656250
512     -192346.656250
513     -192476.031250
514     -192605.750000
515     -192732.312500
516     -192859.468750
517     -192984.531250
518     -193109.062500
519     -193232.093750
520     -193354.656250
521     -193476.578125
522     -193596.656250
523     -193715.937500
524     -193835.015625
525     -193951.781250
526     -194068.312500
527     -194184.968750
528     -194298.343750
529     -194411.906250
530     -194525.546875
531     -194637.500000
532     -194748.531250
533     -194858.546875
534     -194967.062500
535     -195075.796875
536     -195183.625000
537     -195291.515625
538     -195396.843750
539     -195501.500000
540     -195606.953125
541     -195710.500000
542     -195812.468750
543     -195913.921875
544     -196015.000000
545     -196115.984375
546     -196214.812500
547     -196313.875000
548     -196411.625000
549     -196508.421875
550     -196604.343750
551     -196699.531250
552     -196794.296875
553     -196886.750000
554     -196978.734375
555     -197071.125000
556     -197161.250000
557     -197252.125000
558     -197342.093750
559     -197429.296875
560     -197518.296875
561     -197605.343750
562     -197691.687500
563     -197778.062500
564     -197862.031250
565     -197945.656250
566     -198028.078125
567     -198108.656250
568     -198190.578125
569     -198271.093750
570     -198351.062500
571     -198429.250000
572     -198508.203125
573     -198585.687500
574     -198662.375000
575     -198738.406250
576     -198813.421875
577     -198888.156250
578     -198961.281250
579     -199034.515625
580     -199107.312500
581     -199179.671875
582     -199250.500000
583     -199321.593750
584     -199391.718750
585     -199460.312500
586     -199528.562500
587     -199597.234375
588     -199664.375000
589     -199731.625000
590     -199798.156250
591     -199863.687500
592     -199929.156250
593     -199992.781250
594     -200057.531250
595     -200122.031250
596     -200184.781250
597     -200247.031250
598     -200309.875000
599     -200370.437500
600     -200431.250000
601     -200492.437500
602     -200552.406250
603     -200611.125000
604     -200669.812500
605     -200728.531250
606     -200786.296875
607     -200843.328125
608     -200899.750000
609     -200955.593750
610     -201011.734375
611     -201066.812500
612     -201121.265625
613     -201175.187500
614     -201229.875000
615     -201282.125000
616     -201335.687500
617     -201388.171875
618     -201440.093750
619     -201491.312500
620     -201541.968750
621     -201592.546875
622     -201642.656250
623     -201693.203125
624     -201742.062500
625     -201791.375000
626     -201840.140625
627     -201887.656250
628     -201935.421875
629     -201982.843750
630     -202029.109375
631     -202075.531250
632     -202121.609375
633     -202167.234375
634     -202211.593750
635     -202256.750000
636     -202300.437500
637     -202344.406250
638     -202387.625000
639     -202431.250000
640     -202473.593750
641     -202516.125000
642     -202557.640625
643     -202599.234375
644     -202640.281250
645     -202681.765625
646     -202721.546875
647     -202762.250000
648     -202802.031250
649     -202841.593750
650     -202880.187500
651     -202919.312500
652     -202957.218750
653     -202995.312500
654     -203032.562500
655     -203069.312500
656     -203106.343750
657     -203142.781250
658     -203178.687500
659     -203214.640625
660     -203249.843750
661     -203285.406250
662     -203319.968750
663     -203354.000000
664     -203388.171875
665     -203422.093750
666     -203455.531250
667     -203488.718750
668     -203522.312500
669     -203555.093750
670     -203588.062500
671     -203619.968750
672     -203652.390625
673     -203684.234375
674     -203715.390625
675     -203747.078125
676     -203777.500000
677     -203808.250000
678     -203837.937500
679     -203868.609375
680     -203898.203125
681     -203927.656250
682     -203957.000000
683     -203986.000000
684     -204014.765625
685     -204043.250000
686     -204071.234375
687     -204099.296875
688     -204127.265625
689     -204154.343750
690     -204181.453125
691     -204208.781250
692     -204235.593750
693     -204261.906250
694     -204288.437500
695     -204314.250000
696     -204340.156250
697     -204365.656250
698     -204390.968750
699     -204416.125000
700     -204440.937500
701     -204465.718750
702     -204490.312500
703     -204514.984375
704     -204538.843750
705     -204562.812500
706     -204587.203125
707     -204611.109375
708     -204634.437500
709     -204657.812500
710     -204681.187500
711     -204704.187500
712     -204727.734375
713     -204750.828125
714     -204773.312500
715     -204795.656250
716     -204818.562500
717     -204840.828125
718     -204862.968750
719     -204885.250000
720     -204906.843750
721     -204928.671875
722     -204950.125000
723     -204971.343750
724     -204992.640625
725     -205013.843750
726     -205033.921875
727     -205054.781250
728     -205074.765625
729     -205095.390625
730     -205115.187500
731     -205135.343750
732     -205155.218750
733     -205175.218750
734     -205194.734375
735     -205214.375000
736     -205233.843750
737     -205253.031250
738     -205272.687500
739     -205291.359375
740     -205310.515625
741     -205329.421875
742     -205348.375000
743     -205367.093750
744     -205385.500000
745     -205403.968750
746     -205422.078125
747     -205440.359375
748     -205458.406250
749     -205475.796875
750     -205493.578125
751     -205511.281250
752     -205528.593750
753     -205546.296875
754     -205563.734375
755     -205580.859375
756     -205597.875000
757     -205614.843750
758     -205631.375000
759     -205648.687500
760     -205665.312500
761     -205681.500000
762     -205698.437500
763     -205715.078125
764     -205731.218750
765     -205747.640625
766     -205763.968750
767     -205779.750000
768     -205795.750000
769     -205811.468750
770     -205827.359375
771     -205843.125000
772     -205858.718750
773     -205874.406250
774     -205889.375000
775     -205904.781250
776     -205919.875000
777     -205935.250000
778     -205950.031250
779     -205964.875000
780     -205979.968750
781     -205994.656250
782     -206009.437500
783     -206023.781250
784     -206038.359375
785     -206052.875000
786     -206067.281250
787     -206081.437500
788     -206095.484375
789     -206109.625000
790     -206123.718750
791     -206137.484375
792     -206151.437500
793     -206165.046875
794     -206178.781250
795     -206192.218750
796     -206205.718750
797     -206219.125000
798     -206232.468750
799     -206245.875000
800     -206258.812500
801     -206272.203125
802     -206285.218750
803     -206298.093750
804     -206311.156250
805     -206323.890625
806     -206336.718750
807     -206349.656250
808     -206362.000000
809     -206375.031250
810     -206387.281250
811     -206399.718750
812     -206412.250000
813     -206424.562500
814     -206436.828125
815     -206448.906250
816     -206461.062500
817     -206472.734375
818     -206484.859375
819     -206496.500000
820     -206508.312500
821     -206520.156250
822     -206531.906250
823     -206543.531250
824     -206555.062500
825     -206566.593750
826     -206578.203125
827     -206589.375000
828     -206600.875000
829     -206611.843750
830     -206623.375000
831     -206634.562500
832     -206645.656250
833     -206656.812500
834     -206667.750000
835     -206678.593750
836     -206689.500000
837     -206700.593750
838     -206711.375000
839     -206722.296875
840     -206732.812500
841     -206743.359375
842     -206753.812500
843     -206764.500000
844     -206775.265625
845     -206785.500000
846     -206795.875000
847     -206806.312500
848     -206816.578125
849     -206827.171875
850     -206837.187500
851     -206847.375000
852     -206857.500000
853     -206867.531250
854     -206877.859375
855     -206887.921875
856     -206897.765625
857     -206907.609375
858     -206917.687500
859     -206927.375000
860     -206937.093750
861     -206946.687500
862     -206956.437500
863     -206966.015625
864     -206975.625000
865     -206985.000000
866     -206994.312500
867     -207003.781250
868     -207013.218750
869     -207022.343750
870     -207031.921875
871     -207040.859375
872     -207050.093750
873     -207058.968750
874     -207068.125000
875     -207076.906250
876     -207086.062500
877     -207095.031250
878     -207103.734375
879     -207112.781250
880     -207121.750000
881     -207130.562500
882     -207139.500000
883     -207148.203125
884     -207156.968750
885     -207165.437500
886     -207174.109375
887     -207182.750000
888     -207191.125000
889     -207199.671875
890     -207208.062500
891     -207216.343750
892     -207224.984375
893     -207233.187500
894     -207241.468750
895     -207249.656250
896     -207257.781250
897     -207266.281250
898     -207274.468750
899     -207282.500000
900     -207290.750000
901     -207298.968750
902     -207306.859375
903     -207314.734375
904     -207322.937500
905     -207331.125000
906     -207338.812500
907     -207346.750000
908     -207354.718750
909     -207362.515625
910     -207370.390625
911     -207378.187500
912     -207385.906250
913     -207393.656250
914     -207401.468750
915     -207409.156250
916     -207416.718750
917     -207424.531250
918     -207432.156250
919     -207439.500000
920     -207447.046875
921     -207454.687500
922     -207462.093750
923     -207469.453125
924     -207476.687500
925     -207483.953125
926     -207491.468750
927     -207498.750000
928     -207506.328125
929     -207513.281250
930     -207520.718750
931     -207527.703125
932     -207534.843750
933     -207541.937500
934     -207549.250000
935     -207556.265625
936     -207563.343750
937     -207570.140625
938     -207577.406250
939     -207584.093750
940     -207591.109375
941     -207598.296875
942     -207605.000000
943     -207612.125000
944     -207618.750000
945     -207625.609375
946     -207632.515625
947     -207639.218750
948     -207646.125000
949     -207652.906250
950     -207659.625000
951     -207666.203125
952     -207673.125000
953     -207679.671875
954     -207686.265625
955     -207693.000000
956     -207699.484375
957     -207706.218750
958     -207712.765625
959     -207719.093750
960     -207725.500000
961     -207732.218750
962     -207738.843750
963     -207745.078125
964     -207751.781250
965     -207758.046875
966     -207764.390625
967     -207770.765625
968     -207777.265625
969     -207783.625000
970     -207790.015625
971     -207796.281250
972     -207802.796875
973     -207808.968750
974     -207815.250000
975     -207821.562500
976     -207827.781250
977     -207834.218750
978     -207840.281250
979     -207846.484375
980     -207852.656250
981     -207859.000000
982     -207865.171875
983     -207871.031250
984     -207877.343750
985     -207883.593750
986     -207889.625000
987     -207895.656250
988     -207901.796875
989     -207907.796875
990     -207913.890625
991     -207920.062500
992     -207925.843750
993     -207932.000000
994     -207937.937500
995     -207943.718750
996     -207949.859375
997     -207955.687500
998     -207961.437500
999     -207967.406250
1000    -207973.187500
1001    -207979.093750
1002    -207984.875000
1003    -207990.687500
1004    -207996.203125
1005    -208001.843750
1006    -208007.718750
1007    -208013.406250
1008    -208018.968750
1009    -208024.468750
1010    -208030.156250
1011    -208035.718750
1012    -208041.343750
1013    -208046.875000
1014    -208052.250000
1015    -208057.812500
1016    -208063.343750
1017    -208068.781250
1018    -208074.343750
1019    -208079.687500
1020    -208085.375000
1021    -208090.812500
1022    -208096.062500
1023    -208101.625000
1024    -208107.046875
1025    -208112.593750
1026    -208117.718750
1027    -208123.156250
1028    -208128.500000
1029    -208133.734375
1030    -208139.125000
1031    -208144.562500
1032    -208149.937500
1033    -208155.031250
1034    -208160.531250
1035    -208165.765625
1036    -208171.062500
1037    -208176.312500
1038    -208181.515625
1039    -208186.718750
1040    -208192.000000
1041    -208197.171875
1042    -208202.359375
1043    -208207.562500
1044    -208212.671875
1045    -208217.812500
1046    -208223.062500
1047    -208228.203125
1048    -208233.468750
1049    -208238.562500
1050    -208243.734375
1051    -208248.671875
1052    -208253.968750
1053    -208259.187500
1054    -208264.000000
1055    -208269.312500
1056    -208274.187500
1057    -208279.468750
1058    -208284.390625
1059    -208289.609375
1060    -208294.562500
1061    -208299.718750
1062    -208304.625000
1063    -208309.703125
1064    -208314.843750
1065    -208320.000000
1066    -208324.937500
1067    -208329.968750
1068    -208334.859375
1069    -208340.031250
1070    -208345.046875
1071    -208350.093750
1072    -208354.968750
1073    -208360.062500
1074    -208365.234375
1075    -208370.093750
1076    -208374.859375
1077    -208379.812500
1078    -208384.859375
1079    -208389.890625
1080    -208394.718750
1081    -208399.687500
1082    -208404.703125
1083    -208409.640625
1084    -208414.562500
1085    -208419.515625
1086    -208424.312500
1087    -208429.375000
1088    -208434.203125
1089    -208439.031250
1090    -208444.125000
1091    -208449.140625
1092    -208453.875000
1093    -208458.906250
1094    -208463.859375
1095    -208468.765625
1096    -208473.593750
1097    -208478.562500
1098    -208483.406250
1099    -208488.406250
1100    -208493.171875
1101    -208498.078125
1102    -208503.000000
1103    -208507.750000
1104    -208512.687500
1105    -208517.468750
1106    -208522.343750
1107    -208527.140625
1108    -208532.062500
1109    -208536.953125
1110    -208541.718750
1111    -208546.625000
1112    -208551.468750
1113    -208556.375000
1114    -208561.093750
1115    -208565.812500
1116    -208570.671875
1117    -208575.625000
1118    -208580.468750
1119    -208585.125000
1120    -208590.093750
1121    -208594.875000
1122    -208599.656250
1123    -208604.625000
1124    -208609.312500
1125    -208614.046875
1126    -208619.000000
1127    -208623.718750
1128    -208628.500000
1129    -208633.187500
1130    -208638.000000
1131    -208642.656250
1132    -208647.468750
1133    -208652.046875
1134    -208657.015625
1135    -208661.578125
1136    -208666.375000
1137    -208670.875000
1138    -208675.812500
1139    -208680.296875
1140    -208685.000000
1141    -208689.531250
1142    -208694.187500
1143    -208698.781250
1144    -208703.500000
1145    -208708.156250
1146    -208712.921875
1147    -208717.296875
1148    -208722.187500
1149    -208726.625000
1150    -208731.375000
1151    -208735.890625
1152    -208740.562500
1153    -208745.093750
1154    -208749.781250
1155    -208754.093750
1156    -208758.765625
1157    -208763.328125
1158    -208767.875000
1159    -208772.343750
1160    -208776.781250
1161    -208781.468750
1162    -208785.843750
1163    -208790.437500
1164    -208794.781250
1165    -208799.421875
1166    -208803.781250
1167    -208808.406250
1168    -208812.843750
1169    -208817.375000
1170    -208821.625000
1171    -208825.937500
1172    -208830.390625
1173    -208834.765625
1174    -208839.468750
1175    -208843.765625
1176    -208848.265625
1177    -208852.562500
1178    -208856.875000
1179    -208861.312500
1180    -208865.843750
1181    -208870.156250
1182    -208874.328125
1183    -208878.937500
1184    -208883.171875
1185    -208887.562500
1186    -208891.812500
1187    -208896.156250
1188    -208900.437500
1189    -208904.796875
1190    -208908.953125
1191    -208913.312500
1192    -208917.500000
1193    -208921.734375
1194    -208926.015625
1195    -208930.156250
1196    -208934.437500
1197    -208938.812500
1198    -208942.890625
1199    -208946.968750
1200    -208951.203125
1201    -208955.343750
1202    -208959.640625
1203    -208963.656250
1204    -208967.921875
1205    -208972.000000
1206    -208976.093750
1207    -208980.187500
1208    -208984.484375
1209    -208988.437500
1210    -208992.437500
1211    -208996.593750
1212    -209000.531250
1213    -209004.593750
1214    -209008.718750
1215    -209012.734375
1216    -209016.765625
1217    -209020.781250
1218    -209024.953125
1219    -209028.656250
1220    -209033.062500
1221    -209036.750000
1222    -209040.671875
1223    -209044.703125
1224    -209048.625000
1225    -209052.781250
1226    -209056.593750
1227    -209060.781250
1228    -209064.359375
1229    -209068.468750
1230    -209072.437500
1231    -209076.468750
1232    -209080.265625
1233    -209084.093750
1234    -209088.062500
1235    -209091.718750
1236    -209095.640625
1237    -209099.578125
1238    -209103.187500
1239    -209107.187500
1240    -209111.000000
1241    -209114.750000
1242    -209118.531250
1243    -209122.390625
1244    -209126.015625
1245    -209129.796875
1246    -209133.640625
1247    -209137.343750
1248    -209141.218750
1249    -209144.890625
1250    -209148.656250
1251    -209152.359375
1252    -209155.953125
1253    -209159.781250
1254    -209163.156250
1255    -209166.984375
1256    -209170.656250
1257    -209174.218750
1258    -209178.031250
1259    -209181.625000
1260    -209185.187500
1261    -209188.796875
1262    -209192.296875
1263    -209195.968750
1264    -209199.531250
1265    -209203.218750
1266    -209206.734375
1267    -209210.406250
1268    -209213.937500
1269    -209217.312500
1270    -209220.828125
1271    -209224.390625
1272    -209227.843750
1273    -209231.343750
1274    -209234.640625
1275    -209238.375000
1276    -209241.781250
1277    -209245.125000
1278    -209248.656250
1279    -209252.156250
1280    -209255.500000
1281    -209258.828125
1282    -209262.203125
1283    -209265.765625
1284    -209269.015625
1285    -209272.562500
1286    -209275.828125
1287    -209279.343750
1288    -209282.687500
1289    -209285.921875
1290    -209289.406250
1291    -209292.703125
1292    -209295.968750
1293    -209299.296875
1294    -209302.796875
1295    -209306.031250
1296    -209309.421875
1297    -209312.750000
1298    -209316.031250
1299    -209319.375000
1300    -209322.625000
1301    -209326.062500
1302    -209329.234375
1303    -209332.640625
1304    -209336.046875
1305    -209339.171875
1306    -209342.375000
1307    -209345.625000
1308    -209348.859375
1309    -209352.156250
1310    -209355.187500
1311    -209358.546875
1312    -209361.734375
1313    -209364.968750
1314    -209368.156250
1315    -209371.203125
1316    -209374.562500
1317    -209377.640625
1318    -209380.718750
1319    -209383.906250
1320    -209387.125000
1321    -209390.312500
1322    -209393.421875
1323    -209396.515625
1324    -209399.625000
1325    -209402.781250
1326    -209406.031250
1327    -209408.968750
1328    -209412.187500
1329    -209415.437500
1330    -209418.375000
1331    -209421.656250
1332    -209424.656250
1333    -209427.625000
1334    -209430.843750
1335    -209433.781250
1336    -209436.875000
1337    -209439.968750
1338    -209443.062500
1339    -209445.968750
1340    -209449.031250
1341    -209452.125000
1342    -209455.171875
1343    -209458.140625
1344    -209461.093750
1345    -209464.343750
1346    -209467.156250
1347    -209470.187500
1348    -209473.140625
1349    -209476.171875
1350    -209479.156250
1351    -209482.156250
1352    -209485.250000
1353    -209488.125000
1354    -209491.031250
1355    -209494.015625
1356    -209496.781250
1357    -209499.781250
1358    -209502.750000
1359    -209505.765625
1360    -209508.609375
1361    -209511.609375
1362    -209514.484375
1363    -209517.437500
1364    -209520.265625
1365    -209523.187500
1366    -209525.906250
1367    -209529.000000
1368    -209531.781250
1369    -209534.718750
1370    -209537.687500
1371    -209540.390625
1372    -209543.546875
1373    -209546.109375
1374    -209548.984375
1375    -209552.000000
1376    -209554.718750
1377    -209557.656250
1378    -209560.437500
1379    -209563.187500
1380    -209566.156250
1381    -209568.937500
1382    -209571.687500
1383    -209574.546875
1384    -209577.359375
1385    -209580.093750
1386    -209582.890625
1387    -209585.625000
1388    -209588.343750
1389    -209591.281250
1390    -209594.093750
1391    -209596.812500
1392    -209599.328125
1393    -209602.250000
1394    -209604.812500
1395    -209607.546875
1396    -209610.062500
1397    -209612.843750
1398    -209615.359375
1399    -209618.125000
1400    -209620.625000
1401    -209623.343750
1402    -209625.968750
1403    -209628.562500
1404    -209631.109375
1405    -209633.750000
1406    -209636.421875
1407    -209639.078125
1408    -209641.625000
1409    -209644.187500
1410    -209646.796875
1411    -209649.281250
1412    -209651.796875
1413    -209654.406250
1414    -209657.015625
1415    -209659.578125
1416    -209662.062500
1417    -209664.625000
1418    -209667.140625
1419    -209669.593750
1420    -209672.046875
1421    -209674.671875
1422    -209677.218750
1423    -209679.593750
1424    -209682.000000
1425    -209684.656250
1426    -209687.093750
1427    -209689.515625
1428    -209691.968750
1429    -209694.437500
1430    -209697.046875
1431    -209699.468750
1432    -209701.921875
1433    -209704.250000
1434    -209706.656250
1435    -209709.312500
1436    -209711.703125
1437    -209714.062500
1438    -209716.406250
1439    -209718.937500
1440    -209721.328125
1441    -209723.703125
1442    -209726.187500
1443    -209728.500000
1444    -209730.765625
1445    -209733.218750
1446    -209735.781250
1447    -209738.187500
1448    -209740.468750
1449    -209742.703125
1450    -209745.140625
1451    -209747.578125
1452    -209749.875000
1453    -209752.359375
1454    -209754.718750
1455    -209756.937500
1456    -209759.281250
1457    -209761.781250
1458    -209764.015625
1459    -209766.468750
1460    -209768.656250
1461    -209770.875000
1462    -209773.421875
1463    -209775.703125
1464    -209777.875000
1465    -209780.234375
1466    -209782.562500
1467    -209784.984375
1468    -209787.203125
1469    -209789.531250
1470    -209791.781250
1471    -209794.062500
1472    -209796.531250
1473    -209798.687500
1474    -209800.828125
1475    -209803.250000
1476    -209805.500000
1477    -209807.703125
1478    -209810.125000
1479    -209812.171875
1480    -209814.609375
1481    -209816.656250
1482    -209819.125000
1483    -209821.250000
1484    -209823.500000
1485    -209825.687500
1486    -209827.937500
1487    -209830.156250
1488    -209832.375000
1489    -209834.609375
1490    -209836.687500
1491    -209838.937500
1492    -209841.218750
1493    -209843.343750
1494    -209845.656250
1495    -209847.796875
1496    -209850.000000
1497    -209852.218750
1498    -209854.343750
1499    -209856.468750
1500    -209858.593750
1501    -209860.750000
1502    -209863.031250
1503    -209865.156250
1504    -209867.265625
1505    -209869.343750
1506    -209871.656250
1507    -209873.703125
1508    -209875.750000
1509    -209877.875000
1510    -209880.046875
1511    -209882.218750
1512    -209884.312500
1513    -209886.437500
1514    -209888.437500
1515    -209890.734375
1516    -209892.765625
1517    -209894.843750
1518    -209896.968750
1519    -209899.140625
1520    -209901.218750
1521    -209903.281250
1522    -209905.500000
1523    -209907.546875
1524    -209909.593750
1525    -209911.656250
1526    -209913.812500
1527    -209915.718750
1528    -209917.968750
1529    -209920.109375
1530    -209922.125000
1531    -209924.109375
1532    -209926.125000
1533    -209928.312500
1534    -209930.343750
1535    -209932.312500
1536    -209934.453125
1537    -209936.468750
1538    -209938.656250
1539    -209940.578125
1540    -209942.625000
1541    -209944.640625
1542    -209946.625000
1543    -209948.703125
1544    -209950.703125
1545    -209952.703125
1546    -209954.843750
1547    -209956.906250
1548    -209958.812500
1549    -209960.812500
1550    -209962.718750
1551    -209964.875000
1552    -209966.812500
1553    -209968.828125
1554    -209970.875000
1555    -209972.781250
1556    -209974.781250
1557    -209976.718750
1558    -209978.796875
1559    -209980.656250
1560    -209982.656250
1561    -209984.687500
1562    -209986.593750
1563    -209988.718750
1564    -209990.453125
1565    -209992.359375
1566    -209994.375000
1567    -209996.281250
1568    -209998.390625
1569    -210000.234375
1570    -210002.015625
1571    -210004.015625
1572    -210005.968750
1573    -210007.906250
1574    -210009.875000
1575    -210011.906250
1576    -210013.703125
1577    -210015.437500
1578    -210017.421875
1579    -210019.343750
1580    -210021.406250
1581    -210023.218750
1582    -210025.187500
1583    -210026.859375
1584    -210028.984375
1585    -210030.875000
1586    -210032.656250
1587    -210034.562500
