1_data_1000
-1.96834e+04 -1.88705e+04 -1.94731e+04 -2.07447e+04 -1.88490e+04 
-1.97270e+04 -1.88886e+04 -1.94944e+04 -2.07679e+04 -1.88556e+04 
-1.98894e+04 -1.90549e+04 -1.95566e+04 -2.08171e+04 -1.89029e+04 
-1.99128e+04 -1.90934e+04 -1.96504e+04 -2.08206e+04 -1.89261e+04 
-1.99258e+04 -1.90928e+04 -1.96567e+04 -2.08206e+04 -1.89261e+04 
-1.99258e+04 -1.91091e+04 -1.96699e+04 -2.08206e+04 -1.89261e+04 

2_data_6000
-2.79356e+05 -2.80011e+05 -2.83437e+05 -2.74169e+05 -2.69303e+05 
-2.79978e+05 -2.80602e+05 -2.83767e+05 -2.74615e+05 -2.70048e+05 
-2.80857e+05 -2.82214e+05 -2.85242e+05 -2.75861e+05 -2.71955e+05 
-2.81933e+05 -2.83315e+05 -2.86160e+05 -2.77738e+05 -2.73778e+05 
-2.82313e+05 -2.83463e+05 -2.86890e+05 -2.77738e+05 -2.74202e+05 
-2.82543e+05 -2.83518e+05 -2.86890e+05 -2.77738e+05 -2.74202e+05 

3_data_25000
-2.35612e+06 -2.32358e+06 -2.35843e+06 -2.35900e+06 -2.36699e+06 
-2.36084e+06 -2.32870e+06 -2.36320e+06 -2.36370e+06 -2.37095e+06 
-2.37705e+06 -2.34368e+06 -2.37794e+06 -2.37998e+06 -2.38777e+06 
-2.38623e+06 -2.35658e+06 -2.38829e+06 -2.39175e+06 -2.39816e+06 
-2.39139e+06 -2.35937e+06 -2.39451e+06 -2.39465e+06 -2.40347e+06 
-2.39261e+06 -2.36011e+06 -2.39453e+06 -2.39906e+06 -2.40448e+06 


