Step            Loss
--------------------
1         149.091217
2         121.258270
3          93.422241
4          65.582916
5          37.740387
6           9.894188
7         -17.956154
8         -45.811081
9         -73.671440
10       -101.537598
11       -129.410217
12       -157.290192
13       -185.178207
14       -213.075012
15       -240.981445
16       -268.898132
17       -296.826141
18       -324.765930
19       -352.718384
20       -380.684204
21       -408.664154
22       -436.659058
23       -464.669434
24       -492.696350
25       -520.740601
26       -548.802856
27       -576.884033
28       -604.984863
29       -633.106201
30       -661.249084
31       -689.414429
32       -717.602905
33       -745.815613
34       -774.053467
35       -802.317261
36       -830.608276
37       -858.927002
38       -887.274597
39       -915.652039
40       -944.060303
41       -972.500366
42      -1000.972900
43      -1029.479004
44      -1058.019531
45      -1086.595459
46      -1115.207764
47      -1143.857178
48      -1172.544678
49      -1201.271118
50      -1230.037354
51      -1258.843994
52      -1287.692383
53      -1316.582764
54      -1345.516357
55      -1374.493530
56      -1403.515625
57      -1432.583008
58      -1461.696167
59      -1490.855957
60      -1520.063477
61      -1549.318848
62      -1578.623169
63      -1607.976562
64      -1637.379883
65      -1666.833984
66      -1696.339111
67      -1725.895508
68      -1755.504272
69      -1785.165283
70      -1814.879761
71      -1844.647461
72      -1874.469116
73      -1904.344971
74      -1934.275513
75      -1964.260742
76      -1994.301758
77      -2024.398193
78      -2054.550293
79      -2084.758789
80      -2115.023438
81      -2145.344727
82      -2175.722412
83      -2206.157471
84      -2236.649414
85      -2267.198242
86      -2297.804199
87      -2328.467529
88      -2359.188232
89      -2389.966309
90      -2420.801514
91      -2451.694092
92      -2482.644043
93      -2513.650879
94      -2544.714844
95      -2575.835938
96      -2607.013916
97      -2638.248535
98      -2669.539551
99      -2700.886719
100     -2732.290283
101     -2763.749512
102     -2795.264648
103     -2826.834961
104     -2858.460449
105     -2890.140625
106     -2921.875244
107     -2953.664062
108     -2985.506836
109     -3017.402832
110     -3049.351807
111     -3081.353027
112     -3113.407227
113     -3145.512451
114     -3177.668945
115     -3209.876709
116     -3242.134277
117     -3274.442139
118     -3306.798828
119     -3339.204590
120     -3371.658691
121     -3404.160156
122     -3436.708740
123     -3469.303955
124     -3501.945312
125     -3534.631348
126     -3567.362549
127     -3600.137451
128     -3632.956543
129     -3665.817383
130     -3698.720947
131     -3731.665771
132     -3764.651123
133     -3797.676758
134     -3830.741211
135     -3863.844482
136     -3896.985352
137     -3930.163574
138     -3963.378418
139     -3996.628174
140     -4029.913330
141     -4063.232178
142     -4096.584473
143     -4129.969727
144     -4163.385254
145     -4196.832520
146     -4230.309082
147     -4263.813477
148     -4297.346680
149     -4330.906250
150     -4364.485352
151     -4398.090820
152     -4431.721191
153     -4465.375488
154     -4499.053223
155     -4532.752930
156     -4566.474609
157     -4600.216797
158     -4633.978516
159     -4667.759277
160     -4701.558105
161     -4735.374023
162     -4769.206055
163     -4803.045898
164     -4836.889648
165     -4870.746582
166     -4904.616211
167     -4938.497070
168     -4972.388672
169     -5006.290039
170     -5040.200195
171     -5074.117676
172     -5108.042480
173     -5141.973145
174     -5175.909180
175     -5209.849121
176     -5243.791992
177     -5277.737305
178     -5311.684570
179     -5345.631836
180     -5379.578613
181     -5413.523926
182     -5447.466797
183     -5481.406738
184     -5515.342285
185     -5549.272949
186     -5583.197266
187     -5617.115234
188     -5651.024414
189     -5684.925781
190     -5718.816895
191     -5752.697754
192     -5786.567383
193     -5820.424316
194     -5854.267578
195     -5888.075195
196     -5921.864258
197     -5955.637695
198     -5989.394531
199     -6023.133789
200     -6056.854492
201     -6090.555664
202     -6124.236816
203     -6157.896973
204     -6191.535156
205     -6225.150391
206     -6258.741699
207     -6292.309570
208     -6325.851562
209     -6359.367188
210     -6392.855469
211     -6426.316895
212     -6459.749023
213     -6493.140625
214     -6526.483398
215     -6559.795410
216     -6593.076172
217     -6626.324219
218     -6659.538086
219     -6692.718750
220     -6725.864258
221     -6758.973633
222     -6792.047363
223     -6825.083496
224     -6858.082031
225     -6891.041504
226     -6923.961914
227     -6956.841797
228     -6989.681641
229     -7022.479004
230     -7055.234375
231     -7087.947266
232     -7120.616211
233     -7153.240723
234     -7185.820312
235     -7218.354492
236     -7250.837402
237     -7283.270508
238     -7315.651367
239     -7347.973633
240     -7380.238281
241     -7412.454102
242     -7444.603516
243     -7476.696289
244     -7508.734375
245     -7540.711426
246     -7572.636719
247     -7604.508301
248     -7636.325684
249     -7668.073242
250     -7699.738281
251     -7731.340820
252     -7762.884766
253     -7794.372070
254     -7825.802246
255     -7857.174316
256     -7888.474609
257     -7919.664062
258     -7950.788086
259     -7981.837891
260     -8012.827637
261     -8043.755859
262     -8074.599609
263     -8105.343750
264     -8136.024414
265     -8166.615723
266     -8197.144531
267     -8227.609375
268     -8258.009766
269     -8288.345703
270     -8318.617188
271     -8348.821289
272     -8378.935547
273     -8408.983398
274     -8438.964844
275     -8468.878906
276     -8498.726562
277     -8528.492188
278     -8558.175781
279     -8587.759766
280     -8617.257812
281     -8646.687500
282     -8676.046875
283     -8705.333008
284     -8734.537109
285     -8763.655273
286     -8792.695312
287     -8821.662109
288     -8850.544922
289     -8879.348633
290     -8908.072266
291     -8936.706055
292     -8965.254883
293     -8993.729492
294     -9022.130859
295     -9050.458008
296     -9078.710938
297     -9106.875000
298     -9134.937500
299     -9162.911133
300     -9190.774414
301     -9218.514648
302     -9246.180664
303     -9273.761719
304     -9301.268555
305     -9328.698242
306     -9356.049805
307     -9383.303711
308     -9410.480469
309     -9437.572266
310     -9464.558594
311     -9491.463867
312     -9518.273438
313     -9544.999023
314     -9571.576172
315     -9598.037109
316     -9624.395508
317     -9650.666016
318     -9676.836914
319     -9702.921875
320     -9728.915039
321     -9754.824219
322     -9780.636719
323     -9806.350586
324     -9831.972656
325     -9857.511719
326     -9882.945312
327     -9908.300781
328     -9933.578125
329     -9958.769531
330     -9983.872070
331     -10008.873047
332     -10033.744141
333     -10058.530273
334     -10083.231445
335     -10107.849609
336     -10132.361328
337     -10156.746094
338     -10181.016602
339     -10205.202148
340     -10229.308594
341     -10253.337891
342     -10277.289062
343     -10301.162109
344     -10324.955078
345     -10348.636719
346     -10372.227539
347     -10395.738281
348     -10419.169922
349     -10442.519531
350     -10465.718750
351     -10488.820312
352     -10511.843750
353     -10534.774414
354     -10557.596680
355     -10580.333008
356     -10602.986328
357     -10625.535156
358     -10647.982422
359     -10670.343750
360     -10692.628906
361     -10714.810547
362     -10736.902344
363     -10758.911133
364     -10780.817383
365     -10802.582031
366     -10824.213867
367     -10845.728516
368     -10867.158203
369     -10888.458984
370     -10909.667969
371     -10930.799805
372     -10951.830078
373     -10972.719727
374     -10993.501953
375     -11014.188477
376     -11034.787109
377     -11055.310547
378     -11075.761719
379     -11096.087891
380     -11116.241211
381     -11136.289062
382     -11156.255859
383     -11176.144531
384     -11195.953125
385     -11215.626953
386     -11235.152344
387     -11254.603516
388     -11273.974609
389     -11293.261719
390     -11312.471680
391     -11331.599609
392     -11350.640625
393     -11369.603516
394     -11388.496094
395     -11407.291992
396     -11426.000977
397     -11444.632812
398     -11463.175781
399     -11481.591797
400     -11499.876953
401     -11518.062500
402     -11536.134766
403     -11554.123047
404     -11572.011719
405     -11589.830078
406     -11607.581055
407     -11625.251953
408     -11642.837891
409     -11660.353516
410     -11677.790039
411     -11695.156250
412     -11712.443359
413     -11729.570312
414     -11746.609375
415     -11763.572266
416     -11780.437500
417     -11797.230469
418     -11813.937500
419     -11830.536133
420     -11847.041992
421     -11863.441406
422     -11879.744141
423     -11895.968750
424     -11912.068359
425     -11928.023438
426     -11943.890625
427     -11959.689453
428     -11975.426758
429     -11991.090820
430     -12006.661133
431     -12022.104492
432     -12037.450195
433     -12052.725586
434     -12067.914062
435     -12083.008789
436     -12097.978516
437     -12112.888672
438     -12127.724609
439     -12142.437500
440     -12157.076172
441     -12171.609375
442     -12186.021484
443     -12200.344727
444     -12214.561523
445     -12228.724609
446     -12242.815430
447     -12256.838867
448     -12270.799805
449     -12284.690430
450     -12298.472656
451     -12312.150391
452     -12325.708984
453     -12339.169922
454     -12352.541992
455     -12365.822266
456     -12378.996094
457     -12392.075195
458     -12405.074219
459     -12418.014648
460     -12430.906250
461     -12443.728516
462     -12456.483398
463     -12469.167969
464     -12481.763672
465     -12494.304688
466     -12506.765625
467     -12519.125000
468     -12531.380859
469     -12543.505859
470     -12555.521484
471     -12567.470703
472     -12579.365234
473     -12591.202148
474     -12602.956055
475     -12614.625000
476     -12626.195312
477     -12637.688477
478     -12649.107422
479     -12660.430664
480     -12671.698242
481     -12682.878906
482     -12694.006836
483     -12705.074219
484     -12716.070312
485     -12727.001953
486     -12737.833984
487     -12748.603516
488     -12759.291016
489     -12769.919922
490     -12780.472656
491     -12790.945312
492     -12801.371094
493     -12811.717773
494     -12821.976562
495     -12832.183594
496     -12842.332031
497     -12852.404297
498     -12862.372070
499     -12872.272461
500     -12882.101562
501     -12891.873047
502     -12901.566406
503     -12911.189453
504     -12920.736328
505     -12930.238281
506     -12939.691406
507     -12949.050781
508     -12958.316406
509     -12967.547852
510     -12976.726562
511     -12985.853516
512     -12994.923828
513     -13003.958984
514     -13012.925781
515     -13021.833984
516     -13030.682617
517     -13039.466797
518     -13048.185547
519     -13056.845703
520     -13065.427734
521     -13073.966797
522     -13082.449219
523     -13090.876953
524     -13099.265625
525     -13107.592773
526     -13115.841797
527     -13124.007812
528     -13132.099609
529     -13140.125000
530     -13148.094727
531     -13156.024414
532     -13163.916016
533     -13171.744141
534     -13179.500000
535     -13187.179688
536     -13194.799805
537     -13202.360352
538     -13209.833984
539     -13217.215820
540     -13224.546875
541     -13231.788086
542     -13238.950195
543     -13246.065430
544     -13253.122070
545     -13260.119141
546     -13267.074219
547     -13273.916016
548     -13280.693359
549     -13287.437500
550     -13294.128906
551     -13300.759766
552     -13307.299805
553     -13313.783203
554     -13320.226562
555     -13326.624023
556     -13332.958984
557     -13339.241211
558     -13345.451172
559     -13351.570312
560     -13357.648438
561     -13363.701172
562     -13369.711914
563     -13375.664062
564     -13381.581055
565     -13387.443359
566     -13393.257812
567     -13399.001953
568     -13404.662109
569     -13410.285156
570     -13415.868164
571     -13421.426758
572     -13426.932617
573     -13432.378906
574     -13437.791992
575     -13443.159180
576     -13448.476562
577     -13453.757812
578     -13458.998047
579     -13464.172852
580     -13469.277344
581     -13474.354492
582     -13479.374023
583     -13484.363281
584     -13489.304688
585     -13494.203125
586     -13499.015625
587     -13503.798828
588     -13508.551758
589     -13513.263672
590     -13517.943359
591     -13522.591797
592     -13527.199219
593     -13531.749023
594     -13536.261719
595     -13540.725586
596     -13545.150391
597     -13549.485352
598     -13553.754883
599     -13557.964844
600     -13562.130859
601     -13566.273438
602     -13570.402344
603     -13574.518555
604     -13578.599609
605     -13582.629883
606     -13586.612305
607     -13590.574219
608     -13594.491211
609     -13598.371094
610     -13602.227539
611     -13606.035156
612     -13609.819336
613     -13613.560547
614     -13617.253906
615     -13620.916016
616     -13624.565430
617     -13628.191406
618     -13631.798828
619     -13635.396484
620     -13638.968750
621     -13642.521484
622     -13646.048828
623     -13649.556641
624     -13653.038086
625     -13656.481445
626     -13659.879883
627     -13663.238281
628     -13666.582031
629     -13669.890625
630     -13673.177734
631     -13676.430664
632     -13679.673828
633     -13682.867188
634     -13685.980469
635     -13689.041016
636     -13692.050781
637     -13695.042969
638     -13698.015625
639     -13700.969727
640     -13703.912109
641     -13706.839844
642     -13709.740234
643     -13712.591797
644     -13715.434570
645     -13718.267578
646     -13721.083984
647     -13723.882812
648     -13726.666016
649     -13729.420898
650     -13732.160156
651     -13734.887695
652     -13737.606445
653     -13740.317383
654     -13742.977539
655     -13745.621094
656     -13748.256836
657     -13750.871094
658     -13753.458984
659     -13755.996094
660     -13758.524414
661     -13761.035156
662     -13763.534180
663     -13766.027344
664     -13768.498047
665     -13770.945312
666     -13773.374023
667     -13775.784180
668     -13778.184570
669     -13780.575195
670     -13782.957031
671     -13785.314453
672     -13787.626953
673     -13789.880859
674     -13792.114258
675     -13794.337891
676     -13796.542969
677     -13798.730469
678     -13800.910156
679     -13803.069336
680     -13805.222656
681     -13807.365234
682     -13809.466797
683     -13811.552734
684     -13813.618164
685     -13815.666016
686     -13817.707031
687     -13819.731445
688     -13821.738281
689     -13823.728516
690     -13825.713867
691     -13827.685547
692     -13829.642578
693     -13831.593750
694     -13833.537109
695     -13835.474609
696     -13837.375000
697     -13839.250977
698     -13841.107422
699     -13842.929688
700     -13844.737305
701     -13846.531250
702     -13848.316406
703     -13850.096680
704     -13851.873047
705     -13853.644531
706     -13855.398438
707     -13857.136719
708     -13858.867188
709     -13860.586914
710     -13862.291992
711     -13863.980469
712     -13865.660156
713     -13867.335938
714     -13868.987305
715     -13870.620117
716     -13872.231445
717     -13873.822266
718     -13875.376953
719     -13876.908203
720     -13878.424805
721     -13879.922852
722     -13881.410156
723     -13882.887695
724     -13884.352539
725     -13885.801758
726     -13887.242188
727     -13888.679688
728     -13890.107422
729     -13891.521484
730     -13892.905273
731     -13894.270508
732     -13895.627930
733     -13896.974609
734     -13898.300781
735     -13899.609375
736     -13900.908203
737     -13902.199219
738     -13903.484375
739     -13904.761719
740     -13906.029297
741     -13907.295898
742     -13908.555664
743     -13909.814453
744     -13911.064453
745     -13912.302734
746     -13913.535156
747     -13914.738281
748     -13915.930664
749     -13917.121094
750     -13918.302734
751     -13919.473633
752     -13920.634766
753     -13921.791992
754     -13922.944336
755     -13924.087891
756     -13925.228516
757     -13926.367188
758     -13927.492188
759     -13928.607422
760     -13929.721680
761     -13930.832031
762     -13931.940430
763     -13933.042969
764     -13934.134766
765     -13935.216797
766     -13936.292969
767     -13937.365234
768     -13938.437500
769     -13939.496094
770     -13940.541016
771     -13941.581055
772     -13942.603516
773     -13943.611328
774     -13944.606445
775     -13945.593750
776     -13946.578125
777     -13947.560547
778     -13948.533203
779     -13949.505859
780     -13950.467773
781     -13951.427734
782     -13952.378906
783     -13953.328125
784     -13954.273438
785     -13955.212891
786     -13956.149414
787     -13957.082031
788     -13958.001953
789     -13958.920898
790     -13959.836914
791     -13960.750977
792     -13961.664062
793     -13962.575195
794     -13963.484375
795     -13964.392578
796     -13965.298828
797     -13966.203125
798     -13967.107422
799     -13968.005859
800     -13968.894531
801     -13969.773438
802     -13970.644531
803     -13971.501953
804     -13972.355469
805     -13973.198242
806     -13974.037109
807     -13974.875000
808     -13975.710938
809     -13976.544922
810     -13977.375000
811     -13978.191406
812     -13978.998047
813     -13979.803711
814     -13980.607422
815     -13981.410156
816     -13982.210938
817     -13983.011719
818     -13983.801758
819     -13984.588867
820     -13985.375000
821     -13986.155273
822     -13986.933594
823     -13987.708984
824     -13988.480469
825     -13989.248047
826     -13990.013672
827     -13990.776367
828     -13991.535156
829     -13992.263672
830     -13992.987305
831     -13993.709961
832     -13994.431641
833     -13995.150391
834     -13995.867188
835     -13996.581055
836     -13997.287109
837     -13997.983398
838     -13998.669922
839     -13999.344727
840     -14000.017578
841     -14000.690430
842     -14001.362305
843     -14002.032227
844     -14002.701172
845     -14003.369141
846     -14004.032227
847     -14004.693359
848     -14005.349609
849     -14006.002930
850     -14006.655273
851     -14007.300781
852     -14007.940430
853     -14008.575195
854     -14009.203125
855     -14009.827148
856     -14010.451172
857     -14011.073242
858     -14011.695312
859     -14012.314453
860     -14012.933594
861     -14013.548828
862     -14014.161133
863     -14014.773438
864     -14015.382812
865     -14015.991211
866     -14016.599609
867     -14017.203125
868     -14017.802734
869     -14018.400391
870     -14018.996094
871     -14019.593750
872     -14020.187500
873     -14020.783203
874     -14021.375977
875     -14021.967773
876     -14022.552734
877     -14023.136719
878     -14023.717773
879     -14024.300781
880     -14024.880859
881     -14025.459961
882     -14026.038086
883     -14026.615234
884     -14027.191406
885     -14027.767578
886     -14028.340820
887     -14028.910156
888     -14029.476562
889     -14030.041992
890     -14030.606445
891     -14031.168945
892     -14031.726562
893     -14032.281250
894     -14032.833008
895     -14033.379883
896     -14033.925781
897     -14034.469727
898     -14035.013672
899     -14035.556641
900     -14036.092773
901     -14036.624023
902     -14037.143555
903     -14037.658203
904     -14038.171875
905     -14038.683594
906     -14039.195312
907     -14039.706055
908     -14040.214844
909     -14040.724609
910     -14041.231445
911     -14041.738281
912     -14042.244141
913     -14042.748047
914     -14043.249023
915     -14043.746094
916     -14044.242188
917     -14044.736328
918     -14045.228516
919     -14045.715820
920     -14046.201172
921     -14046.683594
922     -14047.166016
923     -14047.645508
924     -14048.125000
925     -14048.601562
926     -14049.079102
927     -14049.552734
928     -14050.028320
929     -14050.501953
930     -14050.970703
931     -14051.437500
932     -14051.904297
933     -14052.370117
934     -14052.834961
935     -14053.298828
936     -14053.760742
937     -14054.220703
938     -14054.677734
939     -14055.127930
940     -14055.574219
941     -14056.018555
942     -14056.461914
943     -14056.903320
944     -14057.344727
945     -14057.785156
946     -14058.224609
947     -14058.662109
948     -14059.099609
949     -14059.537109
950     -14059.972656
951     -14060.407227
952     -14060.840820
953     -14061.272461
954     -14061.701172
955     -14062.128906
956     -14062.552734
957     -14062.976562
958     -14063.397461
959     -14063.820312
960     -14064.238281
961     -14064.655273
962     -14065.071289
963     -14065.486328
964     -14065.901367
965     -14066.315430
966     -14066.728516
967     -14067.136719
968     -14067.542969
969     -14067.950195
970     -14068.351562
971     -14068.744141
972     -14069.136719
973     -14069.527344
974     -14069.916992
975     -14070.306641
976     -14070.695312
977     -14071.083008
978     -14071.468750
979     -14071.853516
980     -14072.236328
981     -14072.619141
982     -14072.999023
983     -14073.377930
984     -14073.757812
985     -14074.135742
986     -14074.512695
987     -14074.888672
988     -14075.260742
989     -14075.628906
990     -14075.996094
991     -14076.363281
992     -14076.728516
993     -14077.085938
994     -14077.437500
995     -14077.788086
996     -14078.137695
997     -14078.488281
998     -14078.837891
999     -14079.185547
1000    -14079.533203
1001    -14079.880859
1002    -14080.228516
1003    -14080.575195
1004    -14080.919922
1005    -14081.265625
1006    -14081.611328
1007    -14081.956055
1008    -14082.299805
1009    -14082.643555
1010    -14082.986328
1011    -14083.330078
1012    -14083.671875
1013    -14084.013672
1014    -14084.355469
1015    -14084.697266
1016    -14085.030273
1017    -14085.361328
1018    -14085.692383
1019    -14086.023438
1020    -14086.352539
1021    -14086.681641
1022    -14087.011719
1023    -14087.340820
1024    -14087.668945
1025    -14087.997070
1026    -14088.324219
1027    -14088.651367
1028    -14088.978516
1029    -14089.302734
1030    -14089.629883
1031    -14089.955078
1032    -14090.280273
1033    -14090.605469
1034    -14090.929688
1035    -14091.253906
1036    -14091.578125
1037    -14091.902344
1038    -14092.224609
1039    -14092.548828
1040    -14092.871094
1041    -14093.194336
1042    -14093.516602
1043    -14093.838867
1044    -14094.161133
1045    -14094.482422
1046    -14094.802734
1047    -14095.124023
1048    -14095.439453
1049    -14095.756836
1050    -14096.072266
1051    -14096.386719
1052    -14096.694336
1053    -14097.001953
1054    -14097.310547
1055    -14097.618164
1056    -14097.925781
1057    -14098.232422
1058    -14098.540039
1059    -14098.847656
1060    -14099.154297
1061    -14099.459961
1062    -14099.767578
1063    -14100.073242
1064    -14100.380859
1065    -14100.686523
1066    -14100.992188
1067    -14101.298828
1068    -14101.604492
1069    -14101.910156
1070    -14102.215820
1071    -14102.521484
1072    -14102.827148
1073    -14103.132812
1074    -14103.437500
1075    -14103.743164
1076    -14104.046875
1077    -14104.349609
1078    -14104.653320
1079    -14104.957031
1080    -14105.259766
1081    -14105.563477
1082    -14105.867188
1083    -14106.169922
1084    -14106.472656
1085    -14106.775391
1086    -14107.078125
1087    -14107.378906
1088    -14107.681641
1089    -14107.983398
1090    -14108.285156
1091    -14108.586914
1092    -14108.888672
1093    -14109.189453
1094    -14109.488281
1095    -14109.783203
1096    -14110.078125
1097    -14110.373047
1098    -14110.667969
1099    -14110.962891
1100    -14111.257812
1101    -14111.553711
1102    -14111.848633
1103    -14112.144531
1104    -14112.439453
1105    -14112.736328
1106    -14113.031250
1107    -14113.324219
1108    -14113.617188
1109    -14113.909180
1110    -14114.200195
1111    -14114.482422
1112    -14114.764648
1113    -14115.046875
1114    -14115.328125
1115    -14115.609375
1116    -14115.890625
1117    -14116.171875
1118    -14116.453125
1119    -14116.736328
1120    -14117.018555
1121    -14117.300781
1122    -14117.583008
1123    -14117.866211
1124    -14118.150391
1125    -14118.433594
1126    -14118.716797
1127    -14119.001953
1128    -14119.287109
1129    -14119.572266
1130    -14119.857422
1131    -14120.144531
1132    -14120.430664
1133    -14120.716797
1134    -14121.004883
1135    -14121.292969
1136    -14121.581055
1137    -14121.869141
1138    -14122.158203
1139    -14122.448242
1140    -14122.736328
1141    -14123.020508
1142    -14123.304688
1143    -14123.587891
1144    -14123.873047
1145    -14124.156250
1146    -14124.441406
1147    -14124.728516
1148    -14125.013672
1149    -14125.298828
1150    -14125.583984
1151    -14125.871094
1152    -14126.158203
1153    -14126.445312
1154    -14126.734375
1155    -14127.021484
1156    -14127.312500
1157    -14127.601562
1158    -14127.892578
1159    -14128.182617
1160    -14128.474609
1161    -14128.766602
1162    -14129.059570
1163    -14129.353516
1164    -14129.646484
1165    -14129.942383
1166    -14130.236328
1167    -14130.533203
1168    -14130.829102
1169    -14131.125977
1170    -14131.423828
1171    -14131.722656
1172    -14132.021484
1173    -14132.322266
1174    -14132.623047
1175    -14132.923828
1176    -14133.226562
1177    -14133.529297
1178    -14133.833984
1179    -14134.138672
1180    -14134.443359
1181    -14134.750000
1182    -14135.056641
1183    -14135.363281
1184    -14135.671875
1185    -14135.979492
1186    -14136.289062
1187    -14136.599609
1188    -14136.910156
1189    -14137.222656
1190    -14137.534180
1191    -14137.847656
1192    -14138.160156
1193    -14138.475586
1194    -14138.786133
1195    -14139.097656
1196    -14139.410156
1197    -14139.722656
1198    -14140.036133
1199    -14140.350586
1200    -14140.662109
1201    -14140.975586
1202    -14141.288086
1203    -14141.601562
1204    -14141.917969
1205    -14142.232422
1206    -14142.548828
1207    -14142.866211
1208    -14143.184570
1209    -14143.503906
1210    -14143.822266
1211    -14144.140625
1212    -14144.458984
1213    -14144.778320
1214    -14145.095703
1215    -14145.412109
1216    -14145.728516
1217    -14146.046875
1218    -14146.366211
1219    -14146.685547
1220    -14147.005859
1221    -14147.328125
1222    -14147.650391
1223    -14147.972656
1224    -14148.293945
1225    -14148.617188
1226    -14148.939453
1227    -14149.261719
1228    -14149.578125
1229    -14149.895508
1230    -14150.212891
1231    -14150.531250
1232    -14150.850586
1233    -14151.169922
1234    -14151.490234
1235    -14151.811523
1236    -14152.132812
1237    -14152.452148
1238    -14152.771484
1239    -14153.091797
1240    -14153.411133
1241    -14153.731445
1242    -14154.052734
1243    -14154.375000
1244    -14154.696289
1245    -14155.019531
1246    -14155.340820
1247    -14155.662109
1248    -14155.983398
1249    -14156.305664
1250    -14156.628906
1251    -14156.951172
1252    -14157.275391
1253    -14157.599609
1254    -14157.922852
1255    -14158.248047
1256    -14158.572266
1257    -14158.897461
1258    -14159.220703
1259    -14159.541992
1260    -14159.863281
1261    -14160.184570
1262    -14160.507812
1263    -14160.829102
1264    -14161.152344
1265    -14161.474609
1266    -14161.798828
1267    -14162.121094
1268    -14162.444336
1269    -14162.769531
1270    -14163.091797
1271    -14163.416016
1272    -14163.740234
1273    -14164.064453
1274    -14164.388672
1275    -14164.712891
1276    -14165.037109
1277    -14165.360352
1278    -14165.684570
1279    -14166.007812
1280    -14166.333008
1281    -14166.657227
1282    -14166.981445
1283    -14167.304688
1284    -14167.629883
1285    -14167.953125
1286    -14168.277344
1287    -14168.601562
1288    -14168.923828
1289    -14169.248047
1290    -14169.572266
1291    -14169.894531
1292    -14170.218750
1293    -14170.539062
1294    -14170.859375
1295    -14171.178711
1296    -14171.498047
1297    -14171.813477
1298    -14172.129883
1299    -14172.445312
1300    -14172.761719
1301    -14173.076172
1302    -14173.390625
1303    -14173.705078
1304    -14174.019531
1305    -14174.333984
1306    -14174.644531
1307    -14174.957031
1308    -14175.267578
1309    -14175.578125
1310    -14175.887695
1311    -14176.197266
1312    -14176.506836
1313    -14176.816406
1314    -14177.125000
1315    -14177.432617
1316    -14177.740234
1317    -14178.046875
1318    -14178.351562
1319    -14178.654297
1320    -14178.958008
1321    -14179.261719
1322    -14179.564453
1323    -14179.865234
1324    -14180.167969
1325    -14180.468750
1326    -14180.769531
1327    -14181.070312
1328    -14181.369141
1329    -14181.667969
1330    -14181.966797
1331    -14182.265625
1332    -14182.563477
1333    -14182.859375
1334    -14183.156250
1335    -14183.453125
1336    -14183.746094
1337    -14184.039062
1338    -14184.332031
1339    -14184.624023
1340    -14184.915039
1341    -14185.206055
1342    -14185.496094
1343    -14185.784180
1344    -14186.071289
1345    -14186.357422
1346    -14186.643555
1347    -14186.927734
1348    -14187.213867
1349    -14187.498047
1350    -14187.780273
1351    -14188.064453
1352    -14188.345703
1353    -14188.625977
1354    -14188.906250
1355    -14189.187500
1356    -14189.464844
1357    -14189.744141
1358    -14190.021484
1359    -14190.298828
1360    -14190.576172
1361    -14190.851562
1362    -14191.127930
1363    -14191.402344
1364    -14191.677734
1365    -14191.951172
1366    -14192.224609
1367    -14192.497070
1368    -14192.769531
1369    -14193.040039
1370    -14193.311523
1371    -14193.582031
1372    -14193.851562
1373    -14194.122070
1374    -14194.389648
1375    -14194.658203
1376    -14194.926758
1377    -14195.193359
1378    -14195.459961
1379    -14195.726562
1380    -14195.992188
1381    -14196.257812
1382    -14196.521484
1383    -14196.786133
1384    -14197.048828
1385    -14197.312500
1386    -14197.575195
1387    -14197.837891
1388    -14198.099609
1389    -14198.360352
1390    -14198.621094
1391    -14198.880859
1392    -14199.139648
1393    -14199.396484
1394    -14199.652344
1395    -14199.908203
1396    -14200.165039
1397    -14200.418945
1398    -14200.673828
1399    -14200.927734
1400    -14201.181641
1401    -14201.434570
1402    -14201.687500
1403    -14201.940430
1404    -14202.193359
1405    -14202.444336
1406    -14202.695312
1407    -14202.945312
1408    -14203.197266
1409    -14203.447266
1410    -14203.697266
1411    -14203.947266
1412    -14204.195312
1413    -14204.444336
1414    -14204.692383
1415    -14204.941406
1416    -14205.188477
1417    -14205.435547
1418    -14205.681641
1419    -14205.926758
1420    -14206.171875
1421    -14206.415039
1422    -14206.658203
1423    -14206.902344
1424    -14207.145508
1425    -14207.388672
1426    -14207.630859
1427    -14207.865234
1428    -14208.101562
1429    -14208.335938
1430    -14208.572266
1431    -14208.805664
1432    -14209.040039
1433    -14209.274414
1434    -14209.507812
1435    -14209.741211
1436    -14209.973633
1437    -14210.207031
1438    -14210.439453
1439    -14210.664062
1440    -14210.884766
1441    -14211.103516
1442    -14211.320312
1443    -14211.539062
1444    -14211.757812
1445    -14211.975586
1446    -14212.193359
1447    -14212.411133
1448    -14212.628906
1449    -14212.845703
1450    -14213.062500
1451    -14213.279297
1452    -14213.494141
1453    -14213.708008
1454    -14213.918945
1455    -14214.130859
1456    -14214.342773
1457    -14214.554688
1458    -14214.765625
1459    -14214.976562
1460    -14215.188477
1461    -14215.399414
1462    -14215.609375
1463    -14215.820312
1464    -14216.031250
1465    -14216.241211
1466    -14216.451172
1467    -14216.662109
1468    -14216.871094
1469    -14217.082031
1470    -14217.291016
1471    -14217.500000
1472    -14217.709961
1473    -14217.919922
1474    -14218.127930
1475    -14218.335938
1476    -14218.544922
1477    -14218.753906
1478    -14218.960938
1479    -14219.167969
1480    -14219.376953
1481    -14219.583984
1482    -14219.791016
1483    -14219.999023
1484    -14220.206055
1485    -14220.413086
1486    -14220.619141
1487    -14220.826172
1488    -14221.032227
1489    -14221.238281
1490    -14221.445312
1491    -14221.650391
1492    -14221.855469
1493    -14222.061523
1494    -14222.266602
1495    -14222.471680
1496    -14222.676758
1497    -14222.880859
1498    -14223.085938
1499    -14223.290039
1500    -14223.494141
1501    -14223.697266
1502    -14223.898438
1503    -14224.098633
1504    -14224.298828
1505    -14224.499023
1506    -14224.699219
1507    -14224.896484
1508    -14225.091797
1509    -14225.286133
1510    -14225.480469
1511    -14225.673828
1512    -14225.867188
1513    -14226.060547
1514    -14226.246094
1515    -14226.427734
1516    -14226.609375
1517    -14226.791016
1518    -14226.970703
1519    -14227.151367
1520    -14227.331055
1521    -14227.511719
1522    -14227.691406
1523    -14227.871094
1524    -14228.049805
1525    -14228.228516
1526    -14228.408203
1527    -14228.587891
1528    -14228.765625
1529    -14228.944336
1530    -14229.122070
1531    -14229.299805
1532    -14229.477539
1533    -14229.654297
1534    -14229.832031
1535    -14230.008789
1536    -14230.185547
1537    -14230.361328
1538    -14230.537109
1539    -14230.712891
1540    -14230.886719
1541    -14231.062500
1542    -14231.236328
1543    -14231.410156
1544    -14231.584961
1545    -14231.757812
1546    -14231.931641
1547    -14232.103516
1548    -14232.277344
1549    -14232.449219
1550    -14232.621094
1551    -14232.791992
1552    -14232.963867
1553    -14233.132812
1554    -14233.301758
1555    -14233.470703
1556    -14233.639648
1557    -14233.804688
1558    -14233.964844
1559    -14234.125000
1560    -14234.284180
1561    -14234.443359
1562    -14234.603516
1563    -14234.761719
1564    -14234.919922
1565    -14235.078125
1566    -14235.236328
1567    -14235.394531
1568    -14235.550781
1569    -14235.708984
1570    -14235.865234
1571    -14236.021484
1572    -14236.177734
1573    -14236.333984
1574    -14236.489258
1575    -14236.644531
1576    -14236.799805
1577    -14236.953125
1578    -14237.104492
1579    -14237.255859
1580    -14237.406250
1581    -14237.558594
1582    -14237.708008
1583    -14237.858398
1584    -14238.007812
1585    -14238.158203
1586    -14238.306641
1587    -14238.456055
1588    -14238.604492
1589    -14238.752930
1590    -14238.901367
1591    -14239.048828
1592    -14239.196289
1593    -14239.343750
1594    -14239.490234
1595    -14239.636719
1596    -14239.783203
1597    -14239.929688
1598    -14240.076172
1599    -14240.220703
1600    -14240.365234
1601    -14240.510742
1602    -14240.655273
1603    -14240.799805
1604    -14240.943359
1605    -14241.087891
1606    -14241.231445
1607    -14241.375000
1608    -14241.517578
1609    -14241.660156
1610    -14241.802734
1611    -14241.944336
1612    -14242.085938
1613    -14242.226562
1614    -14242.368164
1615    -14242.508789
1616    -14242.648438
1617    -14242.789062
1618    -14242.928711
1619    -14243.068359
1620    -14243.208008
1621    -14243.347656
1622    -14243.486328
1623    -14243.625000
1624    -14243.763672
1625    -14243.901367
1626    -14244.039062
1627    -14244.177734
1628    -14244.314453
1629    -14244.453125
1630    -14244.589844
1631    -14244.726562
1632    -14244.863281
1633    -14245.000000
1634    -14245.134766
1635    -14245.271484
1636    -14245.408203
1637    -14245.542969
1638    -14245.679688
1639    -14245.814453
1640    -14245.949219
1641    -14246.083984
1642    -14246.218750
1643    -14246.353516
1644    -14246.488281
1645    -14246.623047
1646    -14246.755859
1647    -14246.890625
1648    -14247.024414
1649    -14247.158203
1650    -14247.291992
1651    -14247.425781
1652    -14247.558594
1653    -14247.691406
1654    -14247.826172
1655    -14247.958008
1656    -14248.091797
1657    -14248.223633
1658    -14248.357422
1659    -14248.489258
1660    -14248.621094
1661    -14248.753906
1662    -14248.886719
1663    -14249.018555
1664    -14249.150391
1665    -14249.283203
1666    -14249.414062
1667    -14249.546875
1668    -14249.677734
1669    -14249.810547
1670    -14249.941406
1671    -14250.074219
1672    -14250.205078
1673    -14250.336914
1674    -14250.468750
1675    -14250.599609
1676    -14250.732422
1677    -14250.863281
1678    -14250.996094
1679    -14251.126953
1680    -14251.251953
1681    -14251.377930
1682    -14251.503906
1683    -14251.629883
1684    -14251.755859
1685    -14251.882812
1686    -14252.009766
1687    -14252.135742
