Step            Loss
--------------------
1           1.579407
2         -26.616043
3         -54.806015
4         -82.990280
5        -111.168907
6        -139.341843
7        -167.509399
8        -195.671387
9        -223.828278
10       -251.980530
11       -280.128571
12       -308.272705
13       -336.413452
14       -364.551331
15       -392.686859
16       -420.820679
17       -448.953369
18       -477.085938
19       -505.218658
20       -533.352539
21       -561.488281
22       -589.626709
23       -617.768799
24       -645.915100
25       -674.066772
26       -702.224731
27       -730.389832
28       -758.563171
29       -786.745544
30       -814.938049
31       -843.141846
32       -871.357727
33       -899.586853
34       -927.830322
35       -956.089111
36       -984.364197
37      -1012.656616
38      -1040.967529
39      -1069.298096
40      -1097.649048
41      -1126.021484
42      -1154.416504
43      -1182.835083
44      -1211.278320
45      -1239.747070
46      -1268.242432
47      -1296.765137
48      -1325.316650
49      -1353.897339
50      -1382.508301
51      -1411.150757
52      -1439.825317
53      -1468.532959
54      -1497.274536
55      -1526.050781
56      -1554.862793
57      -1583.711182
58      -1612.596436
59      -1641.520020
60      -1670.482300
61      -1699.483887
62      -1728.525879
63      -1757.608643
64      -1786.732910
65      -1815.899414
66      -1845.108887
67      -1874.361572
68      -1903.658447
69      -1933.000000
70      -1962.386719
71      -1991.819336
72      -2021.297974
73      -2050.823486
74      -2080.396240
75      -2110.016602
76      -2139.685059
77      -2169.402100
78      -2199.167969
79      -2228.983398
80      -2258.848145
81      -2288.763184
82      -2318.728516
83      -2348.744141
84      -2378.810791
85      -2408.928711
86      -2439.097656
87      -2469.318604
88      -2499.591309
89      -2529.915527
90      -2560.292236
91      -2590.721191
92      -2621.202393
93      -2651.736328
94      -2682.322754
95      -2712.961426
96      -2743.653320
97      -2774.397461
98      -2805.194824
99      -2836.044678
100     -2866.947266
101     -2897.902832
102     -2928.911133
103     -2959.971191
104     -2991.084473
105     -3022.249512
106     -3053.467285
107     -3084.736816
108     -3116.058838
109     -3147.432373
110     -3178.857178
111     -3210.333496
112     -3241.861328
113     -3273.440186
114     -3305.069336
115     -3336.749512
116     -3368.479248
117     -3400.258789
118     -3432.088379
119     -3463.966797
120     -3495.894287
121     -3527.870117
122     -3559.894531
123     -3591.966797
124     -3624.086182
125     -3656.252686
126     -3688.465820
127     -3720.725098
128     -3753.030273
129     -3785.380371
130     -3817.775879
131     -3850.215332
132     -3882.698730
133     -3915.225342
134     -3947.794922
135     -3980.407227
136     -4013.060547
137     -4045.755859
138     -4078.489014
139     -4111.258789
140     -4144.067383
141     -4176.915527
142     -4209.801758
143     -4242.726074
144     -4275.687012
145     -4308.685059
146     -4341.718750
147     -4374.788086
148     -4407.891602
149     -4441.029297
150     -4474.200195
151     -4507.403320
152     -4540.638672
153     -4573.905273
154     -4607.202637
155     -4640.528809
156     -4673.884766
157     -4707.269043
158     -4740.680664
159     -4774.119141
160     -4807.583008
161     -4841.073242
162     -4874.587891
163     -4908.125488
164     -4941.686523
165     -4975.269531
166     -5008.874023
167     -5042.499023
168     -5076.143555
169     -5109.807617
170     -5143.488281
171     -5177.187500
172     -5210.902344
173     -5244.633301
174     -5278.378906
175     -5312.137695
176     -5345.910156
177     -5379.693848
178     -5413.489258
179     -5447.295410
180     -5481.110352
181     -5514.934570
182     -5548.766602
183     -5582.604980
184     -5616.449219
185     -5650.298828
186     -5684.152344
187     -5718.009277
188     -5751.868164
189     -5785.728516
190     -5819.589844
191     -5853.420898
192     -5887.246094
193     -5921.068848
194     -5954.888672
195     -5988.704590
196     -6022.515625
197     -6056.320312
198     -6090.118164
199     -6123.909180
200     -6157.684082
201     -6191.442383
202     -6225.188965
203     -6258.924805
204     -6292.648926
205     -6326.358887
206     -6360.055176
207     -6393.735840
208     -6427.400391
209     -6461.048340
210     -6494.679199
211     -6528.290039
212     -6561.882324
213     -6595.453613
214     -6629.003418
215     -6662.531250
216     -6696.030273
217     -6729.480469
218     -6762.905762
219     -6796.305176
220     -6829.677734
221     -6863.023438
222     -6896.339844
223     -6929.627441
224     -6962.885254
225     -6996.111328
226     -7029.305664
227     -7062.467773
228     -7095.595703
229     -7128.689941
230     -7161.739746
231     -7194.748047
232     -7227.720703
233     -7260.655273
234     -7293.550781
235     -7326.407715
236     -7359.224121
237     -7392.000000
238     -7424.734375
239     -7457.425781
240     -7490.065918
241     -7522.660156
242     -7555.208984
243     -7587.712891
244     -7620.164062
245     -7652.561523
246     -7684.911133
247     -7717.212891
248     -7749.464844
249     -7781.659668
250     -7813.783691
251     -7845.856934
252     -7877.877930
253     -7909.833984
254     -7941.733398
255     -7973.579102
256     -8005.369629
257     -8037.105469
258     -8068.785156
259     -8100.408203
260     -8131.974121
261     -8163.470215
262     -8194.896484
263     -8226.265625
264     -8257.573242
265     -8288.821289
266     -8320.008789
267     -8351.130859
268     -8382.176758
269     -8413.160156
270     -8444.064453
271     -8474.899414
272     -8505.669922
273     -8536.359375
274     -8566.967773
275     -8597.500977
276     -8627.958984
277     -8658.303711
278     -8688.580078
279     -8718.789062
280     -8748.898438
281     -8778.933594
282     -8808.894531
283     -8838.783203
284     -8868.602539
285     -8898.350586
286     -8928.028320
287     -8957.634766
288     -8987.169922
289     -9016.632812
290     -9046.024414
291     -9075.334961
292     -9104.572266
293     -9133.736328
294     -9162.826172
295     -9191.829102
296     -9220.740234
297     -9249.576172
298     -9278.335938
299     -9307.021484
300     -9335.611328
301     -9364.124023
302     -9392.554688
303     -9420.904297
304     -9449.177734
305     -9477.367188
306     -9505.475586
307     -9533.488281
308     -9561.404297
309     -9589.235352
310     -9616.976562
311     -9644.638672
312     -9672.193359
313     -9699.648438
314     -9727.010742
315     -9754.262695
316     -9781.429688
317     -9808.505859
318     -9835.500000
319     -9862.394531
320     -9889.209961
321     -9915.945312
322     -9942.597656
323     -9969.160156
324     -9995.632812
325     -10022.007812
326     -10048.289062
327     -10074.455078
328     -10100.513672
329     -10126.469727
330     -10152.342773
331     -10178.112305
332     -10203.789062
333     -10229.385742
334     -10254.900391
335     -10280.332031
336     -10305.681641
337     -10330.933594
338     -10356.076172
339     -10381.111328
340     -10405.992188
341     -10430.783203
342     -10455.486328
343     -10480.080078
344     -10504.572266
345     -10528.975586
346     -10553.281250
347     -10577.500000
348     -10601.575195
349     -10625.519531
350     -10649.375000
351     -10673.135742
352     -10696.814453
353     -10720.398438
354     -10743.867188
355     -10767.251953
356     -10790.531250
357     -10813.693359
358     -10836.739258
359     -10859.701172
360     -10882.532227
361     -10905.259766
362     -10927.869141
363     -10950.364258
364     -10972.719727
365     -10994.987305
366     -11017.162109
367     -11039.229492
368     -11061.202148
369     -11083.095703
370     -11104.904297
371     -11126.625000
372     -11148.230469
373     -11169.730469
374     -11191.111328
375     -11212.398438
376     -11233.575195
377     -11254.644531
378     -11275.637695
379     -11296.553711
380     -11317.390625
381     -11338.127930
382     -11358.776367
383     -11379.320312
384     -11399.742188
385     -11420.078125
386     -11440.315430
387     -11460.460938
388     -11480.464844
389     -11500.394531
390     -11520.220703
391     -11539.958984
392     -11559.595703
393     -11579.090820
394     -11598.466797
395     -11617.695312
396     -11636.818359
397     -11655.804688
398     -11674.677734
399     -11693.371094
400     -11711.947266
401     -11730.414062
402     -11748.781250
403     -11767.044922
404     -11785.214844
405     -11803.284180
406     -11821.279297
407     -11839.163086
408     -11856.937500
409     -11874.595703
410     -11892.137695
411     -11909.568359
412     -11926.865234
413     -11944.069336
414     -11961.181641
415     -11978.215820
416     -11995.179688
417     -12012.065430
418     -12028.861328
419     -12045.570312
420     -12062.204102
421     -12078.769531
422     -12095.268555
423     -12111.679688
424     -12127.979492
425     -12144.192383
426     -12160.335938
427     -12176.409180
428     -12192.402344
429     -12208.306641
430     -12224.122070
431     -12239.861328
432     -12255.484375
433     -12271.025391
434     -12286.422852
435     -12301.679688
436     -12316.848633
437     -12331.916016
438     -12346.876953
439     -12361.761719
440     -12376.535156
441     -12391.234375
442     -12405.825195
443     -12420.304688
444     -12434.690430
445     -12448.945312
446     -12463.064453
447     -12477.082031
448     -12491.007812
449     -12504.831055
450     -12518.540039
451     -12532.171875
452     -12545.748047
453     -12559.250977
454     -12572.638672
455     -12585.904297
456     -12599.099609
457     -12612.203125
458     -12625.228516
459     -12638.142578
460     -12650.941406
461     -12663.668945
462     -12676.306641
463     -12688.833984
464     -12701.233398
465     -12713.560547
466     -12725.767578
467     -12737.917969
468     -12750.004883
469     -12761.978516
470     -12773.898438
471     -12785.748047
472     -12797.505859
473     -12809.140625
474     -12820.681641
475     -12832.145508
476     -12843.558594
477     -12854.892578
478     -12866.117188
479     -12877.250000
480     -12888.292969
481     -12899.269531
482     -12910.178711
483     -12921.005859
484     -12931.767578
485     -12942.457031
486     -12953.083984
487     -12963.632812
488     -12974.085938
489     -12984.400391
490     -12994.651367
491     -13004.842773
492     -13014.948242
493     -13024.921875
494     -13034.794922
495     -13044.620117
496     -13054.336914
497     -13063.996094
498     -13073.556641
499     -13083.033203
500     -13092.460938
501     -13101.820312
502     -13111.122070
503     -13120.386719
504     -13129.595703
505     -13138.745117
506     -13147.816406
507     -13156.818359
508     -13165.726562
509     -13174.478516
510     -13183.156250
511     -13191.772461
512     -13200.300781
513     -13208.753906
514     -13217.147461
515     -13225.501953
516     -13233.824219
517     -13242.103516
518     -13250.339844
519     -13258.515625
520     -13266.640625
521     -13274.726562
522     -13282.763672
523     -13290.716797
524     -13298.597656
525     -13306.421875
526     -13314.087891
527     -13321.706055
528     -13329.268555
529     -13336.755859
530     -13344.065430
531     -13351.324219
532     -13358.525391
533     -13365.644531
534     -13372.696289
535     -13379.695312
536     -13386.642578
537     -13393.538086
538     -13400.357422
539     -13407.115234
540     -13413.839844
541     -13420.537109
542     -13427.199219
543     -13433.798828
544     -13440.365234
545     -13446.896484
546     -13453.392578
547     -13459.832031
548     -13466.167969
549     -13472.460938
550     -13478.700195
551     -13484.843750
552     -13490.927734
553     -13496.986328
554     -13502.997070
555     -13508.956055
556     -13514.883789
557     -13520.750000
558     -13526.576172
559     -13532.318359
560     -13537.990234
561     -13543.630859
562     -13549.203125
563     -13554.714844
564     -13560.185547
565     -13565.611328
566     -13570.980469
567     -13576.304688
568     -13581.569336
569     -13586.785156
570     -13591.965820
571     -13597.091797
572     -13602.187500
573     -13607.248047
574     -13612.285156
575     -13617.273438
576     -13622.225586
577     -13627.132812
578     -13632.000977
579     -13636.833984
580     -13641.617188
581     -13646.345703
582     -13651.048828
583     -13655.707031
584     -13660.335938
585     -13664.936523
586     -13669.492188
587     -13674.008789
588     -13678.472656
589     -13682.892578
590     -13687.285156
591     -13691.658203
592     -13695.983398
593     -13700.273438
594     -13704.551758
595     -13708.804688
596     -13713.030273
597     -13717.202148
598     -13721.333008
599     -13725.400391
600     -13729.417969
601     -13733.383789
602     -13737.307617
603     -13741.183594
604     -13745.000000
605     -13748.771484
606     -13752.507812
607     -13756.231445
608     -13759.939453
609     -13763.635742
610     -13767.309570
611     -13770.948242
612     -13774.549805
613     -13778.121094
614     -13781.667969
615     -13785.175781
616     -13788.648438
617     -13792.094727
618     -13795.509766
619     -13798.900391
620     -13802.242188
621     -13805.560547
622     -13808.845703
623     -13812.096680
624     -13815.320312
625     -13818.525391
626     -13821.714844
627     -13824.857422
628     -13827.947266
629     -13831.012695
630     -13834.057617
631     -13837.074219
632     -13840.070312
633     -13843.046875
634     -13845.976562
635     -13848.863281
636     -13851.734375
637     -13854.585938
638     -13857.421875
639     -13860.245117
640     -13863.060547
641     -13865.865234
642     -13868.639648
643     -13871.388672
644     -13874.113281
645     -13876.829102
646     -13879.536133
647     -13882.220703
648     -13884.850586
649     -13887.449219
650     -13890.017578
651     -13892.574219
652     -13895.120117
653     -13897.652344
654     -13900.164062
655     -13902.646484
656     -13905.119141
657     -13907.576172
658     -13910.005859
659     -13912.388672
660     -13914.740234
661     -13917.083008
662     -13919.413086
663     -13921.715820
664     -13924.011719
665     -13926.292969
666     -13928.552734
667     -13930.779297
668     -13932.977539
669     -13935.149414
670     -13937.309570
671     -13939.449219
672     -13941.576172
673     -13943.691406
674     -13945.777344
675     -13947.857422
676     -13949.931641
677     -13951.979492
678     -13954.009766
679     -13956.035156
680     -13958.041016
681     -13960.015625
682     -13961.960938
683     -13963.884766
684     -13965.771484
685     -13967.647461
686     -13969.517578
687     -13971.385742
688     -13973.247070
689     -13975.098633
690     -13976.937500
691     -13978.771484
692     -13980.593750
693     -13982.413086
694     -13984.215820
695     -13986.000000
696     -13987.779297
697     -13989.550781
698     -13991.304688
699     -13993.044922
700     -13994.773438
701     -13996.496094
702     -13998.216797
703     -13999.930664
704     -14001.618164
705     -14003.300781
706     -14004.980469
707     -14006.650391
708     -14008.313477
709     -14009.972656
710     -14011.628906
711     -14013.281250
712     -14014.929688
713     -14016.574219
714     -14018.215820
715     -14019.853516
716     -14021.482422
717     -14023.096680
718     -14024.704102
719     -14026.306641
720     -14027.902344
721     -14029.493164
722     -14031.080078
723     -14032.656250
724     -14034.191406
725     -14035.705078
726     -14037.208008
727     -14038.693359
728     -14040.166016
729     -14041.632812
730     -14043.096680
731     -14044.556641
732     -14046.000977
733     -14047.431641
734     -14048.859375
735     -14050.275391
736     -14051.664062
737     -14053.044922
738     -14054.418945
739     -14055.786133
740     -14057.150391
741     -14058.502930
742     -14059.841797
743     -14061.175781
744     -14062.500000
745     -14063.818359
746     -14065.132812
747     -14066.445312
748     -14067.744141
749     -14069.034180
750     -14070.321289
751     -14071.606445
752     -14072.888672
753     -14074.167969
754     -14075.443359
755     -14076.716797
756     -14077.984375
757     -14079.248047
758     -14080.505859
759     -14081.759766
760     -14083.007812
761     -14084.251953
762     -14085.494141
763     -14086.732422
764     -14087.968750
765     -14089.201172
766     -14090.425781
767     -14091.642578
768     -14092.855469
769     -14094.064453
770     -14095.263672
771     -14096.445312
772     -14097.623047
773     -14098.794922
774     -14099.960938
775     -14101.115234
776     -14102.250000
777     -14103.377930
778     -14104.499023
779     -14105.611328
780     -14106.716797
781     -14107.818359
782     -14108.912109
783     -14110.001953
784     -14111.082031
785     -14112.152344
786     -14113.218750
787     -14114.283203
788     -14115.345703
789     -14116.398438
790     -14117.445312
791     -14118.490234
792     -14119.533203
793     -14120.573242
794     -14121.611328
795     -14122.648438
796     -14123.680664
797     -14124.710938
798     -14125.738281
799     -14126.760742
800     -14127.770508
801     -14128.742188
802     -14129.695312
803     -14130.649414
804     -14131.599609
805     -14132.541992
806     -14133.478516
807     -14134.412109
808     -14135.339844
809     -14136.256836
810     -14137.171875
811     -14138.085938
812     -14138.996094
813     -14139.901367
814     -14140.796875
815     -14141.689453
816     -14142.580078
817     -14143.466797
818     -14144.346680
819     -14145.218750
820     -14146.082031
821     -14146.945312
822     -14147.804688
823     -14148.654297
824     -14149.502930
825     -14150.341797
826     -14151.175781
827     -14152.007812
828     -14152.823242
829     -14153.632812
830     -14154.437500
831     -14155.232422
832     -14156.023438
833     -14156.813477
834     -14157.601562
835     -14158.388672
836     -14159.173828
837     -14159.951172
838     -14160.726562
839     -14161.498047
840     -14162.267578
841     -14163.031250
842     -14163.785156
843     -14164.531250
844     -14165.275391
845     -14166.014648
846     -14166.751953
847     -14167.484375
848     -14168.215820
849     -14168.939453
850     -14169.661133
851     -14170.381836
852     -14171.097656
853     -14171.810547
854     -14172.520508
855     -14173.230469
856     -14173.937500
857     -14174.644531
858     -14175.349609
859     -14176.048828
860     -14176.744141
861     -14177.437500
862     -14178.127930
863     -14178.818359
864     -14179.507812
865     -14180.195312
866     -14180.883789
867     -14181.570312
868     -14182.251953
869     -14182.931641
870     -14183.611328
871     -14184.290039
872     -14184.967773
873     -14185.643555
874     -14186.317383
875     -14186.991211
876     -14187.660156
877     -14188.328125
878     -14188.998047
879     -14189.664062
880     -14190.330078
881     -14190.996094
882     -14191.657227
883     -14192.318359
884     -14192.977539
885     -14193.636719
886     -14194.292969
887     -14194.947266
888     -14195.600586
889     -14196.253906
890     -14196.905273
891     -14197.556641
892     -14198.206055
893     -14198.856445
894     -14199.503906
895     -14200.141602
896     -14200.773438
897     -14201.398438
898     -14202.022461
899     -14202.641602
900     -14203.255859
901     -14203.870117
902     -14204.482422
903     -14205.094727
904     -14205.707031
905     -14206.317383
906     -14206.923828
907     -14207.529297
908     -14208.130859
909     -14208.724609
910     -14209.311523
911     -14209.890625
912     -14210.461914
913     -14211.031250
914     -14211.599609
915     -14212.167969
916     -14212.734375
917     -14213.298828
918     -14213.864258
919     -14214.427734
920     -14214.992188
921     -14215.554688
922     -14216.115234
923     -14216.671875
924     -14217.226562
925     -14217.765625
926     -14218.298828
927     -14218.829102
928     -14219.356445
929     -14219.882812
930     -14220.404297
931     -14220.923828
932     -14221.441406
933     -14221.953125
934     -14222.464844
935     -14222.976562
936     -14223.486328
937     -14223.994141
938     -14224.501953
939     -14225.008789
940     -14225.514648
941     -14226.020508
942     -14226.524414
943     -14227.027344
944     -14227.530273
945     -14228.031250
946     -14228.533203
947     -14229.030273
948     -14229.524414
949     -14230.017578
950     -14230.510742
951     -14231.003906
952     -14231.493164
953     -14231.978516
954     -14232.463867
955     -14232.947266
956     -14233.427734
957     -14233.908203
958     -14234.385742
959     -14234.862305
960     -14235.337891
961     -14235.814453
962     -14236.284180
963     -14236.751953
964     -14237.218750
965     -14237.681641
966     -14238.143555
967     -14238.605469
968     -14239.065430
969     -14239.523438
970     -14239.979492
971     -14240.433594
972     -14240.888672
973     -14241.341797
974     -14241.794922
975     -14242.246094
976     -14242.694336
977     -14243.142578
978     -14243.590820
979     -14244.035156
980     -14244.477539
981     -14244.919922
982     -14245.361328
983     -14245.800781
984     -14246.240234
985     -14246.677734
986     -14247.115234
987     -14247.549805
988     -14247.985352
989     -14248.419922
990     -14248.852539
991     -14249.285156
992     -14249.716797
993     -14250.146484
994     -14250.576172
995     -14251.005859
996     -14251.433594
997     -14251.859375
998     -14252.285156
999     -14252.710938
1000    -14253.132812
1001    -14253.552734
1002    -14253.970703
1003    -14254.384766
1004    -14254.798828
1005    -14255.210938
1006    -14255.622070
1007    -14256.033203
1008    -14256.443359
1009    -14256.851562
1010    -14257.259766
1011    -14257.665039
1012    -14258.070312
1013    -14258.476562
1014    -14258.879883
1015    -14259.281250
1016    -14259.679688
1017    -14260.076172
1018    -14260.472656
1019    -14260.867188
1020    -14261.262695
1021    -14261.656250
1022    -14262.044922
1023    -14262.432617
1024    -14262.818359
1025    -14263.203125
1026    -14263.585938
1027    -14263.963867
1028    -14264.341797
1029    -14264.712891
1030    -14265.080078
1031    -14265.447266
1032    -14265.809570
1033    -14266.166992
1034    -14266.523438
1035    -14266.878906
1036    -14267.232422
1037    -14267.583984
1038    -14267.936523
1039    -14268.287109
1040    -14268.636719
1041    -14268.986328
1042    -14269.333008
1043    -14269.679688
1044    -14270.025391
1045    -14270.371094
1046    -14270.714844
1047    -14271.058594
1048    -14271.400391
1049    -14271.742188
1050    -14272.082031
1051    -14272.421875
1052    -14272.760742
1053    -14273.097656
1054    -14273.433594
1055    -14273.770508
1056    -14274.105469
1057    -14274.437500
1058    -14274.767578
1059    -14275.092773
1060    -14275.417969
1061    -14275.742188
1062    -14276.064453
1063    -14276.386719
1064    -14276.708984
1065    -14277.029297
1066    -14277.348633
1067    -14277.667969
1068    -14277.986328
1069    -14278.303711
1070    -14278.619141
1071    -14278.935547
1072    -14279.250000
1073    -14279.561523
1074    -14279.872070
1075    -14280.181641
1076    -14280.490234
1077    -14280.796875
1078    -14281.103516
1079    -14281.410156
1080    -14281.716797
1081    -14282.021484
1082    -14282.324219
1083    -14282.626953
1084    -14282.929688
1085    -14283.230469
1086    -14283.531250
1087    -14283.831055
1088    -14284.129883
1089    -14284.427734
1090    -14284.722656
1091    -14285.013672
1092    -14285.301758
1093    -14285.588867
1094    -14285.875977
1095    -14286.162109
1096    -14286.447266
1097    -14286.730469
1098    -14287.011719
1099    -14287.283203
1100    -14287.552734
1101    -14287.820312
1102    -14288.085938
1103    -14288.347656
1104    -14288.611328
1105    -14288.873047
1106    -14289.134766
1107    -14289.395508
1108    -14289.656250
1109    -14289.916016
1110    -14290.171875
1111    -14290.424805
1112    -14290.677734
1113    -14290.929688
1114    -14291.179688
1115    -14291.431641
1116    -14291.681641
1117    -14291.930664
1118    -14292.180664
1119    -14292.429688
1120    -14292.677734
1121    -14292.925781
1122    -14293.172852
1123    -14293.418945
1124    -14293.666016
1125    -14293.912109
1126    -14294.156250
1127    -14294.398438
1128    -14294.634766
1129    -14294.866211
1130    -14295.096680
1131    -14295.328125
1132    -14295.558594
1133    -14295.789062
1134    -14296.018555
1135    -14296.248047
1136    -14296.476562
1137    -14296.705078
1138    -14296.933594
1139    -14297.161133
1140    -14297.388672
1141    -14297.616211
1142    -14297.841797
1143    -14298.068359
1144    -14298.294922
1145    -14298.520508
1146    -14298.746094
1147    -14298.970703
1148    -14299.195312
1149    -14299.420898
1150    -14299.644531
1151    -14299.868164
1152    -14300.091797
1153    -14300.314453
1154    -14300.537109
1155    -14300.759766
1156    -14300.982422
1157    -14301.205078
1158    -14301.425781
1159    -14301.647461
1160    -14301.868164
1161    -14302.087891
1162    -14302.308594
1163    -14302.528320
1164    -14302.748047
1165    -14302.966797
1166    -14303.186523
1167    -14303.405273
1168    -14303.624023
1169    -14303.839844
1170    -14304.056641
1171    -14304.273438
1172    -14304.488281
1173    -14304.705078
1174    -14304.919922
1175    -14305.132812
1176    -14305.341797
1177    -14305.549805
1178    -14305.759766
1179    -14305.967773
1180    -14306.175781
1181    -14306.384766
1182    -14306.590820
1183    -14306.798828
1184    -14307.005859
1185    -14307.212891
1186    -14307.418945
1187    -14307.620117
1188    -14307.821289
1189    -14308.023438
1190    -14308.224609
1191    -14308.425781
1192    -14308.626953
1193    -14308.828125
1194    -14309.029297
1195    -14309.225586
1196    -14309.417969
1197    -14309.611328
1198    -14309.804688
1199    -14309.999023
1200    -14310.191406
1201    -14310.384766
1202    -14310.578125
1203    -14310.770508
1204    -14310.964844
1205    -14311.157227
1206    -14311.348633
1207    -14311.539062
1208    -14311.722656
1209    -14311.906250
1210    -14312.086914
1211    -14312.266602
1212    -14312.443359
1213    -14312.617188
1214    -14312.791016
1215    -14312.964844
1216    -14313.138672
1217    -14313.310547
1218    -14313.482422
1219    -14313.654297
1220    -14313.825195
1221    -14313.998047
1222    -14314.169922
1223    -14314.341797
1224    -14314.513672
1225    -14314.685547
1226    -14314.858398
1227    -14315.030273
1228    -14315.202148
1229    -14315.375000
1230    -14315.546875
1231    -14315.720703
1232    -14315.892578
1233    -14316.064453
1234    -14316.237305
1235    -14316.410156
1236    -14316.583008
1237    -14316.754883
1238    -14316.927734
1239    -14317.100586
1240    -14317.273438
1241    -14317.445312
1242    -14317.618164
1243    -14317.791016
1244    -14317.962891
1245    -14318.128906
1246    -14318.296875
1247    -14318.464844
1248    -14318.630859
1249    -14318.798828
1250    -14318.965820
1251    -14319.133789
1252    -14319.300781
1253    -14319.468750
1254    -14319.636719
1255    -14319.804688
1256    -14319.971680
1257    -14320.139648
1258    -14320.307617
1259    -14320.474609
1260    -14320.642578
1261    -14320.810547
1262    -14320.978516
1263    -14321.146484
1264    -14321.314453
1265    -14321.481445
1266    -14321.648438
1267    -14321.817383
1268    -14321.984375
1269    -14322.152344
1270    -14322.320312
1271    -14322.486328
1272    -14322.654297
1273    -14322.822266
1274    -14322.986328
1275    -14323.151367
1276    -14323.316406
1277    -14323.480469
1278    -14323.646484
1279    -14323.810547
1280    -14323.976562
1281    -14324.141602
1282    -14324.304688
1283    -14324.469727
1284    -14324.633789
1285    -14324.798828
1286    -14324.962891
1287    -14325.126953
1288    -14325.291016
1289    -14325.455078
1290    -14325.619141
1291    -14325.783203
1292    -14325.947266
1293    -14326.111328
1294    -14326.275391
1295    -14326.440430
1296    -14326.603516
1297    -14326.767578
1298    -14326.930664
1299    -14327.094727
1300    -14327.258789
1301    -14327.421875
1302    -14327.585938
1303    -14327.750000
1304    -14327.912109
1305    -14328.076172
1306    -14328.238281
1307    -14328.402344
1308    -14328.564453
1309    -14328.727539
1310    -14328.889648
1311    -14329.051758
1312    -14329.213867
1313    -14329.375000
1314    -14329.537109
1315    -14329.699219
1316    -14329.861328
1317    -14330.023438
1318    -14330.184570
1319    -14330.345703
1320    -14330.505859
1321    -14330.662109
1322    -14330.816406
1323    -14330.970703
1324    -14331.125000
1325    -14331.277344
1326    -14331.431641
1327    -14331.585938
1328    -14331.738281
1329    -14331.892578
1330    -14332.044922
1331    -14332.199219
1332    -14332.351562
1333    -14332.503906
1334    -14332.657227
1335    -14332.809570
1336    -14332.961914
1337    -14333.115234
1338    -14333.267578
1339    -14333.418945
1340    -14333.570312
1341    -14333.722656
1342    -14333.874023
1343    -14334.025391
1344    -14334.175781
1345    -14334.322266
1346    -14334.468750
1347    -14334.616211
1348    -14334.763672
1349    -14334.909180
1350    -14335.054688
1351    -14335.198242
1352    -14335.341797
1353    -14335.486328
1354    -14335.630859
1355    -14335.773438
1356    -14335.917969
1357    -14336.060547
1358    -14336.203125
1359    -14336.343750
1360    -14336.486328
1361    -14336.627930
1362    -14336.768555
1363    -14336.909180
1364    -14337.050781
1365    -14337.191406
1366    -14337.332031
1367    -14337.472656
1368    -14337.613281
1369    -14337.753906
1370    -14337.893555
1371    -14338.033203
1372    -14338.173828
1373    -14338.313477
1374    -14338.453125
1375    -14338.591797
1376    -14338.731445
1377    -14338.870117
1378    -14339.009766
1379    -14339.148438
1380    -14339.287109
1381    -14339.425781
1382    -14339.564453
1383    -14339.703125
1384    -14339.839844
1385    -14339.978516
1386    -14340.115234
1387    -14340.251953
1388    -14340.388672
1389    -14340.525391
1390    -14340.661133
1391    -14340.796875
1392    -14340.933594
1393    -14341.068359
1394    -14341.204102
1395    -14341.338867
1396    -14341.474609
1397    -14341.609375
1398    -14341.744141
1399    -14341.878906
1400    -14342.013672
1401    -14342.148438
1402    -14342.282227
1403    -14342.416016
1404    -14342.550781
1405    -14342.683594
1406    -14342.818359
1407    -14342.951172
1408    -14343.083984
1409    -14343.217773
1410    -14343.349609
1411    -14343.481445
1412    -14343.613281
1413    -14343.746094
1414    -14343.876953
1415    -14344.008789
1416    -14344.140625
1417    -14344.269531
1418    -14344.398438
1419    -14344.527344
1420    -14344.656250
1421    -14344.784180
1422    -14344.912109
1423    -14345.041016
1424    -14345.167969
1425    -14345.296875
1426    -14345.423828
1427    -14345.551758
1428    -14345.679688
