Step            Loss
--------------------
1        -327.612122
2        -357.086548
3        -386.560028
4        -416.033142
5        -445.505798
6        -474.978119
7        -504.450439
8        -533.923157
9        -563.396667
10       -592.871826
11       -622.349243
12       -651.829712
13       -681.313965
14       -710.802856
15       -740.297363
16       -769.798035
17       -799.305664
18       -828.821167
19       -858.345154
20       -887.878357
21       -917.421570
22       -946.975464
23       -976.541138
24      -1006.119141
25      -1035.710327
26      -1065.315674
27      -1094.936035
28      -1124.572021
29      -1154.224731
30      -1183.894653
31      -1213.583252
32      -1243.290771
33      -1273.018311
34      -1302.766846
35      -1332.537231
36      -1362.330200
37      -1392.146851
38      -1421.988037
39      -1451.854492
40      -1481.747192
41      -1511.667236
42      -1541.615234
43      -1571.592041
44      -1601.598877
45      -1631.636230
46      -1661.705078
47      -1691.806274
48      -1721.940796
49      -1752.109009
50      -1782.312256
51      -1812.550781
52      -1842.825562
53      -1873.137695
54      -1903.487305
55      -1933.875610
56      -1964.302979
57      -1994.770142
58      -2025.277832
59      -2055.826660
60      -2086.416992
61      -2117.049805
62      -2147.725586
63      -2178.444824
64      -2209.207764
65      -2240.015137
66      -2270.867676
67      -2301.765625
68      -2332.709473
69      -2363.699707
70      -2394.736816
71      -2425.821045
72      -2456.952637
73      -2488.132324
74      -2519.360352
75      -2550.636719
76      -2581.962158
77      -2613.336914
78      -2644.761230
79      -2676.235352
80      -2707.758789
81      -2739.333008
82      -2770.957520
83      -2802.632812
84      -2834.358887
85      -2866.135498
86      -2897.963379
87      -2929.842285
88      -2961.772949
89      -2993.754150
90      -3025.787109
91      -3057.871582
92      -3090.007324
93      -3122.194580
94      -3154.433105
95      -3186.723145
96      -3219.064453
97      -3251.457031
98      -3283.900635
99      -3316.395508
100     -3348.940918
101     -3381.537354
102     -3414.184570
103     -3446.881592
104     -3479.629150
105     -3512.426270
106     -3545.273438
107     -3578.169922
108     -3611.115723
109     -3644.109863
110     -3677.152588
111     -3710.243896
112     -3743.382812
113     -3776.568848
114     -3809.802734
115     -3843.083008
116     -3876.408936
117     -3909.781250
118     -3943.198242
119     -3976.660645
120     -4010.167480
121     -4043.718018
122     -4077.311523
123     -4110.948242
124     -4144.627441
125     -4178.348145
126     -4212.109375
127     -4245.912109
128     -4279.754395
129     -4313.635742
130     -4347.556641
131     -4381.514648
132     -4415.510742
133     -4449.542480
134     -4483.611328
135     -4517.714844
136     -4551.853516
137     -4586.025391
138     -4620.231445
139     -4654.469727
140     -4688.739258
141     -4723.040039
142     -4757.371094
143     -4791.731445
144     -4826.121094
145     -4860.538086
146     -4894.981934
147     -4929.452148
148     -4963.948242
149     -4998.468750
150     -5033.013184
151     -5067.580078
152     -5102.169434
153     -5136.780273
154     -5171.411133
155     -5206.061523
156     -5240.731445
157     -5275.418457
158     -5310.122559
159     -5344.842773
160     -5379.573242
161     -5414.310547
162     -5449.060547
163     -5483.823242
164     -5518.598145
165     -5553.382812
166     -5588.177734
167     -5622.981445
168     -5657.792480
169     -5692.611328
170     -5727.435547
171     -5762.265625
172     -5797.098633
173     -5831.935547
174     -5866.775391
175     -5901.616211
176     -5936.457031
177     -5971.297363
178     -6006.136719
179     -6040.973633
180     -6075.807617
181     -6110.636719
182     -6145.461426
183     -6180.279297
184     -6215.090820
185     -6249.894531
186     -6284.688965
187     -6319.473633
188     -6354.248047
189     -6389.010254
190     -6423.760742
191     -6458.497070
192     -6493.219238
193     -6527.925781
194     -6562.616699
195     -6597.290527
196     -6631.946289
197     -6666.583008
198     -6701.200195
199     -6735.795898
200     -6770.371094
201     -6804.922852
202     -6839.452148
203     -6873.956543
204     -6908.436523
205     -6942.889648
206     -6977.315430
207     -7011.706055
208     -7046.068359
209     -7080.401367
210     -7114.698730
211     -7148.939453
212     -7183.134766
213     -7217.297852
214     -7251.427246
215     -7285.521484
216     -7319.581055
217     -7353.604980
218     -7387.591309
219     -7421.540039
220     -7455.450195
221     -7489.321289
222     -7523.152344
223     -7556.943359
224     -7590.691406
225     -7624.397461
226     -7658.060547
227     -7691.679688
228     -7725.254883
229     -7758.783691
230     -7792.267090
231     -7825.703125
232     -7859.092285
233     -7892.432617
234     -7925.724609
235     -7958.965820
236     -7992.149414
237     -8025.281250
238     -8058.361816
239     -8091.389648
240     -8124.364258
241     -8157.286133
242     -8190.152832
243     -8222.960938
244     -8255.705078
245     -8288.375000
246     -8320.986328
247     -8353.541016
248     -8386.037109
249     -8418.474609
250     -8450.853516
251     -8483.171875
252     -8515.431641
253     -8547.627930
254     -8579.763672
255     -8611.837891
256     -8643.849609
257     -8675.796875
258     -8707.680664
259     -8739.501953
260     -8771.250000
261     -8802.930664
262     -8834.542969
263     -8866.090820
264     -8897.571289
265     -8928.984375
266     -8960.328125
267     -8991.582031
268     -9022.766602
269     -9053.881836
270     -9084.927734
271     -9115.884766
272     -9146.746094
273     -9177.537109
274     -9208.257812
275     -9238.905273
276     -9269.481445
277     -9299.984375
278     -9330.414062
279     -9360.771484
280     -9391.054688
281     -9421.263672
282     -9451.398438
283     -9481.425781
284     -9511.359375
285     -9541.218750
286     -9571.002930
287     -9600.709961
288     -9630.339844
289     -9659.869141
290     -9689.292969
291     -9718.638672
292     -9747.906250
293     -9777.055664
294     -9806.121094
295     -9835.104492
296     -9864.009766
297     -9892.820312
298     -9921.516602
299     -9950.128906
300     -9978.654297
301     -10007.097656
302     -10035.462891
303     -10063.722656
304     -10091.891602
305     -10119.968750
306     -10147.958008
307     -10175.866211
308     -10203.682617
309     -10231.376953
310     -10258.964844
311     -10286.453125
312     -10313.833984
313     -10341.132812
314     -10368.351562
315     -10395.482422
316     -10422.497070
317     -10449.381836
318     -10476.170898
319     -10502.865234
320     -10529.472656
321     -10555.992188
322     -10582.427734
323     -10608.782227
324     -10635.049805
325     -10661.234375
326     -10687.330078
327     -10713.306641
328     -10739.197266
329     -10765.003906
330     -10790.712891
331     -10816.313477
332     -10841.812500
333     -10867.231445
334     -10892.566406
335     -10917.820312
336     -10942.984375
337     -10968.064453
338     -10993.062500
339     -11017.964844
340     -11042.773438
341     -11067.479492
342     -11092.070312
343     -11116.516602
344     -11140.875000
345     -11165.119141
346     -11189.242188
347     -11213.275391
348     -11237.204102
349     -11261.035156
350     -11284.761719
351     -11308.406250
352     -11331.910156
353     -11355.322266
354     -11378.648438
355     -11401.881836
356     -11424.986328
357     -11448.007812
358     -11470.934570
359     -11493.757812
360     -11516.416016
361     -11538.965820
362     -11561.415039
363     -11583.750000
364     -11605.994141
365     -11628.133789
366     -11650.185547
367     -11672.110352
368     -11693.943359
369     -11715.656250
370     -11737.255859
371     -11758.755859
372     -11780.148438
373     -11801.408203
374     -11822.550781
375     -11843.591797
376     -11864.552734
377     -11885.395508
378     -11906.126953
379     -11926.750977
380     -11947.277344
381     -11967.711914
382     -11988.057617
383     -12008.277344
384     -12028.376953
385     -12048.381836
386     -12068.304688
387     -12088.122070
388     -12107.855469
389     -12127.469727
390     -12146.987305
391     -12166.398438
392     -12185.691406
393     -12204.902344
394     -12224.025391
395     -12243.040039
396     -12261.870117
397     -12280.566406
398     -12299.172852
399     -12317.708984
400     -12336.164062
401     -12354.512695
402     -12372.765625
403     -12390.899414
404     -12408.943359
405     -12426.914062
406     -12444.812500
407     -12462.624023
408     -12480.339844
409     -12497.978516
410     -12515.505859
411     -12532.922852
412     -12550.199219
413     -12567.388672
414     -12584.462891
415     -12601.441406
416     -12618.339844
417     -12635.151367
418     -12651.856445
419     -12668.493164
420     -12685.058594
421     -12701.553711
422     -12717.977539
423     -12734.310547
424     -12750.513672
425     -12766.597656
426     -12782.619141
427     -12798.574219
428     -12814.457031
429     -12830.260742
430     -12845.970703
431     -12861.546875
432     -12877.026367
433     -12892.400391
434     -12907.673828
435     -12922.873047
436     -12938.003906
437     -12953.050781
438     -12968.034180
439     -12982.901367
440     -12997.679688
441     -13012.337891
442     -13026.873047
443     -13041.324219
444     -13055.666016
445     -13069.933594
446     -13084.130859
447     -13098.191406
448     -13112.152344
449     -13125.992188
450     -13139.707031
451     -13153.311523
452     -13166.808594
453     -13180.212891
454     -13193.500000
455     -13206.710938
456     -13219.820312
457     -13232.827148
458     -13245.748047
459     -13258.578125
460     -13271.302734
461     -13283.877930
462     -13296.326172
463     -13308.703125
464     -13321.011719
465     -13333.201172
466     -13345.302734
467     -13357.279297
468     -13369.071289
469     -13380.779297
470     -13392.355469
471     -13403.845703
472     -13415.248047
473     -13426.503906
474     -13437.587891
475     -13448.556641
476     -13459.427734
477     -13470.239258
478     -13481.000000
479     -13491.689453
480     -13502.313477
481     -13512.863281
482     -13523.339844
483     -13533.719727
484     -13544.015625
485     -13554.236328
486     -13564.396484
487     -13574.458008
488     -13584.438477
489     -13594.316406
490     -13604.124023
491     -13613.858398
492     -13623.497070
493     -13633.061523
494     -13642.539062
495     -13651.953125
496     -13661.308594
497     -13670.603516
498     -13679.840820
499     -13689.015625
500     -13698.109375
501     -13707.138672
502     -13716.113281
503     -13725.041016
504     -13733.929688
505     -13742.773438
506     -13751.572266
507     -13760.332031
508     -13769.023438
509     -13777.609375
510     -13786.120117
511     -13794.576172
512     -13802.994141
513     -13811.357422
514     -13819.650391
515     -13827.883789
516     -13836.062500
517     -13844.134766
518     -13852.119141
519     -13860.035156
520     -13867.890625
521     -13875.640625
522     -13883.330078
523     -13890.951172
524     -13898.542969
525     -13906.087891
526     -13913.580078
527     -13921.005859
528     -13928.388672
529     -13935.681641
530     -13942.906250
531     -13950.068359
532     -13957.168945
533     -13964.238281
534     -13971.279297
535     -13978.283203
536     -13985.215820
537     -13992.093750
538     -13998.904297
539     -14005.673828
540     -14012.382812
541     -14019.031250
542     -14025.590820
543     -14032.090820
544     -14038.537109
545     -14044.919922
546     -14051.256836
547     -14057.507812
548     -14063.714844
549     -14069.888672
550     -14075.990234
551     -14081.963867
552     -14087.833008
553     -14093.663086
554     -14099.460938
555     -14105.218750
556     -14110.892578
557     -14116.497070
558     -14122.029297
559     -14127.491211
560     -14132.892578
561     -14138.271484
562     -14143.626953
563     -14148.955078
564     -14154.232422
565     -14159.433594
566     -14164.591797
567     -14169.719727
568     -14174.814453
569     -14179.878906
570     -14184.923828
571     -14189.918945
572     -14194.874023
573     -14199.751953
574     -14204.582031
575     -14209.369141
576     -14214.130859
577     -14218.865234
578     -14223.572266
579     -14228.224609
580     -14232.826172
581     -14237.399414
582     -14241.953125
583     -14246.482422
584     -14250.972656
585     -14255.441406
586     -14259.871094
587     -14264.274414
588     -14268.657227
589     -14273.025391
590     -14277.371094
591     -14281.686523
592     -14285.979492
593     -14290.217773
594     -14294.437500
595     -14298.644531
596     -14302.823242
597     -14306.950195
598     -14311.041016
599     -14315.085938
600     -14319.097656
601     -14323.054688
602     -14326.987305
603     -14330.809570
604     -14334.564453
605     -14338.285156
606     -14341.960938
607     -14345.622070
608     -14349.257812
609     -14352.844727
610     -14356.376953
611     -14359.865234
612     -14363.335938
613     -14366.791016
614     -14370.228516
615     -14373.634766
616     -14377.022461
617     -14380.394531
618     -14383.744141
619     -14387.023438
620     -14390.253906
621     -14393.474609
622     -14396.682617
623     -14399.881836
624     -14403.054688
625     -14406.201172
626     -14409.332031
627     -14412.425781
628     -14415.506836
629     -14418.567383
630     -14421.573242
631     -14424.564453
632     -14427.533203
633     -14430.460938
634     -14433.375000
635     -14436.267578
636     -14439.138672
637     -14441.988281
638     -14444.824219
639     -14447.652344
640     -14450.421875
641     -14453.157227
642     -14455.886719
643     -14458.597656
644     -14461.299805
645     -14463.984375
646     -14466.622070
647     -14469.229492
648     -14471.791016
649     -14474.326172
650     -14476.855469
651     -14479.370117
652     -14481.853516
653     -14484.328125
654     -14486.767578
655     -14489.193359
656     -14491.585938
657     -14493.962891
658     -14496.314453
659     -14498.646484
660     -14500.933594
661     -14503.191406
662     -14505.388672
663     -14507.576172
664     -14509.750000
665     -14511.910156
666     -14514.046875
667     -14516.154297
668     -14518.242188
669     -14520.322266
670     -14522.382812
671     -14524.436523
672     -14526.474609
673     -14528.494141
674     -14530.509766
675     -14532.519531
676     -14534.511719
677     -14536.472656
678     -14538.390625
679     -14540.281250
680     -14542.163086
681     -14544.037109
682     -14545.888672
683     -14547.730469
684     -14549.556641
685     -14551.377930
686     -14553.181641
687     -14554.974609
688     -14556.753906
689     -14558.523438
690     -14560.281250
691     -14562.032227
692     -14563.767578
693     -14565.496094
694     -14567.217773
695     -14568.908203
696     -14570.587891
697     -14572.251953
698     -14573.912109
699     -14575.560547
700     -14577.187500
701     -14578.784180
702     -14580.376953
703     -14581.958984
704     -14583.528320
705     -14585.083984
706     -14586.632812
707     -14588.177734
708     -14589.719727
709     -14591.253906
710     -14592.779297
711     -14594.296875
712     -14595.791992
713     -14597.283203
714     -14598.756836
715     -14600.197266
716     -14601.634766
717     -14603.065430
718     -14604.484375
719     -14605.896484
720     -14607.292969
721     -14608.666992
722     -14610.031250
723     -14611.388672
724     -14612.744141
725     -14614.096680
726     -14615.447266
727     -14616.789062
728     -14618.115234
729     -14619.425781
730     -14620.726562
731     -14622.016602
732     -14623.298828
733     -14624.578125
734     -14625.841797
735     -14627.091797
736     -14628.335938
737     -14629.575195
738     -14630.812500
739     -14632.046875
740     -14633.280273
741     -14634.510742
742     -14635.738281
743     -14636.961914
744     -14638.183594
745     -14639.398438
746     -14640.595703
747     -14641.773438
748     -14642.944336
749     -14644.113281
750     -14645.280273
751     -14646.445312
752     -14647.608398
753     -14648.762695
754     -14649.908203
755     -14651.042969
756     -14652.175781
757     -14653.304688
758     -14654.427734
759     -14655.526367
760     -14656.616211
761     -14657.703125
762     -14658.789062
763     -14659.874023
764     -14660.955078
765     -14662.031250
766     -14663.104492
767     -14664.176758
768     -14665.246094
769     -14666.312500
770     -14667.378906
771     -14668.441406
772     -14669.501953
773     -14670.560547
774     -14671.617188
775     -14672.666992
776     -14673.710938
777     -14674.752930
778     -14675.787109
779     -14676.819336
780     -14677.842773
781     -14678.861328
782     -14679.875000
783     -14680.886719
784     -14681.896484
785     -14682.892578
786     -14683.868164
787     -14684.833984
788     -14685.796875
789     -14686.756836
790     -14687.714844
791     -14688.669922
792     -14689.617188
793     -14690.556641
794     -14691.492188
795     -14692.420898
