Step            Loss
--------------------
1         218.438034
2         189.155518
3         159.872528
4         130.588974
5         101.304703
6          72.019165
7          42.732544
8          13.444820
9         -15.844376
10        -45.134850
11        -74.427246
12       -103.721695
13       -133.018845
14       -162.318787
15       -191.622543
16       -220.930573
17       -250.243896
18       -279.563049
19       -308.889160
20       -338.223083
21       -367.565826
22       -396.918518
23       -426.282349
24       -455.658569
25       -485.048218
26       -514.452759
27       -543.873352
28       -573.311401
29       -602.768066
30       -632.244629
31       -661.742554
32       -691.262634
33       -720.806519
34       -750.374939
35       -779.969482
36       -809.591064
37       -839.240784
38       -868.919800
39       -898.629089
40       -928.369629
41       -958.142578
42       -987.948853
43      -1017.789490
44      -1047.665405
45      -1077.577393
46      -1107.526489
47      -1137.513672
48      -1167.539795
49      -1197.605713
50      -1227.711914
51      -1257.859619
52      -1288.049316
53      -1318.282104
54      -1348.558594
55      -1378.879150
56      -1409.245361
57      -1439.656860
58      -1470.115112
59      -1500.620239
60      -1531.173218
61      -1561.774658
62      -1592.424927
63      -1623.124756
64      -1653.874512
65      -1684.674805
66      -1715.526245
67      -1746.429443
68      -1777.384644
69      -1808.392334
70      -1839.453125
71      -1870.567261
72      -1901.735107
73      -1932.957275
74      -1964.233887
75      -1995.565186
76      -2026.951904
77      -2058.394043
78      -2089.892090
79      -2121.446289
80      -2153.056641
81      -2184.723633
82      -2216.447266
83      -2248.228027
84      -2280.065918
85      -2311.961182
86      -2343.913574
87      -2375.923828
88      -2407.991699
89      -2440.117188
90      -2472.300781
91      -2504.541992
92      -2536.841309
93      -2569.198242
94      -2601.613281
95      -2634.085938
96      -2666.616699
97      -2699.205078
98      -2731.851074
99      -2764.554199
100     -2797.314941
101     -2830.133301
102     -2863.008545
103     -2895.940430
104     -2928.929199
105     -2961.974609
106     -2995.076172
107     -3028.233643
108     -3061.446777
109     -3094.715576
110     -3128.039307
111     -3161.417969
112     -3194.851074
113     -3228.338379
114     -3261.879395
115     -3295.473633
116     -3329.121094
117     -3362.820801
118     -3396.572754
119     -3430.376465
120     -3464.231201
121     -3498.136719
122     -3532.092773
123     -3566.098145
124     -3600.153076
125     -3634.256836
126     -3668.408447
127     -3702.607666
128     -3736.854004
129     -3771.146973
130     -3805.485840
131     -3839.869629
132     -3874.298340
133     -3908.771484
134     -3943.287354
135     -3977.846436
136     -4012.447510
137     -4047.089844
138     -4081.773438
139     -4116.496582
140     -4151.258789
141     -4186.060547
142     -4220.900391
143     -4255.776367
144     -4290.689941
145     -4325.638672
146     -4360.622559
147     -4395.640625
148     -4430.692383
149     -4465.776367
150     -4500.892578
151     -4536.040039
152     -4571.217285
153     -4606.424805
154     -4641.660645
155     -4676.923828
156     -4712.214844
157     -4747.531250
158     -4782.873535
159     -4818.240234
160     -4853.630859
161     -4889.043945
162     -4924.479004
163     -4959.934570
164     -4995.411133
165     -5030.906738
166     -5066.419922
167     -5101.951172
168     -5137.499512
169     -5173.062500
170     -5208.641113
171     -5244.233398
172     -5279.838379
173     -5315.455566
174     -5351.083008
175     -5386.721680
176     -5422.369629
177     -5458.024902
178     -5493.687988
179     -5529.357422
180     -5565.032227
181     -5600.711914
182     -5636.394531
183     -5672.080566
184     -5707.767578
185     -5743.456055
186     -5779.143555
187     -5814.830078
188     -5850.514648
189     -5886.195801
190     -5921.872559
191     -5957.544922
192     -5993.210938
193     -6028.870605
194     -6064.522461
195     -6100.164551
196     -6135.796875
197     -6171.419434
198     -6207.029297
199     -6242.626953
200     -6278.211426
201     -6313.774414
202     -6349.321289
203     -6384.852539
204     -6420.365234
205     -6455.860840
206     -6491.336426
207     -6526.791992
208     -6562.226074
209     -6597.638672
210     -6633.022461
211     -6668.368164
212     -6703.688477
213     -6738.983398
214     -6774.239258
215     -6809.466797
216     -6844.666992
217     -6879.837402
218     -6914.977539
219     -6950.086426
220     -6985.164062
221     -7020.208984
222     -7055.219727
223     -7090.196289
224     -7125.137695
225     -7160.042969
226     -7194.910645
227     -7229.740723
228     -7264.532227
229     -7299.283203
230     -7333.995117
231     -7368.665527
232     -7403.293457
233     -7437.878906
234     -7472.420410
235     -7506.917969
236     -7541.370605
237     -7575.776855
238     -7610.136230
239     -7644.447266
240     -7678.678711
241     -7712.854492
242     -7746.980957
243     -7781.057129
244     -7815.082031
245     -7849.054688
246     -7882.975586
247     -7916.842773
248     -7950.655762
249     -7984.399414
250     -8018.084961
251     -8051.715332
252     -8085.288574
253     -8118.804199
254     -8152.262695
255     -8185.661621
256     -8219.000000
257     -8252.274414
258     -8285.488281
259     -8318.640625
260     -8351.730469
261     -8384.757812
262     -8417.722656
263     -8450.624023
264     -8483.460938
265     -8516.234375
266     -8548.940430
267     -8581.582031
268     -8614.157227
269     -8646.666016
270     -8679.106445
271     -8711.479492
272     -8743.784180
273     -8776.015625
274     -8808.167969
275     -8840.235352
276     -8872.224609
277     -8904.142578
278     -8935.988281
279     -8967.750000
280     -8999.433594
281     -9031.044922
282     -9062.582031
283     -9094.046875
284     -9125.437500
285     -9156.731445
286     -9187.943359
287     -9219.072266
288     -9250.121094
289     -9281.093750
290     -9311.991211
291     -9342.810547
292     -9373.554688
293     -9404.219727
294     -9434.791992
295     -9465.234375
296     -9495.566406
297     -9525.814453
298     -9555.982422
299     -9586.066406
300     -9616.065430
301     -9645.957031
302     -9675.759766
303     -9705.483398
304     -9735.105469
305     -9764.646484
306     -9794.107422
307     -9823.480469
308     -9852.771484
309     -9881.959961
310     -9911.060547
311     -9940.072266
312     -9968.979492
313     -9997.794922
314     -10026.528320
315     -10055.178711
316     -10083.692383
317     -10112.087891
318     -10140.397461
319     -10168.624023
320     -10196.730469
321     -10224.753906
322     -10252.681641
323     -10280.499023
324     -10308.203125
325     -10335.822266
326     -10363.354492
327     -10390.799805
328     -10418.160156
329     -10445.436523
330     -10472.630859
331     -10499.733398
332     -10526.715820
333     -10553.579102
334     -10580.304688
335     -10606.919922
336     -10633.437500
337     -10659.869141
338     -10686.214844
339     -10712.470703
340     -10738.615234
341     -10764.671875
342     -10790.610352
343     -10816.437500
344     -10842.156250
345     -10867.781250
346     -10893.314453
347     -10918.724609
348     -10944.041992
349     -10969.231445
350     -10994.306641
351     -11019.279297
352     -11044.157227
353     -11068.916016
354     -11093.583984
355     -11118.157227
356     -11142.612305
357     -11166.949219
358     -11191.176758
359     -11215.319336
360     -11239.368164
361     -11263.329102
362     -11287.177734
363     -11310.923828
364     -11334.569336
365     -11358.128906
366     -11381.585938
367     -11404.895508
368     -11428.105469
369     -11451.225586
370     -11474.259766
371     -11497.200195
372     -11520.018555
373     -11542.720703
374     -11565.302734
375     -11587.772461
376     -11610.151367
377     -11632.425781
378     -11654.582031
379     -11676.592773
380     -11698.494141
381     -11720.316406
382     -11742.050781
383     -11763.675781
384     -11785.182617
385     -11806.595703
386     -11827.921875
387     -11849.144531
388     -11870.251953
389     -11891.242188
390     -11912.146484
391     -11932.958984
392     -11953.686523
393     -11974.320312
394     -11994.859375
395     -12015.302734
396     -12035.657227
397     -12055.921875
398     -12076.069336
399     -12096.086914
400     -12115.979492
401     -12135.729492
402     -12155.290039
403     -12174.755859
404     -12194.103516
405     -12213.290039
406     -12232.394531
407     -12251.405273
408     -12270.294922
409     -12289.095703
410     -12307.820312
411     -12326.455078
412     -12344.990234
413     -12363.450195
414     -12381.791992
415     -12400.024414
416     -12418.155273
417     -12436.179688
418     -12454.080078
419     -12471.875000
420     -12489.554688
421     -12507.146484
422     -12524.664062
423     -12542.097656
424     -12559.427734
425     -12576.676758
426     -12593.849609
427     -12610.927734
428     -12627.876953
429     -12644.750000
430     -12661.533203
431     -12678.187500
432     -12694.752930
433     -12711.189453
434     -12727.447266
435     -12743.625000
436     -12759.730469
437     -12775.744141
438     -12791.646484
439     -12807.431641
440     -12823.107422
441     -12838.691406
442     -12854.193359
443     -12869.617188
444     -12884.917969
445     -12900.103516
446     -12915.216797
447     -12930.255859
448     -12945.195312
449     -12960.019531
450     -12974.773438
451     -12989.435547
452     -13004.013672
453     -13018.485352
454     -13032.855469
455     -13047.104492
456     -13061.260742
457     -13075.315430
458     -13089.274414
459     -13103.125000
460     -13116.900391
461     -13130.609375
462     -13144.236328
463     -13157.771484
464     -13171.211914
465     -13184.582031
466     -13197.854492
467     -13211.062500
468     -13224.197266
469     -13237.219727
470     -13250.188477
471     -13263.089844
472     -13275.894531
473     -13288.603516
474     -13301.231445
475     -13313.798828
476     -13326.304688
477     -13338.715820
478     -13351.062500
479     -13363.344727
480     -13375.578125
481     -13387.735352
482     -13399.816406
483     -13411.839844
484     -13423.788086
485     -13435.606445
486     -13447.324219
487     -13458.970703
488     -13470.564453
489     -13482.061523
490     -13493.453125
491     -13504.740234
492     -13515.939453
493     -13527.064453
494     -13538.105469
495     -13549.076172
496     -13559.958984
497     -13570.757812
498     -13581.498047
499     -13592.113281
500     -13602.637695
501     -13613.073242
502     -13623.420898
503     -13633.728516
504     -13643.988281
505     -13654.160156
506     -13664.259766
507     -13674.213867
508     -13684.111328
509     -13693.960938
510     -13703.765625
511     -13713.476562
512     -13723.144531
513     -13732.767578
514     -13742.308594
515     -13751.794922
516     -13761.218750
517     -13770.594727
518     -13779.927734
519     -13789.181641
520     -13798.390625
521     -13807.555664
522     -13816.676758
523     -13825.740234
524     -13834.724609
525     -13843.619141
526     -13852.418945
527     -13861.174805
528     -13869.849609
529     -13878.460938
530     -13887.014648
531     -13895.507812
532     -13903.957031
533     -13912.306641
534     -13920.570312
535     -13928.749023
536     -13936.863281
537     -13944.931641
538     -13952.926758
539     -13960.869141
540     -13968.776367
541     -13976.607422
542     -13984.346680
543     -13991.999023
544     -13999.560547
545     -14007.075195
546     -14014.557617
547     -14021.988281
548     -14029.359375
549     -14036.659180
550     -14043.911133
551     -14051.113281
552     -14058.253906
553     -14065.345703
554     -14072.392578
555     -14079.369141
556     -14086.265625
557     -14093.123047
558     -14099.875000
559     -14106.544922
560     -14113.170898
561     -14119.687500
562     -14126.167969
563     -14132.587891
564     -14138.943359
565     -14145.239258
566     -14151.486328
567     -14157.697266
568     -14163.868164
569     -14169.966797
570     -14176.001953
571     -14182.003906
572     -14187.975586
573     -14193.890625
574     -14199.722656
575     -14205.494141
576     -14211.208984
577     -14216.829102
578     -14222.383789
579     -14227.856445
580     -14233.300781
581     -14238.720703
582     -14244.099609
583     -14249.449219
584     -14254.754883
585     -14260.024414
586     -14265.255859
587     -14270.453125
588     -14275.620117
589     -14280.718750
590     -14285.773438
591     -14290.807617
592     -14295.809570
593     -14300.767578
594     -14305.677734
595     -14310.523438
596     -14315.291992
597     -14320.006836
598     -14324.701172
599     -14329.359375
600     -14333.943359
601     -14338.470703
602     -14342.968750
603     -14347.416016
604     -14351.792969
605     -14356.094727
606     -14360.371094
607     -14364.620117
608     -14368.851562
609     -14373.066406
610     -14377.240234
611     -14381.344727
612     -14385.408203
613     -14389.398438
614     -14393.342773
615     -14397.264648
616     -14401.151367
617     -14404.971680
618     -14408.744141
619     -14412.455078
620     -14416.151367
621     -14419.814453
622     -14423.438477
623     -14426.994141
624     -14430.531250
625     -14434.054688
626     -14437.539062
627     -14440.980469
628     -14444.378906
629     -14447.740234
630     -14451.085938
631     -14454.419922
632     -14457.743164
633     -14461.048828
634     -14464.332031
635     -14467.572266
636     -14470.785156
637     -14473.977539
638     -14477.142578
639     -14480.280273
640     -14483.381836
641     -14486.466797
642     -14489.517578
643     -14492.542969
644     -14495.540039
645     -14498.510742
646     -14501.444336
647     -14504.326172
648     -14507.183594
649     -14510.006836
650     -14512.801758
651     -14515.545898
652     -14518.272461
653     -14520.971680
654     -14523.646484
655     -14526.296875
656     -14528.928711
657     -14531.546875
658     -14534.126953
659     -14536.655273
660     -14539.151367
661     -14541.612305
662     -14544.040039
663     -14546.457031
664     -14548.865234
665     -14551.255859
666     -14553.637695
667     -14556.012695
668     -14558.380859
669     -14560.731445
670     -14563.067383
671     -14565.392578
672     -14567.694336
673     -14569.933594
674     -14572.157227
675     -14574.361328
676     -14576.550781
677     -14578.728516
678     -14580.886719
679     -14583.009766
680     -14585.117188
681     -14587.217773
682     -14589.308594
683     -14591.390625
684     -14593.469727
685     -14595.542969
686     -14597.604492
687     -14599.641602
688     -14601.660156
689     -14603.666016
690     -14605.657227
691     -14607.638672
692     -14609.605469
693     -14611.560547
694     -14613.510742
695     -14615.453125
696     -14617.377930
697     -14619.294922
698     -14621.169922
699     -14623.014648
700     -14624.850586
701     -14626.683594
702     -14628.511719
703     -14630.305664
704     -14632.084961
705     -14633.851562
706     -14635.571289
707     -14637.283203
708     -14638.992188
709     -14640.691406
710     -14642.374023
711     -14644.048828
712     -14645.717773
713     -14647.380859
714     -14649.024414
715     -14650.654297
716     -14652.273438
717     -14653.884766
718     -14655.483398
719     -14657.066406
720     -14658.632812
721     -14660.187500
722     -14661.718750
723     -14663.236328
724     -14664.747070
725     -14666.222656
726     -14667.688477
727     -14669.132812
728     -14670.570312
729     -14671.996094
730     -14673.417969
731     -14674.836914
732     -14676.252930
733     -14677.655273
734     -14679.042969
735     -14680.417969
736     -14681.789062
737     -14683.152344
738     -14684.508789
739     -14685.846680
740     -14687.179688
741     -14688.509766
742     -14689.830078
743     -14691.131836
744     -14692.425781
745     -14693.705078
746     -14694.978516
747     -14696.238281
748     -14697.494141
749     -14698.734375
750     -14699.965820
751     -14701.189453
752     -14702.404297
753     -14703.616211
754     -14704.812500
755     -14705.992188
756     -14707.164062
757     -14708.334961
758     -14709.484375
759     -14710.618164
760     -14711.750000
761     -14712.876953
762     -14714.001953
763     -14715.123047
764     -14716.238281
765     -14717.345703
766     -14718.428711
767     -14719.505859
768     -14720.581055
769     -14721.650391
770     -14722.715820
771     -14723.768555
772     -14724.819336
773     -14725.867188
774     -14726.914062
775     -14727.957031
776     -14728.992188
777     -14730.019531
778     -14731.040039
779     -14732.048828
780     -14733.051758
781     -14734.044922
782     -14735.037109
783     -14736.024414
784     -14736.996094
785     -14737.962891
786     -14738.926758
787     -14739.882812
788     -14740.824219
789     -14741.755859
790     -14742.685547
791     -14743.613281
792     -14744.541016
793     -14745.462891
794     -14746.379883
795     -14747.285156
796     -14748.182617
797     -14749.079102
798     -14749.961914
799     -14750.835938
800     -14751.708008
801     -14752.572266
802     -14753.433594
803     -14754.285156
804     -14755.130859
