1_data_1000
method                  1e-1          1e-2          1e-3          1e-4          1e-5          1e-6
3_PyTorch            2065.80       2528.32       4873.40       7745.40      10032.96      11087.60
4_PyTorch            2065.48       2525.68       4833.96       7773.60       9688.96      10760.04
5_JAX                 522.60        798.84       1524.96       3356.60       5937.96       7708.44
6_SciPy                 4.00          6.88         14.80         31.88         49.52         76.44

2_data_6000
method                  1e-1          1e-2          1e-3          1e-4          1e-5          1e-6
3_PyTorch            2068.28       2522.60       5585.48      14892.56      25422.04      28204.12
4_PyTorch            2069.00       2515.84       5694.96      15347.16      23407.68      28438.44
5_JAX                 525.80        802.00       1494.92       4368.32      10776.16      15588.68
6_SciPy                 3.00          8.00         16.44         33.68         72.96        158.56

3_data_25000
method                  1e-1          1e-2          1e-3          1e-4          1e-5          1e-6
3_PyTorch            2068.56       2523.68       5770.08      18585.64      46033.20      64540.92
4_PyTorch            2068.36       2521.64       5934.68      18969.40      44384.12      71252.88
5_JAX                 524.72        800.96       1477.92       4967.72      14360.84      31852.64
6_SciPy                 3.00          9.00         17.68         43.84         70.80        156.92

4_data_45000
method                  1e-1          1e-2          1e-3          1e-4          1e-5          1e-6
4_PyTorch            2068.60       2524.68       5916.88      18540.20      60032.56     100731.64

