Step            Loss
--------------------
1          18.999344
2          -8.953064
3         -36.905060
4         -64.856827
5         -92.807983
6        -120.758812
7        -148.709869
8        -176.660767
9        -204.612549
10       -232.565369
11       -260.520081
12       -288.477264
13       -316.437622
14       -344.402191
15       -372.371613
16       -400.346924
17       -428.329102
18       -456.319092
19       -484.318085
20       -512.326904
21       -540.346863
22       -568.379089
23       -596.424805
24       -624.484741
25       -652.560547
26       -680.652954
27       -708.763550
28       -736.893188
29       -765.042969
30       -793.214600
31       -821.408630
32       -849.626587
33       -877.869385
34       -906.138306
35       -934.434326
36       -962.758789
37       -991.112427
38      -1019.496765
39      -1047.912354
40      -1076.360596
41      -1104.842285
42      -1133.358643
43      -1161.910400
44      -1190.498779
45      -1219.124512
46      -1247.788574
47      -1276.491943
48      -1305.235596
49      -1334.020264
50      -1362.846924
51      -1391.716187
52      -1420.629150
53      -1449.586182
54      -1478.588379
55      -1507.636475
56      -1536.731201
57      -1565.873169
58      -1595.062988
59      -1624.301514
60      -1653.589111
61      -1682.926758
62      -1712.314697
63      -1741.753662
64      -1771.244263
65      -1800.786865
66      -1830.382324
67      -1860.030762
68      -1889.732910
69      -1919.488892
70      -1949.299316
71      -1979.164795
72      -2009.085449
73      -2039.061768
74      -2069.094238
75      -2099.182617
76      -2129.327881
77      -2159.530029
78      -2189.789551
79      -2220.106201
80      -2250.480469
81      -2280.912598
82      -2311.403320
83      -2341.951660
84      -2372.559082
85      -2403.224609
86      -2433.948730
87      -2464.731689
88      -2495.573730
89      -2526.474365
90      -2557.434082
91      -2588.452637
92      -2619.530273
93      -2650.666992
94      -2681.862549
95      -2713.116699
96      -2744.430176
97      -2775.802246
98      -2807.232910
99      -2838.722168
100     -2870.269531
101     -2901.875488
102     -2933.539551
103     -2965.261475
104     -2997.041016
105     -3028.877930
106     -3060.772461
107     -3092.723633
108     -3124.731445
109     -3156.795898
110     -3188.916504
111     -3221.092773
112     -3253.324707
113     -3285.611328
114     -3317.953125
115     -3350.349121
116     -3382.799072
117     -3415.302734
118     -3447.859375
119     -3480.468750
120     -3513.130371
121     -3545.843750
122     -3578.608154
123     -3611.423584
124     -3644.289307
125     -3677.204590
126     -3710.168701
127     -3743.181885
128     -3776.243164
129     -3809.351562
130     -3842.507080
131     -3875.708740
132     -3908.956299
133     -3942.248535
134     -3975.585205
135     -4008.965332
136     -4042.388916
137     -4075.854248
138     -4109.361816
139     -4142.910156
140     -4176.498535
141     -4210.126465
142     -4243.792969
143     -4277.498047
144     -4311.239746
145     -4345.018066
146     -4378.832031
147     -4412.681152
148     -4446.564453
149     -4480.480957
150     -4514.429688
151     -4548.409668
152     -4582.420898
153     -4616.462891
154     -4650.532227
155     -4684.631348
156     -4718.757812
157     -4752.910156
158     -4787.087891
159     -4821.291016
160     -4855.518066
161     -4889.768066
162     -4924.039551
163     -4958.332520
164     -4992.645996
165     -5026.978516
166     -5061.329102
167     -5095.697754
168     -5130.082520
169     -5164.483398
170     -5198.898438
171     -5233.327148
172     -5267.768555
173     -5302.222168
174     -5336.685547
175     -5371.160156
176     -5405.642578
177     -5440.133789
178     -5474.630859
179     -5509.134766
180     -5543.643555
181     -5578.156250
182     -5612.671875
183     -5647.189453
184     -5681.708008
185     -5716.226562
186     -5750.744629
187     -5785.260742
188     -5819.774414
189     -5854.283203
190     -5888.788086
191     -5923.287109
192     -5957.778809
193     -5992.262695
194     -6026.738770
195     -6061.204102
196     -6095.659180
197     -6130.103027
198     -6164.534180
199     -6198.951172
200     -6233.353516
201     -6267.741211
202     -6302.111816
203     -6336.463379
204     -6370.768066
205     -6405.031738
206     -6439.257812
207     -6473.463379
208     -6507.646484
209     -6541.807617
210     -6575.943848
211     -6610.055664
212     -6644.141113
213     -6678.200195
214     -6712.230957
215     -6746.233887
216     -6780.207031
217     -6814.149414
218     -6848.061035
219     -6881.940918
220     -6915.787109
221     -6949.599121
222     -6983.376953
223     -7017.119141
224     -7050.824707
225     -7084.492676
226     -7118.123047
227     -7151.708496
228     -7185.247070
229     -7218.746094
230     -7252.203125
231     -7285.617188
232     -7318.989258
233     -7352.315430
234     -7385.586426
235     -7418.811523
236     -7451.990723
237     -7485.123047
238     -7518.207031
239     -7551.243164
240     -7584.229492
241     -7617.166016
242     -7650.046387
243     -7682.871582
244     -7715.644531
245     -7748.364258
246     -7781.026855
247     -7813.631348
248     -7846.181152
249     -7878.675293
250     -7911.100586
251     -7943.466797
252     -7975.774414
253     -8008.023926
254     -8040.207520
255     -8072.322266
256     -8104.375977
257     -8136.370117
258     -8168.301758
259     -8200.171875
260     -8231.978516
261     -8263.722656
262     -8295.388672
263     -8326.988281
264     -8358.521484
265     -8389.988281
266     -8421.376953
267     -8452.699219
268     -8483.954102
269     -8515.140625
270     -8546.258789
271     -8577.309570
272     -8608.290039
273     -8639.201172
274     -8670.041992
275     -8700.812500
276     -8731.511719
277     -8762.138672
278     -8792.695312
279     -8823.173828
280     -8853.574219
281     -8883.901367
282     -8914.144531
283     -8944.292969
284     -8974.347656
285     -9004.302734
286     -9034.171875
287     -9063.965820
288     -9093.675781
289     -9123.308594
290     -9152.863281
291     -9182.339844
292     -9211.734375
293     -9241.042969
294     -9270.273438
295     -9299.423828
296     -9328.488281
297     -9357.462891
298     -9386.343750
299     -9415.123047
300     -9443.801758
301     -9472.383789
302     -9500.875977
303     -9529.281250
304     -9557.599609
305     -9585.830078
306     -9613.958984
307     -9641.984375
308     -9669.870117
309     -9697.669922
310     -9725.388672
311     -9753.024414
312     -9780.566406
313     -9808.001953
314     -9835.312500
315     -9862.488281
316     -9889.549805
317     -9916.528320
318     -9943.425781
319     -9970.219727
320     -9996.910156
321     -10023.491211
322     -10049.951172
323     -10076.314453
324     -10102.595703
325     -10128.793945
326     -10154.879883
327     -10180.882812
328     -10206.802734
329     -10232.637695
330     -10258.365234
331     -10283.965820
332     -10309.461914
333     -10334.867188
334     -10360.175781
335     -10385.375000
336     -10410.468750
337     -10435.479492
338     -10460.408203
339     -10485.251953
340     -10510.009766
341     -10534.678711
342     -10559.246094
343     -10583.732422
344     -10608.121094
345     -10632.410156
346     -10656.613281
347     -10680.726562
348     -10704.713867
349     -10728.615234
350     -10752.434570
351     -10776.138672
352     -10799.750000
353     -10823.243164
354     -10846.625000
355     -10869.917969
356     -10893.115234
357     -10916.205078
358     -10939.164062
359     -10962.040039
360     -10984.826172
361     -11007.517578
362     -11030.074219
363     -11052.539062
364     -11074.904297
365     -11097.150391
366     -11119.292969
367     -11141.353516
368     -11163.334961
369     -11185.224609
370     -11207.036133
371     -11228.757812
372     -11250.369141
373     -11271.890625
374     -11293.318359
375     -11314.631836
376     -11335.831055
377     -11356.917969
378     -11377.906250
379     -11398.814453
380     -11419.637695
381     -11440.354492
382     -11460.940430
383     -11481.414062
384     -11501.775391
385     -11522.046875
386     -11542.233398
387     -11562.316406
388     -11582.289062
389     -11602.183594
390     -11621.974609
391     -11641.632812
392     -11661.208984
393     -11680.683594
394     -11700.060547
395     -11719.321289
396     -11738.482422
397     -11757.539062
398     -11776.483398
399     -11795.307617
400     -11814.056641
401     -11832.726562
402     -11851.291016
403     -11869.728516
404     -11888.050781
405     -11906.288086
406     -11924.424805
407     -11942.450195
408     -11960.363281
409     -11978.156250
410     -11995.830078
411     -12013.427734
412     -12030.916016
413     -12048.310547
414     -12065.622070
415     -12082.809570
416     -12099.890625
417     -12116.810547
418     -12133.636719
419     -12150.365234
420     -12167.013672
421     -12183.533203
422     -12199.891602
423     -12216.181641
424     -12232.386719
425     -12248.466797
426     -12264.417969
427     -12280.265625
428     -12295.992188
429     -12311.642578
430     -12327.220703
431     -12342.724609
432     -12358.091797
433     -12373.337891
434     -12388.500000
435     -12403.601562
436     -12418.619141
437     -12433.577148
438     -12448.478516
439     -12463.289062
440     -12477.964844
441     -12492.542969
442     -12507.044922
443     -12521.464844
444     -12535.785156
445     -12550.009766
446     -12564.155273
447     -12578.212891
448     -12592.163086
449     -12605.912109
450     -12619.539062
451     -12633.056641
452     -12646.507812
453     -12659.881836
454     -12673.130859
455     -12686.275391
456     -12699.365234
457     -12712.379883
458     -12725.325195
459     -12738.166016
460     -12750.886719
461     -12763.525391
462     -12776.105469
463     -12788.599609
464     -12801.003906
465     -12813.343750
466     -12825.588867
467     -12837.727539
468     -12849.781250
469     -12861.714844
470     -12873.514648
471     -12885.226562
472     -12896.860352
473     -12908.395508
474     -12919.862305
475     -12931.265625
476     -12942.568359
477     -12953.767578
478     -12964.875000
479     -12975.899414
480     -12986.801758
481     -12997.615234
482     -13008.375000
483     -13019.083008
484     -13029.720703
485     -13040.311523
486     -13050.827148
487     -13061.260742
488     -13071.637695
489     -13081.912109
490     -13092.089844
491     -13102.149414
492     -13112.109375
493     -13122.001953
494     -13131.842773
495     -13141.639648
496     -13151.373047
497     -13161.019531
498     -13170.597656
499     -13180.097656
500     -13189.541016
501     -13198.912109
502     -13208.218750
503     -13217.460938
504     -13226.635742
505     -13235.710938
506     -13244.732422
507     -13253.633789
508     -13262.444336
509     -13271.207031
510     -13279.918945
511     -13288.583984
512     -13297.176758
513     -13305.656250
514     -13314.078125
515     -13322.434570
516     -13330.718750
517     -13338.955078
518     -13347.111328
519     -13355.173828
520     -13363.193359
521     -13371.179688
522     -13379.113281
523     -13387.009766
524     -13394.839844
525     -13402.622070
526     -13410.355469
527     -13418.039062
528     -13425.661133
529     -13433.232422
530     -13440.765625
531     -13448.255859
532     -13455.690430
533     -13463.045898
534     -13470.351562
535     -13477.562500
536     -13484.726562
537     -13491.824219
538     -13498.844727
539     -13505.803711
540     -13512.722656
541     -13519.602539
542     -13526.416016
543     -13533.182617
544     -13539.896484
545     -13546.562500
546     -13553.193359
547     -13559.730469
548     -13566.149414
549     -13572.481445
550     -13578.710938
551     -13584.837891
552     -13590.917969
553     -13596.965820
554     -13602.947266
555     -13608.836914
556     -13614.655273
557     -13620.410156
558     -13626.101562
559     -13631.728516
560     -13637.316406
561     -13642.851562
562     -13648.333008
563     -13653.764648
564     -13659.131836
565     -13664.474609
566     -13669.765625
567     -13675.031250
568     -13680.244141
569     -13685.408203
570     -13690.523438
571     -13695.568359
572     -13700.560547
573     -13705.517578
574     -13710.454102
575     -13715.348633
576     -13720.206055
577     -13725.033203
578     -13729.825195
579     -13734.560547
580     -13739.266602
581     -13743.930664
582     -13748.527344
583     -13753.080078
584     -13757.615234
585     -13762.109375
586     -13766.572266
587     -13771.000000
588     -13775.391602
589     -13779.769531
590     -13784.120117
591     -13788.425781
592     -13792.628906
593     -13796.768555
594     -13800.851562
595     -13804.891602
596     -13808.882812
597     -13812.841797
598     -13816.750000
599     -13820.636719
600     -13824.509766
601     -13828.346680
602     -13832.156250
603     -13835.936523
604     -13839.669922
605     -13843.360352
606     -13847.013672
607     -13850.652344
608     -13854.263672
609     -13857.830078
610     -13861.375000
611     -13864.909180
612     -13868.412109
613     -13871.869141
614     -13875.301758
615     -13878.689453
616     -13882.061523
617     -13885.414062
618     -13888.756836
619     -13892.087891
620     -13895.391602
621     -13898.656250
622     -13901.906250
623     -13905.125000
624     -13908.312500
625     -13911.462891
626     -13914.595703
627     -13917.683594
628     -13920.738281
629     -13923.767578
630     -13926.755859
631     -13929.667969
632     -13932.551758
633     -13935.416992
634     -13938.273438
635     -13941.123047
636     -13943.962891
637     -13946.784180
638     -13949.589844
639     -13952.389648
640     -13955.180664
641     -13957.940430
642     -13960.669922
643     -13963.380859
644     -13966.076172
645     -13968.762695
646     -13971.413086
647     -13974.047852
648     -13976.671875
649     -13979.285156
650     -13981.873047
651     -13984.453125
652     -13987.012695
653     -13989.559570
654     -13992.083984
655     -13994.585938
656     -13997.080078
657     -13999.562500
658     -14002.013672
659     -14004.453125
660     -14006.873047
661     -14009.281250
662     -14011.683594
663     -14014.048828
664     -14016.394531
665     -14018.726562
666     -14021.027344
667     -14023.277344
668     -14025.503906
669     -14027.714844
670     -14029.900391
671     -14032.073242
672     -14034.234375
673     -14036.379883
674     -14038.511719
675     -14040.640625
676     -14042.763672
677     -14044.879883
678     -14046.988281
679     -14049.089844
680     -14051.185547
681     -14053.257812
682     -14055.292969
683     -14057.322266
684     -14059.345703
685     -14061.359375
686     -14063.369141
687     -14065.371094
688     -14067.349609
689     -14069.286133
690     -14071.208008
691     -14073.112305
692     -14075.004883
693     -14076.871094
694     -14078.727539
695     -14080.576172
696     -14082.419922
697     -14084.251953
698     -14086.082031
699     -14087.900391
700     -14089.693359
701     -14091.481445
702     -14093.244141
703     -14094.997070
704     -14096.747070
705     -14098.494141
706     -14100.228516
707     -14101.951172
708     -14103.664062
709     -14105.363281
710     -14107.042969
711     -14108.707031
712     -14110.368164
713     -14112.006836
714     -14113.639648
715     -14115.269531
716     -14116.880859
717     -14118.476562
718     -14120.052734
719     -14121.623047
720     -14123.188477
721     -14124.717773
722     -14126.230469
723     -14127.733398
724     -14129.234375
725     -14130.721680
726     -14132.203125
727     -14133.682617
728     -14135.156250
729     -14136.619141
730     -14138.078125
731     -14139.533203
732     -14140.986328
733     -14142.434570
734     -14143.869141
735     -14145.283203
736     -14146.698242
737     -14148.110352
738     -14149.516602
739     -14150.908203
740     -14152.294922
741     -14153.681641
742     -14155.056641
743     -14156.426758
744     -14157.789062
745     -14159.149414
746     -14160.494141
747     -14161.830078
748     -14163.156250
749     -14164.474609
750     -14165.790039
751     -14167.091797
752     -14168.391602
753     -14169.691406
754     -14170.983398
755     -14172.265625
756     -14173.545898
757     -14174.824219
758     -14176.101562
759     -14177.377930
760     -14178.650391
761     -14179.919922
762     -14181.181641
763     -14182.423828
764     -14183.651367
765     -14184.870117
766     -14186.083984
767     -14187.289062
768     -14188.491211
769     -14189.692383
770     -14190.880859
771     -14192.064453
772     -14193.248047
773     -14194.423828
774     -14195.597656
775     -14196.761719
776     -14197.919922
777     -14199.077148
778     -14200.232422
779     -14201.386719
780     -14202.539062
781     -14203.691406
782     -14204.835938
783     -14205.967773
784     -14207.097656
785     -14208.226562
786     -14209.354492
787     -14210.478516
788     -14211.598633
789     -14212.716797
790     -14213.830078
791     -14214.936523
792     -14216.023438
793     -14217.108398
794     -14218.187500
795     -14219.265625
796     -14220.335938
797     -14221.405273
798     -14222.473633
799     -14223.538086
800     -14224.600586
801     -14225.657227
802     -14226.708008
803     -14227.753906
804     -14228.799805
805     -14229.843750
806     -14230.884766
807     -14231.921875
808     -14232.958984
809     -14233.992188
810     -14235.021484
811     -14236.045898
812     -14237.066406
813     -14238.083984
814     -14239.091797
815     -14240.095703
816     -14241.093750
817     -14242.087891
818     -14243.075195
819     -14244.059570
820     -14245.041992
821     -14246.021484
822     -14247.000977
823     -14247.978516
824     -14248.955078
825     -14249.924805
826     -14250.894531
827     -14251.857422
828     -14252.800781
829     -14253.738281
830     -14254.673828
831     -14255.604492
832     -14256.532227
833     -14257.457031
834     -14258.378906
835     -14259.298828
836     -14260.217773
837     -14261.136719
838     -14262.051758
839     -14262.963867
840     -14263.869141
841     -14264.773438
842     -14265.675781
843     -14266.578125
844     -14267.477539
845     -14268.375000
846     -14269.270508
847     -14270.161133
848     -14271.042969
849     -14271.917969
850     -14272.787109
851     -14273.654297
852     -14274.517578
853     -14275.375000
854     -14276.232422
855     -14277.087891
856     -14277.941406
857     -14278.792969
858     -14279.642578
859     -14280.492188
860     -14281.337891
861     -14282.183594
862     -14283.025391
863     -14283.863281
864     -14284.697266
865     -14285.524414
866     -14286.351562
867     -14287.175781
868     -14287.996094
869     -14288.812500
870     -14289.626953
871     -14290.437500
872     -14291.247070
873     -14292.051758
874     -14292.854492
875     -14293.650391
876     -14294.439453
877     -14295.228516
878     -14296.014648
879     -14296.795898
880     -14297.571289
881     -14298.345703
882     -14299.118164
883     -14299.888672
884     -14300.658203
885     -14301.425781
886     -14302.189453
887     -14302.953125
888     -14303.712891
889     -14304.470703
890     -14305.216797
891     -14305.959961
892     -14306.702148
893     -14307.442383
894     -14308.180664
895     -14308.917969
896     -14309.650391
897     -14310.381836
898     -14311.102539
899     -14311.818359
900     -14312.530273
901     -14313.239258
902     -14313.945312
903     -14314.650391
904     -14315.355469
905     -14316.056641
906     -14316.755859
907     -14317.453125
908     -14318.149414
909     -14318.840820
910     -14319.528320
911     -14320.208984
912     -14320.884766
913     -14321.557617
914     -14322.227539
915     -14322.896484
916     -14323.561523
917     -14324.226562
918     -14324.888672
919     -14325.544922
920     -14326.197266
921     -14326.849609
922     -14327.498047
923     -14328.144531
924     -14328.789062
925     -14329.432617
926     -14330.072266
927     -14330.707031
928     -14331.337891
929     -14331.964844
930     -14332.591797
931     -14333.214844
932     -14333.834961
933     -14334.449219
934     -14335.056641
935     -14335.658203
936     -14336.259766
937     -14336.857422
938     -14337.453125
939     -14338.048828
940     -14338.641602
941     -14339.232422
942     -14339.819336
943     -14340.388672
944     -14340.955078
945     -14341.517578
946     -14342.082031
947     -14342.642578
948     -14343.203125
949     -14343.760742
950     -14344.318359
951     -14344.867188
952     -14345.409180
953     -14345.950195
954     -14346.490234
955     -14347.027344
956     -14347.564453
957     -14348.099609
958     -14348.630859
959     -14349.161133
960     -14349.690430
961     -14350.216797
962     -14350.741211
963     -14351.261719
964     -14351.779297
965     -14352.294922
966     -14352.810547
967     -14353.325195
968     -14353.837891
969     -14354.347656
970     -14354.857422
971     -14355.365234
972     -14355.872070
973     -14356.376953
974     -14356.880859
975     -14357.381836
976     -14357.871094
977     -14358.353516
978     -14358.835938
979     -14359.314453
980     -14359.792969
981     -14360.262695
982     -14360.727539
983     -14361.191406
984     -14361.652344
985     -14362.112305
986     -14362.572266
987     -14363.030273
988     -14363.486328
989     -14363.942383
990     -14364.396484
991     -14364.849609
992     -14365.295898
993     -14365.739258
994     -14366.180664
995     -14366.621094
996     -14367.062500
997     -14367.498047
998     -14367.931641
999     -14368.361328
1000    -14368.791016
1001    -14369.218750
1002    -14369.645508
1003    -14370.071289
1004    -14370.494141
1005    -14370.916016
1006    -14371.335938
1007    -14371.753906
1008    -14372.171875
1009    -14372.589844
1010    -14373.005859
1011    -14373.419922
1012    -14373.833984
1013    -14374.246094
1014    -14374.657227
1015    -14375.068359
1016    -14375.478516
1017    -14375.886719
1018    -14376.293945
1019    -14376.701172
1020    -14377.105469
1021    -14377.507812
1022    -14377.910156
1023    -14378.308594
1024    -14378.706055
1025    -14379.102539
1026    -14379.496094
1027    -14379.888672
1028    -14380.278320
1029    -14380.664062
1030    -14381.047852
1031    -14381.429688
1032    -14381.811523
1033    -14382.183594
1034    -14382.552734
1035    -14382.921875
1036    -14383.288086
1037    -14383.654297
1038    -14384.020508
1039    -14384.384766
1040    -14384.749023
1041    -14385.113281
1042    -14385.474609
1043    -14385.836914
1044    -14386.198242
1045    -14386.559570
1046    -14386.916016
1047    -14387.271484
1048    -14387.626953
1049    -14387.980469
1050    -14388.335938
1051    -14388.687500
1052    -14389.040039
1053    -14389.390625
1054    -14389.733398
1055    -14390.075195
1056    -14390.416016
1057    -14390.755859
1058    -14391.095703
1059    -14391.433594
1060    -14391.771484
1061    -14392.106445
1062    -14392.441406
1063    -14392.774414
1064    -14393.106445
1065    -14393.436523
1066    -14393.767578
1067    -14394.097656
1068    -14394.425781
1069    -14394.753906
1070    -14395.082031
1071    -14395.409180
1072    -14395.736328
1073    -14396.060547
1074    -14396.382812
1075    -14396.704102
1076    -14397.025391
1077    -14397.345703
1078    -14397.666016
1079    -14397.985352
1080    -14398.304688
1081    -14398.621094
1082    -14398.929688
1083    -14399.238281
1084    -14399.545898
1085    -14399.853516
1086    -14400.160156
1087    -14400.465820
1088    -14400.772461
1089    -14401.078125
1090    -14401.382812
1091    -14401.687500
1092    -14401.992188
1093    -14402.294922
1094    -14402.598633
1095    -14402.902344
1096    -14403.205078
1097    -14403.507812
1098    -14403.809570
1099    -14404.111328
1100    -14404.412109
1101    -14404.713867
1102    -14405.013672
1103    -14405.314453
1104    -14405.613281
1105    -14405.914062
1106    -14406.208008
1107    -14406.496094
1108    -14406.781250
1109    -14407.068359
1110    -14407.354492
1111    -14407.640625
1112    -14407.924805
1113    -14408.208984
1114    -14408.488281
1115    -14408.767578
1116    -14409.047852
1117    -14409.326172
1118    -14409.605469
1119    -14409.884766
1120    -14410.162109
1121    -14410.441406
1122    -14410.716797
1123    -14410.990234
1124    -14411.257812
1125    -14411.525391
1126    -14411.792969
1127    -14412.059570
1128    -14412.327148
1129    -14412.593750
1130    -14412.852539
1131    -14413.109375
1132    -14413.367188
1133    -14413.625000
1134    -14413.882812
1135    -14414.140625
1136    -14414.396484
1137    -14414.654297
1138    -14414.910156
1139    -14415.167969
1140    -14415.423828
1141    -14415.679688
1142    -14415.930664
1143    -14416.177734
1144    -14416.424805
1145    -14416.671875
1146    -14416.917969
1147    -14417.165039
1148    -14417.410156
1149    -14417.657227
1150    -14417.903320
1151    -14418.148438
1152    -14418.394531
1153    -14418.638672
1154    -14418.882812
1155    -14419.126953
1156    -14419.369141
1157    -14419.613281
1158    -14419.853516
1159    -14420.089844
1160    -14420.322266
1161    -14420.554688
1162    -14420.787109
1163    -14421.016602
1164    -14421.248047
1165    -14421.478516
1166    -14421.708984
1167    -14421.940430
1168    -14422.169922
1169    -14422.400391
1170    -14422.630859
1171    -14422.861328
1172    -14423.090820
1173    -14423.320312
1174    -14423.548828
1175    -14423.776367
1176    -14424.003906
1177    -14424.232422
1178    -14424.458984
1179    -14424.686523
1180    -14424.914062
1181    -14425.140625
1182    -14425.368164
1183    -14425.593750
1184    -14425.818359
1185    -14426.043945
1186    -14426.267578
1187    -14426.487305
1188    -14426.707031
1189    -14426.926758
1190    -14427.146484
1191    -14427.367188
1192    -14427.585938
1193    -14427.805664
1194    -14428.025391
1195    -14428.244141
1196    -14428.463867
1197    -14428.683594
1198    -14428.902344
1199    -14429.121094
1200    -14429.339844
1201    -14429.559570
1202    -14429.778320
1203    -14429.996094
1204    -14430.212891
1205    -14430.429688
1206    -14430.646484
1207    -14430.862305
1208    -14431.075195
1209    -14431.285156
1210    -14431.497070
1211    -14431.708008
1212    -14431.919922
1213    -14432.130859
1214    -14432.340820
1215    -14432.551758
1216    -14432.761719
1217    -14432.970703
1218    -14433.179688
1219    -14433.388672
1220    -14433.597656
1221    -14433.806641
1222    -14434.015625
1223    -14434.223633
1224    -14434.432617
1225    -14434.640625
1226    -14434.849609
1227    -14435.056641
1228    -14435.263672
1229    -14435.472656
1230    -14435.679688
1231    -14435.886719
1232    -14436.095703
1233    -14436.302734
1234    -14436.509766
1235    -14436.716797
1236    -14436.922852
1237    -14437.130859
1238    -14437.335938
1239    -14437.542969
1240    -14437.748047
1241    -14437.947266
1242    -14438.147461
1243    -14438.341797
1244    -14438.537109
1245    -14438.732422
1246    -14438.926758
1247    -14439.121094
1248    -14439.315430
1249    -14439.509766
1250    -14439.704102
1251    -14439.898438
1252    -14440.090820
1253    -14440.285156
1254    -14440.478516
1255    -14440.671875
1256    -14440.865234
1257    -14441.057617
1258    -14441.250000
1259    -14441.441406
1260    -14441.632812
1261    -14441.825195
1262    -14442.015625
1263    -14442.207031
1264    -14442.398438
1265    -14442.589844
1266    -14442.780273
1267    -14442.970703
1268    -14443.162109
1269    -14443.352539
1270    -14443.542969
1271    -14443.726562
1272    -14443.910156
1273    -14444.094727
1274    -14444.278320
1275    -14444.460938
1276    -14444.644531
1277    -14444.828125
1278    -14445.009766
1279    -14445.193359
1280    -14445.375000
1281    -14445.558594
1282    -14445.740234
1283    -14445.921875
1284    -14446.104492
1285    -14446.287109
1286    -14446.468750
1287    -14446.650391
1288    -14446.831055
1289    -14447.011719
1290    -14447.193359
1291    -14447.375000
1292    -14447.554688
1293    -14447.736328
1294    -14447.916992
1295    -14448.096680
1296    -14448.277344
1297    -14448.458008
1298    -14448.637695
1299    -14448.816406
1300    -14448.996094
1301    -14449.173828
1302    -14449.351562
1303    -14449.531250
1304    -14449.708984
1305    -14449.886719
1306    -14450.064453
1307    -14450.241211
1308    -14450.417969
1309    -14450.595703
1310    -14450.771484
1311    -14450.949219
1312    -14451.125000
1313    -14451.300781
1314    -14451.476562
1315    -14451.652344
1316    -14451.824219
1317    -14451.997070
1318    -14452.169922
1319    -14452.341797
1320    -14452.513672
1321    -14452.685547
1322    -14452.856445
1323    -14453.026367
1324    -14453.197266
1325    -14453.367188
1326    -14453.539062
1327    -14453.707031
1328    -14453.874023
1329    -14454.041016
1330    -14454.208984
1331    -14454.375000
1332    -14454.541016
1333    -14454.706055
1334    -14454.872070
1335    -14455.036133
1336    -14455.201172
1337    -14455.365234
1338    -14455.529297
1339    -14455.693359
1340    -14455.856445
1341    -14456.019531
1342    -14456.182617
1343    -14456.344727
1344    -14456.505859
1345    -14456.666992
1346    -14456.828125
1347    -14456.989258
1348    -14457.148438
1349    -14457.308594
1350    -14457.468750
1351    -14457.626953
1352    -14457.785156
1353    -14457.944336
1354    -14458.102539
1355    -14458.259766
1356    -14458.417969
1357    -14458.574219
1358    -14458.730469
1359    -14458.885742
1360    -14459.041992
1361    -14459.197266
1362    -14459.351562
1363    -14459.505859
1364    -14459.657227
1365    -14459.810547
1366    -14459.962891
1367    -14460.115234
1368    -14460.266602
1369    -14460.417969
1370    -14460.568359
1371    -14460.718750
1372    -14460.869141
1373    -14461.019531
1374    -14461.167969
1375    -14461.316406
1376    -14461.463867
1377    -14461.611328
1378    -14461.758789
1379    -14461.906250
1380    -14462.052734
1381    -14462.199219
1382    -14462.343750
1383    -14462.489258
1384    -14462.633789
1385    -14462.777344
1386    -14462.921875
1387    -14463.065430
1388    -14463.205078
1389    -14463.347656
1390    -14463.488281
1391    -14463.626953
1392    -14463.765625
1393    -14463.904297
1394    -14464.042969
1395    -14464.180664
1396    -14464.318359
1397    -14464.455078
1398    -14464.592773
1399    -14464.728516
1400    -14464.865234
1401    -14465.000977
1402    -14465.134766
1403    -14465.270508
1404    -14465.405273
1405    -14465.538086
1406    -14465.671875
1407    -14465.804688
1408    -14465.937500
1409    -14466.069336
1410    -14466.201172
1411    -14466.333008
1412    -14466.462891
1413    -14466.594727
1414    -14466.724609
1415    -14466.855469
1416    -14466.984375
1417    -14467.113281
1418    -14467.242188
1419    -14467.371094
1420    -14467.498047
1421    -14467.624023
1422    -14467.750000
1423    -14467.875000
1424    -14468.000000
1425    -14468.125000
1426    -14468.248047
1427    -14468.373047
1428    -14468.496094
1429    -14468.619141
1430    -14468.742188
1431    -14468.863281
1432    -14468.983398
1433    -14469.099609
1434    -14469.211914
1435    -14469.324219
1436    -14469.435547
1437    -14469.547852
1438    -14469.660156
1439    -14469.769531
1440    -14469.880859
1441    -14469.991211
1442    -14470.101562
1443    -14470.210938
1444    -14470.320312
