Step            Loss
--------------------
1          36.983238
2           9.875252
3         -17.231766
4         -44.338135
5         -71.443260
6         -98.547836
7        -125.652245
8        -152.756851
9        -179.862213
10       -206.968689
11       -234.076950
12       -261.187561
13       -288.300903
14       -315.417755
15       -342.538818
16       -369.665100
17       -396.797302
18       -423.936462
19       -451.083466
20       -478.239532
21       -505.405579
22       -532.582764
23       -559.772095
24       -586.975098
25       -614.192566
26       -641.426025
27       -668.676514
28       -695.945312
29       -723.233765
30       -750.542847
31       -777.874146
32       -805.228577
33       -832.607361
34       -860.011963
35       -887.443726
36       -914.903320
37       -942.392090
38       -969.911560
39       -997.462646
40      -1025.046753
41      -1052.664551
42      -1080.317505
43      -1108.006836
44      -1135.733521
45      -1163.498535
46      -1191.302979
47      -1219.148193
48      -1247.034912
49      -1274.964111
50      -1302.937256
51      -1330.954590
52      -1359.017334
53      -1387.126709
54      -1415.283081
55      -1443.487671
56      -1471.741211
57      -1500.044434
58      -1528.398315
59      -1556.803711
60      -1585.260986
61      -1613.771118
62      -1642.335083
63      -1670.953247
64      -1699.626221
65      -1728.354980
66      -1757.140137
67      -1785.982178
68      -1814.881592
69      -1843.839355
70      -1872.855957
71      -1901.931885
72      -1931.067383
73      -1960.263428
74      -1989.520264
75      -2018.838379
76      -2048.218506
77      -2077.660889
78      -2107.165771
79      -2136.733887
80      -2166.365479
81      -2196.060791
82      -2225.820312
83      -2255.644531
84      -2285.533447
85      -2315.487305
86      -2345.506592
87      -2375.591797
88      -2405.742432
89      -2435.958984
90      -2466.241699
91      -2496.590820
92      -2527.006348
93      -2557.488281
94      -2588.037109
95      -2618.652344
96      -2649.334473
97      -2680.083496
98      -2710.898926
99      -2741.781250
100     -2772.730225
101     -2803.746094
102     -2834.828369
103     -2865.977051
104     -2897.192383
105     -2928.473633
106     -2959.821289
107     -2991.234619
108     -3022.713623
109     -3054.258301
110     -3085.868408
111     -3117.543457
112     -3149.283447
113     -3181.088135
114     -3212.949707
115     -3244.862793
116     -3276.840088
117     -3308.880371
118     -3340.983398
119     -3373.148926
120     -3405.376465
121     -3437.665527
122     -3470.015869
123     -3502.427246
124     -3534.898926
125     -3567.430176
126     -3600.020996
127     -3632.670654
128     -3665.378906
129     -3698.144531
130     -3730.967773
131     -3763.847656
132     -3796.783691
133     -3829.775391
134     -3862.822266
135     -3895.923340
136     -3929.077881
137     -3962.285645
138     -3995.545898
139     -4028.857910
140     -4062.220703
141     -4095.633789
142     -4129.096680
143     -4162.608398
144     -4196.167969
145     -4229.775391
146     -4263.429199
147     -4297.128418
148     -4330.873047
149     -4364.661621
150     -4398.493652
151     -4432.368164
152     -4466.284180
153     -4500.241211
154     -4534.238281
155     -4568.273438
156     -4602.347656
157     -4636.459473
158     -4670.606934
159     -4704.790039
160     -4739.007324
161     -4773.258301
162     -4807.541992
163     -4841.856934
164     -4876.202637
165     -4910.578125
166     -4944.982422
167     -4979.414062
168     -5013.872070
169     -5048.356445
170     -5082.865234
171     -5117.397461
172     -5151.953125
173     -5186.529297
174     -5221.126953
175     -5255.743164
176     -5290.372559
177     -5325.018555
178     -5359.680664
179     -5394.358398
180     -5429.049805
181     -5463.755371
182     -5498.472656
183     -5533.200684
184     -5567.938477
185     -5602.685547
186     -5637.440430
187     -5672.202148
188     -5706.968750
189     -5741.740723
190     -5776.516602
191     -5811.276367
192     -5846.020020
193     -5880.765625
194     -5915.508789
195     -5950.250000
196     -5984.988770
197     -6019.722656
198     -6054.443359
199     -6089.153320
200     -6123.855469
201     -6158.548828
202     -6193.232910
203     -6227.906250
204     -6262.567383
205     -6297.215820
206     -6331.849609
207     -6366.468750
208     -6401.072266
209     -6435.657715
210     -6470.225098
211     -6504.773438
212     -6539.301758
213     -6573.808105
214     -6608.291992
215     -6642.752930
216     -6677.188477
217     -6711.599609
218     -6745.983398
219     -6780.340332
220     -6814.668457
221     -6848.967285
222     -6883.235840
223     -6917.472656
224     -6951.676758
225     -6985.847656
226     -7019.984375
227     -7054.085938
228     -7088.150391
229     -7122.177734
230     -7156.167969
231     -7190.118164
232     -7224.029297
233     -7257.898438
234     -7291.726562
235     -7325.511719
236     -7359.234375
237     -7392.911621
238     -7426.542969
239     -7460.127930
240     -7493.666504
241     -7527.157227
242     -7560.598145
243     -7593.990234
244     -7627.332031
245     -7660.618652
246     -7693.843750
247     -7727.016602
248     -7760.135742
249     -7793.200195
250     -7826.198242
251     -7859.137207
252     -7892.019531
253     -7924.845215
254     -7957.612305
255     -7990.321289
256     -8022.970703
257     -8055.559570
258     -8088.082031
259     -8120.538086
260     -8152.932617
261     -8185.253906
262     -8217.501953
263     -8249.666016
264     -8281.737305
265     -8313.741211
266     -8345.671875
267     -8377.535156
268     -8409.330078
269     -8441.058594
270     -8472.717773
271     -8504.296875
272     -8535.806641
273     -8567.246094
274     -8598.616211
275     -8629.915039
276     -8661.140625
277     -8692.281250
278     -8723.343750
279     -8754.326172
280     -8785.227539
281     -8816.054688
282     -8846.796875
283     -8877.465820
284     -8908.059570
285     -8938.573242
286     -8969.000977
287     -8999.351562
288     -9029.626953
289     -9059.824219
290     -9089.943359
291     -9119.986328
292     -9149.951172
293     -9179.836914
294     -9209.644531
295     -9239.373047
296     -9269.021484
297     -9298.590820
298     -9328.078125
299     -9357.479492
300     -9386.787109
301     -9415.997070
302     -9445.125000
303     -9474.166016
304     -9503.106445
305     -9531.960938
306     -9560.691406
307     -9589.337891
308     -9617.873047
309     -9646.326172
310     -9674.687500
311     -9702.954102
312     -9731.134766
313     -9759.205078
314     -9787.153320
315     -9815.017578
316     -9842.791992
317     -9870.432617
318     -9897.970703
319     -9925.402344
320     -9952.717773
321     -9979.915039
322     -10007.017578
323     -10034.000977
324     -10060.849609
325     -10087.608398
326     -10114.278320
327     -10140.863281
328     -10167.365234
329     -10193.781250
330     -10220.105469
331     -10246.337891
332     -10272.484375
333     -10298.546875
334     -10324.512695
335     -10350.367188
336     -10376.126953
337     -10401.791016
338     -10427.359375
339     -10452.840820
340     -10478.207031
341     -10503.480469
342     -10528.666016
343     -10553.755859
344     -10578.759766
345     -10603.662109
346     -10628.459961
347     -10653.161133
348     -10677.764648
349     -10702.251953
350     -10726.644531
351     -10750.935547
352     -10775.139648
353     -10799.193359
354     -10823.118164
355     -10846.951172
356     -10870.666016
357     -10894.259766
358     -10917.753906
359     -10941.166016
360     -10964.490234
361     -10987.708008
362     -11010.832031
363     -11033.824219
364     -11056.683594
365     -11079.451172
366     -11102.107422
367     -11124.642578
368     -11147.083008
369     -11169.404297
370     -11191.619141
371     -11213.742188
372     -11235.755859
373     -11257.667969
374     -11279.482422
375     -11301.215820
376     -11322.839844
377     -11344.341797
378     -11365.732422
379     -11387.027344
380     -11408.214844
381     -11429.279297
382     -11450.242188
383     -11471.097656
384     -11491.860352
385     -11512.496094
386     -11533.030273
387     -11553.464844
388     -11573.775391
389     -11593.949219
390     -11614.007812
391     -11633.976562
392     -11653.869141
393     -11673.671875
394     -11693.384766
395     -11712.978516
396     -11732.465820
397     -11751.843750
398     -11771.064453
399     -11790.174805
400     -11809.195312
401     -11828.144531
402     -11846.995117
403     -11865.732422
404     -11884.346680
405     -11902.882812
406     -11921.316406
407     -11939.667969
408     -11957.875977
409     -11975.945312
410     -11993.896484
411     -12011.752930
412     -12029.509766
413     -12047.174805
414     -12064.707031
415     -12082.132812
416     -12099.490234
417     -12116.736328
418     -12133.875000
419     -12150.908203
420     -12167.808594
421     -12184.630859
422     -12201.353516
423     -12217.966797
424     -12234.484375
425     -12250.859375
426     -12267.136719
427     -12283.342773
428     -12299.475586
429     -12315.508789
430     -12331.401367
431     -12347.197266
432     -12362.877930
433     -12378.471680
434     -12393.972656
435     -12409.395508
436     -12424.732422
437     -12439.976562
438     -12455.053711
439     -12470.028320
440     -12484.922852
441     -12499.742188
442     -12514.484375
443     -12529.132812
444     -12543.675781
445     -12558.148438
446     -12572.557617
447     -12586.888672
448     -12601.132812
449     -12615.291016
450     -12629.380859
451     -12643.396484
452     -12657.320312
453     -12671.164062
454     -12684.939453
455     -12698.626953
456     -12712.243164
457     -12725.782227
458     -12739.246094
459     -12752.645508
460     -12765.917969
461     -12779.095703
462     -12792.198242
463     -12805.203125
464     -12818.080078
465     -12830.854492
466     -12843.546875
467     -12856.157227
468     -12868.656250
469     -12881.060547
470     -12893.353516
471     -12905.560547
472     -12917.695312
473     -12929.732422
474     -12941.686523
475     -12953.595703
476     -12965.429688
477     -12977.195312
478     -12988.904297
479     -13000.527344
480     -13012.083984
481     -13023.552734
482     -13034.943359
483     -13046.265625
484     -13057.478516
485     -13068.595703
486     -13079.644531
487     -13090.580078
488     -13101.420898
489     -13112.169922
490     -13122.855469
491     -13133.455078
492     -13143.952148
493     -13154.394531
494     -13164.775391
495     -13175.072266
496     -13185.292969
497     -13195.457031
498     -13205.523438
499     -13215.503906
500     -13225.399414
501     -13235.234375
502     -13245.017578
503     -13254.713867
504     -13264.300781
505     -13273.828125
506     -13283.275391
507     -13292.641602
508     -13301.935547
509     -13311.186523
510     -13320.371094
511     -13329.495117
512     -13338.556641
513     -13347.545898
514     -13356.450195
515     -13365.234375
516     -13373.970703
517     -13382.658203
518     -13391.257812
519     -13399.769531
520     -13408.198242
521     -13416.526367
522     -13424.791016
523     -13432.986328
524     -13441.125977
525     -13449.196289
526     -13457.195312
527     -13465.136719
528     -13473.031250
529     -13480.847656
530     -13488.583984
531     -13496.267578
532     -13503.908203
533     -13511.512695
534     -13519.079102
535     -13526.583984
536     -13534.017578
537     -13541.404297
538     -13548.716797
539     -13555.958984
540     -13563.153320
541     -13570.271484
542     -13577.337891
543     -13584.368164
544     -13591.354492
545     -13598.300781
546     -13605.173828
547     -13611.963867
548     -13618.705078
549     -13625.375977
550     -13632.005859
551     -13638.574219
552     -13645.061523
553     -13651.494141
554     -13657.871094
555     -13664.152344
556     -13670.352539
557     -13676.468750
558     -13682.463867
559     -13688.343750
560     -13694.167969
561     -13699.900391
562     -13705.598633
563     -13711.255859
564     -13716.828125
565     -13722.369141
566     -13727.867188
567     -13733.347656
568     -13738.792969
569     -13744.178711
570     -13749.515625
571     -13754.799805
572     -13760.046875
573     -13765.263672
574     -13770.425781
575     -13775.511719
576     -13780.568359
577     -13785.592773
578     -13790.564453
579     -13795.497070
580     -13800.408203
581     -13805.294922
582     -13810.113281
583     -13814.845703
584     -13819.541992
585     -13824.184570
586     -13828.781250
587     -13833.344727
588     -13837.880859
589     -13842.399414
590     -13846.851562
591     -13851.253906
592     -13855.617188
593     -13859.955078
594     -13864.267578
595     -13868.530273
596     -13872.735352
597     -13876.910156
598     -13881.058594
599     -13885.175781
600     -13889.232422
601     -13893.260742
602     -13897.236328
603     -13901.144531
604     -13904.994141
605     -13908.809570
606     -13912.590820
607     -13916.332031
608     -13920.048828
609     -13923.710938
610     -13927.312500
611     -13930.884766
612     -13934.426758
613     -13937.931641
614     -13941.373047
615     -13944.775391
616     -13948.142578
617     -13951.478516
618     -13954.787109
619     -13958.067383
620     -13961.320312
621     -13964.547852
622     -13967.761719
623     -13970.964844
624     -13974.134766
625     -13977.253906
626     -13980.343750
627     -13983.386719
628     -13986.416016
629     -13989.412109
630     -13992.399414
631     -13995.332031
632     -13998.223633
633     -14001.074219
634     -14003.871094
635     -14006.634766
636     -14009.371094
637     -14012.099609
638     -14014.784180
639     -14017.410156
640     -14020.021484
641     -14022.619141
642     -14025.197266
643     -14027.740234
644     -14030.251953
645     -14032.740234
646     -14035.212891
647     -14037.669922
648     -14040.105469
649     -14042.528320
650     -14044.925781
651     -14047.316406
652     -14049.681641
653     -14051.996094
654     -14054.294922
655     -14056.573242
656     -14058.834961
657     -14061.080078
658     -14063.314453
659     -14065.533203
660     -14067.728516
661     -14069.873047
662     -14071.990234
663     -14074.088867
664     -14076.171875
665     -14078.215820
666     -14080.232422
667     -14082.232422
668     -14084.210938
669     -14086.183594
670     -14088.138672
671     -14090.083984
672     -14092.011719
673     -14093.881836
674     -14095.722656
675     -14097.552734
676     -14099.363281
677     -14101.124023
678     -14102.876953
679     -14104.623047
680     -14106.358398
681     -14108.082031
682     -14109.795898
683     -14111.482422
684     -14113.152344
685     -14114.818359
686     -14116.476562
687     -14118.121094
688     -14119.744141
689     -14121.349609
690     -14122.941406
691     -14124.523438
692     -14126.091797
693     -14127.650391
694     -14129.188477
695     -14130.720703
696     -14132.246094
697     -14133.755859
698     -14135.255859
699     -14136.750977
700     -14138.240234
701     -14139.705078
702     -14141.154297
703     -14142.583984
704     -14144.001953
705     -14145.416016
706     -14146.826172
707     -14148.219727
708     -14149.570312
709     -14150.898438
710     -14152.203125
711     -14153.498047
712     -14154.790039
713     -14156.068359
714     -14157.332031
715     -14158.584961
716     -14159.831055
717     -14161.054688
718     -14162.269531
719     -14163.471680
720     -14164.666992
721     -14165.859375
722     -14167.048828
723     -14168.234375
724     -14169.405273
725     -14170.566406
726     -14171.705078
727     -14172.836914
728     -14173.958008
729     -14175.061523
730     -14176.157227
731     -14177.250977
732     -14178.332031
733     -14179.409180
734     -14180.473633
735     -14181.535156
736     -14182.582031
737     -14183.625000
738     -14184.661133
739     -14185.695312
740     -14186.714844
741     -14187.724609
742     -14188.705078
743     -14189.682617
744     -14190.656250
745     -14191.628906
746     -14192.599609
747     -14193.551758
748     -14194.500000
749     -14195.440430
750     -14196.378906
751     -14197.307617
752     -14198.226562
753     -14199.143555
754     -14200.054688
755     -14200.962891
756     -14201.869141
757     -14202.769531
758     -14203.642578
759     -14204.511719
760     -14205.377930
761     -14206.238281
762     -14207.097656
763     -14207.953125
764     -14208.796875
765     -14209.629883
766     -14210.462891
767     -14211.293945
768     -14212.125000
769     -14212.953125
770     -14213.780273
771     -14214.605469
772     -14215.430664
773     -14216.253906
774     -14217.076172
775     -14217.896484
776     -14218.710938
777     -14219.522461
778     -14220.329102
779     -14221.131836
780     -14221.933594
781     -14222.732422
782     -14223.529297
783     -14224.322266
784     -14225.113281
785     -14225.904297
786     -14226.691406
787     -14227.476562
788     -14228.258789
789     -14229.033203
790     -14229.793945
791     -14230.544922
792     -14231.295898
793     -14232.043945
794     -14232.791992
795     -14233.538086
796     -14234.280273
797     -14235.020508
798     -14235.759766
799     -14236.497070
800     -14237.234375
801     -14237.970703
802     -14238.705078
803     -14239.437500
804     -14240.166992
805     -14240.888672
806     -14241.599609
807     -14242.310547
808     -14243.020508
809     -14243.730469
810     -14244.439453
811     -14245.145508
812     -14245.847656
813     -14246.547852
814     -14247.245117
815     -14247.933594
816     -14248.619141
817     -14249.303711
818     -14249.982422
819     -14250.658203
820     -14251.332031
821     -14252.003906
822     -14252.672852
823     -14253.337891
824     -14254.001953
825     -14254.665039
826     -14255.328125
827     -14255.990234
828     -14256.644531
829     -14257.296875
830     -14257.941406
831     -14258.578125
832     -14259.214844
833     -14259.843750
834     -14260.467773
835     -14261.091797
836     -14261.714844
837     -14262.333008
838     -14262.950195
839     -14263.564453
840     -14264.179688
841     -14264.794922
842     -14265.408203
843     -14266.019531
844     -14266.617188
845     -14267.212891
846     -14267.808594
847     -14268.403320
848     -14268.999023
849     -14269.592773
850     -14270.185547
851     -14270.773438
852     -14271.357422
853     -14271.940430
854     -14272.523438
855     -14273.106445
856     -14273.686523
857     -14274.266602
858     -14274.840820
859     -14275.411133
860     -14275.981445
861     -14276.550781
862     -14277.109375
863     -14277.669922
864     -14278.227539
865     -14278.786133
866     -14279.343750
867     -14279.898438
868     -14280.445312
869     -14280.989258
870     -14281.527344
871     -14282.063477
872     -14282.597656
873     -14283.131836
874     -14283.665039
875     -14284.196289
876     -14284.712891
877     -14285.229492
878     -14285.744141
879     -14286.257812
880     -14286.763672
881     -14287.265625
882     -14287.765625
883     -14288.261719
884     -14288.757812
885     -14289.239258
886     -14289.711914
887     -14290.183594
888     -14290.654297
889     -14291.125000
890     -14291.594727
891     -14292.064453
892     -14292.532227
893     -14293.000000
894     -14293.466797
895     -14293.931641
896     -14294.395508
897     -14294.858398
898     -14295.322266
899     -14295.779297
900     -14296.235352
901     -14296.691406
902     -14297.146484
903     -14297.599609
904     -14298.054688
905     -14298.506836
906     -14298.958984
907     -14299.408203
908     -14299.851562
909     -14300.291016
910     -14300.730469
911     -14301.167969
912     -14301.601562
913     -14302.036133
914     -14302.468750
915     -14302.901367
916     -14303.332031
917     -14303.760742
918     -14304.189453
919     -14304.617188
920     -14305.043945
921     -14305.470703
922     -14305.894531
923     -14306.319336
924     -14306.743164
925     -14307.166016
926     -14307.587891
927     -14308.008789
928     -14308.426758
929     -14308.837891
930     -14309.248047
931     -14309.656250
932     -14310.065430
933     -14310.472656
934     -14310.878906
935     -14311.283203
936     -14311.687500
937     -14312.091797
938     -14312.494141
939     -14312.896484
940     -14313.297852
941     -14313.699219
942     -14314.097656
943     -14314.496094
944     -14314.894531
945     -14315.290039
946     -14315.682617
947     -14316.074219
948     -14316.464844
949     -14316.855469
950     -14317.244141
951     -14317.631836
952     -14318.017578
953     -14318.400391
954     -14318.785156
955     -14319.167969
956     -14319.550781
957     -14319.927734
958     -14320.300781
959     -14320.672852
960     -14321.041016
961     -14321.400391
962     -14321.757812
963     -14322.113281
964     -14322.465820
965     -14322.815430
966     -14323.165039
967     -14323.511719
968     -14323.857422
969     -14324.202148
970     -14324.546875
971     -14324.890625
972     -14325.234375
973     -14325.577148
974     -14325.917969
975     -14326.259766
976     -14326.601562
977     -14326.941406
978     -14327.280273
979     -14327.619141
980     -14327.958008
981     -14328.296875
982     -14328.632812
983     -14328.969727
984     -14329.305664
985     -14329.640625
986     -14329.976562
987     -14330.310547
988     -14330.644531
989     -14330.977539
990     -14331.310547
991     -14331.642578
992     -14331.974609
993     -14332.304688
994     -14332.635742
995     -14332.964844
996     -14333.294922
997     -14333.625000
998     -14333.953125
999     -14334.280273
1000    -14334.607422
1001    -14334.934570
1002    -14335.259766
1003    -14335.583008
1004    -14335.906250
1005    -14336.228516
1006    -14336.549805
1007    -14336.871094
1008    -14337.189453
1009    -14337.505859
1010    -14337.822266
1011    -14338.138672
1012    -14338.451172
1013    -14338.764648
1014    -14339.074219
1015    -14339.382812
1016    -14339.693359
1017    -14340.001953
1018    -14340.309570
1019    -14340.617188
1020    -14340.923828
1021    -14341.230469
1022    -14341.537109
1023    -14341.841797
1024    -14342.146484
1025    -14342.449219
1026    -14342.750000
1027    -14343.050781
1028    -14343.351562
1029    -14343.652344
1030    -14343.951172
1031    -14344.250000
1032    -14344.548828
1033    -14344.847656
1034    -14345.145508
1035    -14345.443359
1036    -14345.739258
1037    -14346.036133
1038    -14346.331055
1039    -14346.623047
1040    -14346.914062
1041    -14347.205078
1042    -14347.494141
1043    -14347.782227
1044    -14348.070312
1045    -14348.357422
1046    -14348.643555
1047    -14348.929688
1048    -14349.214844
1049    -14349.500000
1050    -14349.784180
1051    -14350.068359
1052    -14350.349609
1053    -14350.632812
1054    -14350.911133
1055    -14351.188477
1056    -14351.466797
1057    -14351.742188
1058    -14352.018555
1059    -14352.294922
1060    -14352.568359
1061    -14352.840820
1062    -14353.113281
1063    -14353.382812
1064    -14353.652344
1065    -14353.920898
1066    -14354.189453
1067    -14354.457031
1068    -14354.723633
1069    -14354.991211
1070    -14355.256836
1071    -14355.520508
1072    -14355.781250
1073    -14356.039062
1074    -14356.297852
1075    -14356.555664
1076    -14356.813477
1077    -14357.070312
1078    -14357.327148
1079    -14357.583008
1080    -14357.837891
1081    -14358.092773
1082    -14358.346680
1083    -14358.601562
1084    -14358.853516
1085    -14359.107422
1086    -14359.359375
1087    -14359.611328
1088    -14359.863281
1089    -14360.113281
1090    -14360.362305
1091    -14360.608398
1092    -14360.849609
1093    -14361.085938
1094    -14361.322266
1095    -14361.558594
1096    -14361.792969
1097    -14362.028320
1098    -14362.263672
1099    -14362.497070
1100    -14362.730469
1101    -14362.963867
1102    -14363.193359
1103    -14363.423828
1104    -14363.651367
1105    -14363.880859
1106    -14364.109375
1107    -14364.336914
1108    -14364.564453
1109    -14364.791016
1110    -14365.017578
1111    -14365.244141
1112    -14365.469727
1113    -14365.695312
1114    -14365.917969
1115    -14366.140625
1116    -14366.361328
1117    -14366.583008
1118    -14366.804688
1119    -14367.025391
1120    -14367.244141
1121    -14367.465820
1122    -14367.683594
1123    -14367.904297
1124    -14368.122070
1125    -14368.340820
1126    -14368.558594
1127    -14368.776367
1128    -14368.994141
1129    -14369.210938
1130    -14369.427734
1131    -14369.642578
1132    -14369.859375
1133    -14370.074219
1134    -14370.291016
1135    -14370.504883
1136    -14370.718750
1137    -14370.933594
1138    -14371.148438
1139    -14371.361328
1140    -14371.574219
1141    -14371.787109
1142    -14371.998047
1143    -14372.208984
1144    -14372.419922
1145    -14372.630859
1146    -14372.840820
1147    -14373.050781
1148    -14373.259766
1149    -14373.469727
1150    -14373.679688
1151    -14373.886719
1152    -14374.087891
1153    -14374.287109
1154    -14374.486328
1155    -14374.683594
1156    -14374.884766
1157    -14375.079102
1158    -14375.270508
1159    -14375.462891
1160    -14375.654297
1161    -14375.845703
1162    -14376.035156
1163    -14376.226562
1164    -14376.417969
1165    -14376.609375
1166    -14376.800781
1167    -14376.990234
1168    -14377.181641
1169    -14377.372070
1170    -14377.562500
1171    -14377.753906
1172    -14377.944336
1173    -14378.134766
1174    -14378.326172
1175    -14378.515625
1176    -14378.707031
1177    -14378.897461
1178    -14379.087891
1179    -14379.279297
1180    -14379.469727
1181    -14379.660156
1182    -14379.851562
1183    -14380.041992
1184    -14380.231445
1185    -14380.416016
1186    -14380.601562
1187    -14380.786133
1188    -14380.972656
1189    -14381.157227
1190    -14381.343750
1191    -14381.529297
1192    -14381.715820
1193    -14381.901367
1194    -14382.087891
1195    -14382.275391
1196    -14382.461914
1197    -14382.648438
1198    -14382.835938
1199    -14383.023438
1200    -14383.210938
1201    -14383.399414
1202    -14383.586914
1203    -14383.775391
1204    -14383.964844
1205    -14384.154297
1206    -14384.341797
1207    -14384.532227
1208    -14384.722656
1209    -14384.912109
1210    -14385.103516
1211    -14385.292969
1212    -14385.485352
1213    -14385.675781
1214    -14385.867188
1215    -14386.058594
1216    -14386.250000
1217    -14386.442383
1218    -14386.634766
1219    -14386.828125
1220    -14387.021484
1221    -14387.215820
1222    -14387.410156
1223    -14387.604492
1224    -14387.798828
1225    -14387.992188
1226    -14388.183594
1227    -14388.375000
1228    -14388.564453
1229    -14388.755859
1230    -14388.947266
1231    -14389.137695
1232    -14389.331055
1233    -14389.523438
1234    -14389.716797
1235    -14389.910156
1236    -14390.105469
1237    -14390.300781
1238    -14390.496094
1239    -14390.693359
1240    -14390.889648
1241    -14391.085938
1242    -14391.285156
1243    -14391.484375
1244    -14391.683594
1245    -14391.884766
1246    -14392.083984
1247    -14392.285156
1248    -14392.487305
1249    -14392.687500
1250    -14392.890625
1251    -14393.092773
1252    -14393.294922
1253    -14393.498047
1254    -14393.701172
1255    -14393.904297
1256    -14394.109375
1257    -14394.315430
1258    -14394.521484
1259    -14394.728516
1260    -14394.935547
1261    -14395.144531
1262    -14395.353516
1263    -14395.563477
1264    -14395.774414
1265    -14395.985352
1266    -14396.198242
1267    -14396.410156
1268    -14396.621094
1269    -14396.832031
1270    -14397.043945
1271    -14397.255859
1272    -14397.470703
1273    -14397.683594
1274    -14397.900391
1275    -14398.115234
1276    -14398.332031
1277    -14398.548828
1278    -14398.767578
1279    -14398.986328
1280    -14399.207031
1281    -14399.427734
1282    -14399.648438
1283    -14399.871094
1284    -14400.087891
1285    -14400.300781
1286    -14400.515625
1287    -14400.730469
1288    -14400.944336
1289    -14401.161133
1290    -14401.376953
1291    -14401.595703
1292    -14401.813477
1293    -14402.031250
1294    -14402.250000
1295    -14402.466797
1296    -14402.684570
1297    -14402.902344
1298    -14403.122070
1299    -14403.340820
1300    -14403.560547
1301    -14403.781250
1302    -14404.002930
1303    -14404.226562
1304    -14404.449219
1305    -14404.670898
1306    -14404.892578
1307    -14405.116211
1308    -14405.339844
1309    -14405.564453
1310    -14405.789062
1311    -14406.013672
1312    -14406.240234
1313    -14406.465820
1314    -14406.693359
1315    -14406.919922
1316    -14407.148438
1317    -14407.375977
1318    -14407.605469
1319    -14407.833008
1320    -14408.060547
1321    -14408.291016
1322    -14408.520508
1323    -14408.749023
1324    -14408.976562
1325    -14409.204102
1326    -14409.431641
1327    -14409.660156
1328    -14409.887695
1329    -14410.115234
1330    -14410.343750
1331    -14410.573242
1332    -14410.802734
1333    -14411.032227
1334    -14411.261719
1335    -14411.492188
1336    -14411.721680
1337    -14411.949219
1338    -14412.178711
1339    -14412.406250
1340    -14412.634766
1341    -14412.863281
1342    -14413.091797
1343    -14413.320312
1344    -14413.550781
1345    -14413.779297
1346    -14414.007812
1347    -14414.236328
1348    -14414.463867
1349    -14414.691406
1350    -14414.919922
1351    -14415.147461
1352    -14415.375000
1353    -14415.601562
1354    -14415.830078
1355    -14416.056641
1356    -14416.285156
1357    -14416.512695
1358    -14416.740234
1359    -14416.966797
1360    -14417.194336
1361    -14417.421875
1362    -14417.644531
1363    -14417.868164
1364    -14418.090820
1365    -14418.313477
1366    -14418.537109
1367    -14418.758789
1368    -14418.980469
1369    -14419.203125
1370    -14419.425781
1371    -14419.647461
1372    -14419.869141
1373    -14420.090820
1374    -14420.312500
1375    -14420.533203
1376    -14420.755859
1377    -14420.976562
1378    -14421.197266
1379    -14421.417969
1380    -14421.637695
1381    -14421.858398
1382    -14422.078125
1383    -14422.298828
1384    -14422.517578
1385    -14422.737305
1386    -14422.956055
1387    -14423.175781
1388    -14423.393555
1389    -14423.612305
1390    -14423.830078
1391    -14424.048828
1392    -14424.265625
1393    -14424.483398
1394    -14424.700195
1395    -14424.916992
1396    -14425.132812
1397    -14425.349609
1398    -14425.565430
1399    -14425.782227
1400    -14425.996094
1401    -14426.212891
1402    -14426.426758
1403    -14426.641602
1404    -14426.855469
1405    -14427.069336
1406    -14427.282227
1407    -14427.496094
1408    -14427.708984
1409    -14427.916992
1410    -14428.123047
1411    -14428.331055
1412    -14428.537109
1413    -14428.744141
1414    -14428.950195
1415    -14429.156250
1416    -14429.360352
1417    -14429.565430
1418    -14429.770508
1419    -14429.974609
1420    -14430.177734
1421    -14430.381836
1422    -14430.585938
1423    -14430.789062
1424    -14430.991211
1425    -14431.193359
1426    -14431.394531
1427    -14431.595703
1428    -14431.797852
1429    -14431.998047
1430    -14432.199219
1431    -14432.398438
1432    -14432.597656
1433    -14432.795898
1434    -14432.994141
1435    -14433.191406
1436    -14433.388672
1437    -14433.583984
1438    -14433.781250
1439    -14433.976562
1440    -14434.171875
1441    -14434.366211
1442    -14434.560547
1443    -14434.753906
1444    -14434.947266
1445    -14435.140625
1446    -14435.333984
1447    -14435.525391
1448    -14435.717773
1449    -14435.909180
1450    -14436.100586
1451    -14436.291016
1452    -14436.481445
1453    -14436.671875
1454    -14436.860352
1455    -14437.048828
1456    -14437.236328
1457    -14437.423828
1458    -14437.610352
1459    -14437.796875
1460    -14437.982422
1461    -14438.166016
1462    -14438.349609
1463    -14438.533203
1464    -14438.715820
1465    -14438.898438
1466    -14439.082031
1467    -14439.262695
1468    -14439.444336
1469    -14439.625977
1470    -14439.806641
1471    -14439.986328
1472    -14440.164062
1473    -14440.341797
1474    -14440.516602
1475    -14440.692383
1476    -14440.867188
1477    -14441.041016
1478    -14441.209961
1479    -14441.377930
1480    -14441.544922
1481    -14441.712891
1482    -14441.878906
1483    -14442.046875
1484    -14442.212891
1485    -14442.378906
1486    -14442.544922
1487    -14442.710938
1488    -14442.875000
1489    -14443.038086
1490    -14443.201172
1491    -14443.364258
1492    -14443.527344
1493    -14443.689453
1494    -14443.850586
1495    -14444.013672
1496    -14444.174805
1497    -14444.336914
1498    -14444.498047
1499    -14444.658203
1500    -14444.818359
1501    -14444.978516
1502    -14445.138672
1503    -14445.296875
1504    -14445.456055
1505    -14445.616211
1506    -14445.773438
1507    -14445.931641
1508    -14446.089844
1509    -14446.248047
1510    -14446.405273
1511    -14446.563477
1512    -14446.719727
1513    -14446.875977
1514    -14447.032227
1515    -14447.187500
1516    -14447.341797
1517    -14447.496094
1518    -14447.650391
1519    -14447.805664
1520    -14447.958984
1521    -14448.113281
1522    -14448.265625
1523    -14448.419922
1524    -14448.572266
1525    -14448.724609
1526    -14448.876953
1527    -14449.030273
1528    -14449.181641
1529    -14449.333984
1530    -14449.484375
1531    -14449.634766
1532    -14449.785156
1533    -14449.933594
1534    -14450.084961
1535    -14450.234375
1536    -14450.382812
1537    -14450.531250
1538    -14450.679688
1539    -14450.828125
1540    -14450.976562
1541    -14451.125000
1542    -14451.272461
1543    -14451.419922
1544    -14451.567383
1545    -14451.714844
1546    -14451.861328
1547    -14452.007812
1548    -14452.154297
1549    -14452.300781
1550    -14452.448242
1551    -14452.590820
1552    -14452.734375
1553    -14452.876953
1554    -14453.019531
1555    -14453.163086
1556    -14453.304688
1557    -14453.446289
1558    -14453.588867
1559    -14453.730469
1560    -14453.871094
1561    -14454.012695
1562    -14454.153320
1563    -14454.294922
1564    -14454.436523
1565    -14454.576172
1566    -14454.716797
1567    -14454.857422
1568    -14454.997070
1569    -14455.136719
1570    -14455.277344
1571    -14455.416992
1572    -14455.555664
1573    -14455.695312
1574    -14455.834961
1575    -14455.972656
1576    -14456.112305
1577    -14456.250977
1578    -14456.389648
1579    -14456.528320
1580    -14456.666016
1581    -14456.804688
1582    -14456.943359
1583    -14457.080078
1584    -14457.217773
1585    -14457.355469
1586    -14457.492188
1587    -14457.630859
1588    -14457.767578
1589    -14457.904297
1590    -14458.041992
1591    -14458.177734
1592    -14458.314453
1593    -14458.452148
1594    -14458.587891
1595    -14458.724609
1596    -14458.861328
1597    -14458.997070
1598    -14459.132812
1599    -14459.269531
1600    -14459.404297
1601    -14459.541016
1602    -14459.675781
1603    -14459.812500
1604    -14459.947266
1605    -14460.082031
1606    -14460.216797
1607    -14460.351562
1608    -14460.486328
1609    -14460.622070
1610    -14460.755859
1611    -14460.890625
1612    -14461.023438
1613    -14461.155273
1614    -14461.286133
1615    -14461.417969
1616    -14461.548828
1617    -14461.680664
1618    -14461.812500
1619    -14461.944336
1620    -14462.075195
1621    -14462.206055
1622    -14462.337891
1623    -14462.468750
1624    -14462.599609
1625    -14462.730469
1626    -14462.861328
1627    -14462.992188
