Step            Loss
--------------------
1         214.574173
2         187.573151
3         160.573975
4         133.576447
5         106.580658
6          79.586281
7          52.593216
8          25.601173
9          -1.389854
10        -28.380257
11        -55.370499
12        -82.361053
13       -109.352402
14       -136.345505
15       -163.341049
16       -190.339783
17       -217.342834
18       -244.351318
19       -271.365997
20       -298.387787
21       -325.417999
22       -352.457397
23       -379.507263
24       -406.568542
25       -433.642273
26       -460.729736
27       -487.831940
28       -514.949951
29       -542.084961
30       -569.238159
31       -596.410889
32       -623.604248
33       -650.819336
34       -678.057739
35       -705.320312
36       -732.608459
37       -759.923706
38       -787.266602
39       -814.638916
40       -842.041809
41       -869.476318
42       -896.943787
43       -924.445251
44       -951.981812
45       -979.554932
46      -1007.165405
47      -1034.814209
48      -1062.502686
49      -1090.231812
50      -1118.002686
51      -1145.816162
52      -1173.673340
53      -1201.574951
54      -1229.522339
55      -1257.516113
56      -1285.556885
57      -1313.646240
58      -1341.784302
59      -1369.972412
60      -1398.210938
61      -1426.500854
62      -1454.842896
63      -1483.237793
64      -1511.686035
65      -1540.188477
66      -1568.746094
67      -1597.358643
68      -1626.027588
69      -1654.753052
70      -1683.535767
71      -1712.376465
72      -1741.275391
73      -1770.232910
74      -1799.249756
75      -1828.326660
76      -1857.463623
77      -1886.661499
78      -1915.919922
79      -1945.240356
80      -1974.622437
81      -2004.066895
82      -2033.573730
83      -2063.143555
84      -2092.776611
85      -2122.473145
86      -2152.233398
87      -2182.057617
88      -2211.946289
89      -2241.898926
90      -2271.916504
91      -2301.998779
92      -2332.145996
93      -2362.358398
94      -2392.635742
95      -2422.978516
96      -2453.386719
97      -2483.860107
98      -2514.398926
99      -2545.003418
100     -2575.673584
101     -2606.409180
102     -2637.209961
103     -2668.076416
104     -2699.007812
105     -2730.004883
106     -2761.066650
107     -2792.193848
108     -2823.385742
109     -2854.642334
110     -2885.963379
111     -2917.349121
112     -2948.798828
113     -2980.312500
114     -3011.889893
115     -3043.530762
116     -3075.234863
117     -3107.001709
118     -3138.831299
119     -3170.723145
120     -3202.676758
121     -3234.692139
122     -3266.768799
123     -3298.906250
124     -3331.103760
125     -3363.361816
126     -3395.679199
127     -3428.055664
128     -3460.490967
129     -3492.984375
130     -3525.535889
131     -3558.144531
132     -3590.809326
133     -3623.531006
134     -3656.308350
135     -3689.140625
136     -3722.027344
137     -3754.967773
138     -3787.961914
139     -3821.008789
140     -3854.107422
141     -3887.257812
142     -3920.459473
143     -3953.710449
144     -3987.011230
145     -4020.361084
146     -4053.758545
147     -4087.203857
148     -4120.695312
149     -4154.233398
150     -4187.816406
151     -4221.443359
152     -4255.114746
153     -4288.828125
154     -4322.583984
155     -4356.381836
156     -4390.218750
157     -4424.095703
158     -4458.012207
159     -4491.965820
160     -4525.957031
161     -4559.984375
162     -4594.046875
163     -4628.143555
164     -4662.274414
165     -4696.437500
166     -4730.631836
167     -4764.857910
168     -4799.113281
169     -4833.397461
170     -4867.709961
171     -4902.048828
172     -4936.414551
173     -4970.805176
174     -5005.219238
175     -5039.656738
176     -5074.115723
177     -5108.591797
178     -5143.087891
179     -5177.587891
180     -5212.095703
181     -5246.620117
182     -5281.147461
183     -5315.684570
184     -5350.234863
185     -5384.797852
186     -5419.373047
187     -5453.958008
188     -5488.553223
189     -5523.156250
190     -5557.767578
191     -5592.384766
192     -5627.007324
193     -5661.633789
194     -5696.256836
195     -5730.882324
196     -5765.489258
197     -5800.083008
198     -5834.673340
199     -5869.261719
200     -5903.844727
201     -5938.422363
202     -5972.994141
203     -6007.560059
204     -6042.118164
205     -6076.668945
206     -6111.208984
207     -6145.738281
208     -6180.256836
209     -6214.761719
210     -6249.253418
211     -6283.730469
212     -6318.191406
213     -6352.631836
214     -6387.049805
215     -6421.448730
216     -6455.827637
217     -6490.185547
218     -6524.522461
219     -6558.835938
220     -6593.125977
221     -6627.391113
222     -6661.629883
223     -6695.842285
224     -6730.026855
225     -6764.183105
226     -6798.309570
227     -6832.405273
228     -6866.469727
229     -6900.490234
230     -6934.473633
231     -6968.421875
232     -7002.331055
233     -7036.194336
234     -7070.020020
235     -7103.807617
236     -7137.557129
237     -7171.266602
238     -7204.935547
239     -7238.563477
240     -7272.148438
241     -7305.690918
242     -7339.189453
243     -7372.643066
244     -7406.051758
245     -7439.414062
246     -7472.728516
247     -7505.995117
248     -7539.213867
249     -7572.383301
250     -7605.501953
251     -7638.570312
252     -7671.563477
253     -7704.504883
254     -7737.392090
255     -7770.208984
256     -7802.959961
257     -7835.656250
258     -7868.296875
259     -7900.881836
260     -7933.409180
261     -7965.878906
262     -7998.290527
263     -8030.643555
264     -8062.936523
265     -8095.170410
266     -8127.338867
267     -8159.440430
268     -8191.480469
269     -8223.455078
270     -8255.358398
271     -8287.193359
272     -8318.964844
273     -8350.662109
274     -8382.289062
275     -8413.839844
276     -8445.316406
277     -8476.726562
278     -8508.068359
279     -8539.344727
280     -8570.546875
281     -8601.664062
282     -8632.712891
283     -8663.692383
284     -8694.603516
285     -8725.443359
286     -8756.213867
287     -8786.914062
288     -8817.542969
289     -8848.099609
290     -8878.578125
291     -8908.965820
292     -8939.279297
293     -8969.509766
294     -8999.666992
295     -9029.733398
296     -9059.727539
297     -9089.646484
298     -9119.488281
299     -9149.256836
300     -9178.949219
301     -9208.562500
302     -9238.078125
303     -9267.494141
304     -9296.818359
305     -9326.044922
306     -9355.162109
307     -9384.177734
308     -9413.117188
309     -9441.970703
310     -9470.740234
311     -9499.431641
312     -9528.019531
313     -9556.510742
314     -9584.914062
315     -9613.212891
316     -9641.431641
317     -9669.562500
318     -9697.609375
319     -9725.576172
320     -9753.453125
321     -9781.218750
322     -9808.893555
323     -9836.490234
324     -9864.003906
325     -9891.410156
326     -9918.724609
327     -9945.941406
328     -9973.037109
329     -10000.039062
330     -10026.955078
331     -10053.791016
332     -10080.529297
333     -10107.181641
334     -10133.746094
335     -10160.218750
336     -10186.578125
337     -10212.827148
338     -10238.997070
339     -10265.083008
340     -10291.075195
341     -10316.968750
342     -10342.772461
343     -10368.447266
344     -10394.029297
345     -10419.531250
346     -10444.927734
347     -10470.212891
348     -10495.354492
349     -10520.376953
350     -10545.310547
351     -10570.123047
352     -10594.771484
353     -10619.328125
354     -10643.789062
355     -10668.148438
356     -10692.347656
357     -10716.410156
358     -10740.377930
359     -10764.261719
360     -10788.051758
361     -10811.738281
362     -10835.329102
363     -10858.783203
364     -10882.115234
365     -10905.349609
366     -10928.493164
367     -10951.540039
368     -10974.506836
369     -10997.376953
370     -11020.143555
371     -11042.804688
372     -11065.337891
373     -11087.749023
374     -11110.068359
375     -11132.277344
376     -11154.382812
377     -11176.369141
378     -11198.255859
379     -11220.032227
380     -11241.712891
381     -11263.318359
382     -11284.830078
383     -11306.261719
384     -11327.615234
385     -11348.896484
386     -11370.093750
387     -11391.195312
388     -11412.193359
389     -11433.093750
390     -11453.875000
391     -11474.503906
392     -11495.000977
393     -11515.416016
394     -11535.757812
395     -11556.025391
396     -11576.191406
397     -11596.261719
398     -11616.241211
399     -11636.146484
400     -11655.966797
401     -11675.708008
402     -11695.345703
403     -11714.883789
404     -11734.310547
405     -11753.652344
406     -11772.914062
407     -11792.076172
408     -11811.164062
409     -11830.143555
410     -11849.027344
411     -11867.820312
412     -11886.514648
413     -11905.111328
414     -11923.579102
415     -11941.955078
416     -11960.247070
417     -11978.422852
418     -11996.511719
419     -12014.517578
420     -12032.412109
421     -12050.218750
422     -12067.921875
423     -12085.538086
424     -12103.046875
425     -12120.455078
426     -12137.775391
427     -12154.983398
428     -12172.091797
429     -12189.071289
430     -12205.959961
431     -12222.729492
432     -12239.357422
433     -12255.841797
434     -12272.226562
435     -12288.520508
436     -12304.719727
437     -12320.841797
438     -12336.892578
439     -12352.875000
440     -12368.798828
441     -12384.651367
442     -12400.384766
443     -12415.999023
444     -12431.521484
445     -12446.976562
446     -12462.339844
447     -12477.617188
448     -12492.833008
449     -12507.987305
450     -12523.047852
451     -12538.018555
452     -12552.908203
453     -12567.693359
454     -12582.394531
455     -12596.976562
456     -12611.423828
457     -12625.792969
458     -12640.056641
459     -12654.251953
460     -12668.357422
461     -12682.387695
462     -12696.324219
463     -12710.178711
464     -12723.947266
465     -12737.572266
466     -12751.103516
467     -12764.568359
468     -12777.982422
469     -12791.344727
470     -12804.658203
471     -12817.892578
472     -12831.033203
473     -12844.119141
474     -12857.119141
475     -12870.011719
476     -12882.791016
477     -12895.473633
478     -12908.074219
479     -12920.611328
480     -12933.071289
481     -12945.433594
482     -12957.708984
483     -12969.882812
484     -12981.997070
485     -12994.044922
486     -13006.023438
487     -13017.933594
488     -13029.725586
489     -13041.427734
490     -13052.976562
491     -13064.427734
492     -13075.776367
493     -13087.009766
494     -13098.141602
495     -13109.193359
496     -13120.193359
497     -13131.108398
498     -13141.947266
499     -13152.728516
500     -13163.443359
501     -13174.074219
502     -13184.659180
503     -13195.100586
504     -13205.441406
505     -13215.724609
506     -13225.951172
507     -13236.121094
508     -13246.203125
509     -13256.211914
510     -13266.119141
511     -13275.941406
512     -13285.691406
513     -13295.375977
514     -13305.007812
515     -13314.573242
516     -13324.024414
517     -13333.408203
518     -13342.738281
519     -13352.019531
520     -13361.237305
521     -13370.376953
522     -13379.451172
523     -13388.451172
524     -13397.398438
525     -13406.278320
526     -13415.021484
527     -13423.693359
528     -13432.312500
529     -13440.861328
530     -13449.332031
531     -13457.756836
532     -13466.115234
533     -13474.376953
534     -13482.539062
535     -13490.650391
536     -13498.722656
537     -13506.733398
538     -13514.670898
539     -13522.517578
540     -13530.281250
541     -13537.972656
542     -13545.583984
543     -13553.099609
544     -13560.558594
545     -13567.969727
546     -13575.343750
547     -13582.689453
548     -13590.001953
549     -13597.246094
550     -13604.429688
551     -13611.546875
552     -13618.617188
553     -13625.626953
554     -13632.567383
555     -13639.468750
556     -13646.328125
557     -13653.136719
558     -13659.844727
559     -13666.480469
560     -13673.077148
561     -13679.577148
562     -13686.025391
563     -13692.439453
564     -13698.781250
565     -13705.072266
566     -13711.312500
567     -13717.527344
568     -13723.697266
569     -13729.834961
570     -13735.931641
571     -13741.971680
572     -13747.957031
573     -13753.875977
574     -13759.764648
575     -13765.605469
576     -13771.412109
577     -13777.164062
578     -13782.884766
579     -13788.544922
580     -13794.140625
581     -13799.664062
582     -13805.148438
583     -13810.585938
584     -13815.994141
585     -13821.345703
586     -13826.595703
587     -13831.808594
588     -13836.984375
589     -13842.126953
590     -13847.250000
591     -13852.349609
592     -13857.412109
593     -13862.437500
594     -13867.402344
595     -13872.338867
596     -13877.250000
597     -13882.128906
598     -13886.943359
599     -13891.723633
600     -13896.470703
601     -13901.166016
602     -13905.806641
603     -13910.416016
604     -13914.949219
605     -13919.441406
606     -13923.914062
607     -13928.361328
608     -13932.765625
609     -13937.135742
610     -13941.453125
611     -13945.730469
612     -13949.941406
613     -13954.095703
614     -13958.204102
615     -13962.270508
616     -13966.304688
617     -13970.322266
618     -13974.298828
619     -13978.238281
620     -13982.163086
621     -13986.041992
622     -13989.876953
623     -13993.655273
624     -13997.377930
625     -14001.045898
626     -14004.681641
627     -14008.272461
628     -14011.822266
629     -14015.328125
630     -14018.806641
631     -14022.255859
632     -14025.670898
633     -14029.043945
634     -14032.399414
635     -14035.740234
636     -14039.047852
637     -14042.330078
638     -14045.560547
639     -14048.755859
640     -14051.931641
641     -14055.093750
642     -14058.246094
643     -14061.359375
644     -14064.458008
645     -14067.533203
646     -14070.576172
647     -14073.574219
648     -14076.558594
649     -14079.515625
650     -14082.435547
651     -14085.314453
652     -14088.177734
653     -14091.017578
654     -14093.835938
655     -14096.630859
656     -14099.399414
657     -14102.128906
658     -14104.827148
659     -14107.513672
660     -14110.164062
661     -14112.777344
662     -14115.349609
663     -14117.900391
664     -14120.417969
665     -14122.902344
666     -14125.360352
667     -14127.810547
668     -14130.244141
669     -14132.654297
670     -14135.026367
671     -14137.359375
672     -14139.671875
673     -14141.965820
674     -14144.241211
675     -14146.486328
676     -14148.705078
677     -14150.895508
678     -14153.062500
679     -14155.183594
680     -14157.297852
681     -14159.402344
682     -14161.470703
683     -14163.529297
684     -14165.546875
685     -14167.537109
686     -14169.517578
687     -14171.481445
688     -14173.420898
689     -14175.328125
690     -14177.216797
691     -14179.076172
692     -14180.921875
693     -14182.761719
694     -14184.595703
695     -14186.425781
696     -14188.241211
697     -14190.046875
698     -14191.840820
699     -14193.620117
700     -14195.378906
701     -14197.132812
702     -14198.878906
703     -14200.618164
704     -14202.322266
705     -14203.980469
706     -14205.617188
707     -14207.242188
708     -14208.852539
709     -14210.457031
710     -14212.055664
711     -14213.626953
712     -14215.167969
713     -14216.697266
714     -14218.215820
715     -14219.728516
716     -14221.224609
717     -14222.699219
718     -14224.166016
719     -14225.624023
720     -14227.072266
721     -14228.504883
722     -14229.904297
723     -14231.291016
724     -14232.669922
725     -14234.041016
726     -14235.397461
727     -14236.737305
728     -14238.068359
729     -14239.388672
730     -14240.692383
731     -14241.988281
732     -14243.280273
733     -14244.550781
734     -14245.812500
735     -14247.056641
736     -14248.292969
737     -14249.525391
738     -14250.727539
739     -14251.923828
740     -14253.111328
741     -14254.285156
742     -14255.455078
743     -14256.623047
744     -14257.781250
745     -14258.928711
746     -14260.073242
747     -14261.210938
748     -14262.337891
749     -14263.462891
750     -14264.582031
751     -14265.700195
752     -14266.815430
753     -14267.923828
754     -14269.023438
755     -14270.114258
756     -14271.203125
757     -14272.285156
758     -14273.360352
759     -14274.431641
760     -14275.501953
761     -14276.568359
762     -14277.628906
763     -14278.681641
764     -14279.728516
765     -14280.772461
766     -14281.807617
767     -14282.838867
768     -14283.869141
769     -14284.892578
770     -14285.912109
771     -14286.925781
772     -14287.937500
773     -14288.948242
774     -14289.951172
775     -14290.951172
776     -14291.945312
777     -14292.919922
778     -14293.880859
779     -14294.826172
780     -14295.771484
781     -14296.714844
782     -14297.656250
783     -14298.594727
784     -14299.533203
785     -14300.459961
786     -14301.378906
787     -14302.281250
788     -14303.173828
789     -14304.061523
790     -14304.947266
791     -14305.832031
792     -14306.714844
793     -14307.591797
794     -14308.458984
795     -14309.324219
796     -14310.183594
797     -14311.041016
798     -14311.896484
799     -14312.750000
800     -14313.601562
801     -14314.451172
802     -14315.298828
803     -14316.143555
804     -14316.988281
805     -14317.830078
806     -14318.662109
807     -14319.484375
808     -14320.296875
809     -14321.102539
810     -14321.906250
811     -14322.708008
812     -14323.505859
813     -14324.289062
814     -14325.068359
815     -14325.844727
816     -14326.619141
817     -14327.386719
818     -14328.152344
819     -14328.917969
820     -14329.681641
821     -14330.441406
822     -14331.201172
823     -14331.957031
824     -14332.708984
825     -14333.458984
826     -14334.208984
827     -14334.957031
828     -14335.705078
829     -14336.451172
830     -14337.189453
831     -14337.916992
832     -14338.638672
833     -14339.357422
834     -14340.072266
835     -14340.786133
836     -14341.498047
837     -14342.203125
838     -14342.906250
839     -14343.608398
840     -14344.300781
841     -14344.984375
842     -14345.664062
843     -14346.343750
844     -14347.018555
845     -14347.691406
846     -14348.360352
847     -14349.027344
848     -14349.693359
849     -14350.355469
850     -14351.014648
851     -14351.670898
852     -14352.322266
853     -14352.964844
854     -14353.602539
855     -14354.239258
856     -14354.873047
857     -14355.505859
858     -14356.138672
859     -14356.769531
860     -14357.398438
861     -14358.022461
862     -14358.642578
863     -14359.263672
864     -14359.882812
865     -14360.501953
866     -14361.119141
867     -14361.736328
868     -14362.352539
869     -14362.964844
870     -14363.574219
871     -14364.184570
872     -14364.792969
873     -14365.398438
874     -14366.001953
875     -14366.603516
876     -14367.205078
877     -14367.805664
878     -14368.405273
879     -14368.999023
880     -14369.591797
881     -14370.180664
882     -14370.767578
883     -14371.351562
884     -14371.937500
885     -14372.517578
886     -14373.097656
887     -14373.675781
888     -14374.253906
889     -14374.832031
890     -14375.403320
891     -14375.970703
892     -14376.539062
893     -14377.105469
894     -14377.671875
895     -14378.231445
896     -14378.791016
897     -14379.349609
898     -14379.908203
899     -14380.465820
900     -14381.021484
901     -14381.574219
902     -14382.124023
903     -14382.671875
904     -14383.220703
905     -14383.767578
906     -14384.314453
907     -14384.859375
908     -14385.404297
909     -14385.948242
910     -14386.491211
911     -14387.022461
912     -14387.553711
913     -14388.083984
914     -14388.612305
915     -14389.137695
916     -14389.662109
917     -14390.179688
918     -14390.695312
919     -14391.208984
920     -14391.720703
921     -14392.232422
922     -14392.744141
923     -14393.253906
924     -14393.762695
925     -14394.270508
926     -14394.773438
927     -14395.273438
928     -14395.771484
929     -14396.269531
930     -14396.767578
931     -14397.263672
932     -14397.759766
933     -14398.255859
934     -14398.750000
935     -14399.243164
936     -14399.736328
937     -14400.226562
938     -14400.714844
939     -14401.204102
940     -14401.684570
941     -14402.165039
942     -14402.644531
943     -14403.123047
944     -14403.593750
945     -14404.064453
946     -14404.534180
947     -14405.002930
948     -14405.472656
949     -14405.940430
950     -14406.407227
951     -14406.874023
952     -14407.339844
953     -14407.803711
954     -14408.267578
955     -14408.730469
956     -14409.193359
957     -14409.656250
958     -14410.116211
959     -14410.578125
960     -14411.039062
961     -14411.496094
962     -14411.951172
963     -14412.406250
964     -14412.861328
965     -14413.313477
966     -14413.763672
967     -14414.212891
968     -14414.662109
969     -14415.110352
970     -14415.558594
971     -14416.005859
972     -14416.453125
973     -14416.899414
974     -14417.345703
975     -14417.789062
976     -14418.229492
977     -14418.666992
978     -14419.101562
979     -14419.537109
980     -14419.970703
981     -14420.402344
982     -14420.833008
983     -14421.263672
984     -14421.689453
985     -14422.115234
986     -14422.537109
987     -14422.958984
988     -14423.379883
989     -14423.798828
990     -14424.218750
991     -14424.636719
992     -14425.056641
993     -14425.468750
994     -14425.880859
995     -14426.291016
996     -14426.698242
997     -14427.104492
998     -14427.506836
999     -14427.910156
1000    -14428.312500
1001    -14428.712891
1002    -14429.114258
1003    -14429.515625
1004    -14429.916016
1005    -14430.315430
1006    -14430.715820
1007    -14431.115234
1008    -14431.513672
1009    -14431.913086
1010    -14432.310547
1011    -14432.707031
1012    -14433.103516
1013    -14433.490234
1014    -14433.873047
1015    -14434.252930
1016    -14434.632812
1017    -14435.011719
1018    -14435.391602
1019    -14435.770508
1020    -14436.148438
1021    -14436.525391
1022    -14436.900391
1023    -14437.275391
1024    -14437.651367
1025    -14438.026367
1026    -14438.398438
1027    -14438.769531
1028    -14439.138672
1029    -14439.509766
1030    -14439.873047
1031    -14440.230469
1032    -14440.587891
1033    -14440.945312
1034    -14441.301758
1035    -14441.658203
1036    -14442.013672
1037    -14442.368164
1038    -14442.722656
1039    -14443.077148
1040    -14443.431641
1041    -14443.787109
1042    -14444.139648
1043    -14444.494141
1044    -14444.846680
1045    -14445.200195
1046    -14445.553711
1047    -14445.906250
1048    -14446.257812
1049    -14446.609375
1050    -14446.962891
1051    -14447.313477
1052    -14447.666016
1053    -14448.016602
1054    -14448.367188
1055    -14448.717773
1056    -14449.067383
1057    -14449.416992
1058    -14449.765625
1059    -14450.115234
1060    -14450.463867
1061    -14450.810547
1062    -14451.156250
1063    -14451.501953
1064    -14451.847656
1065    -14452.192383
1066    -14452.537109
1067    -14452.881836
1068    -14453.224609
1069    -14453.570312
1070    -14453.914062
1071    -14454.254883
1072    -14454.595703
1073    -14454.935547
1074    -14455.274414
1075    -14455.609375
1076    -14455.945312
1077    -14456.281250
1078    -14456.615234
1079    -14456.951172
1080    -14457.285156
1081    -14457.617188
1082    -14457.949219
1083    -14458.271484
1084    -14458.595703
1085    -14458.915039
1086    -14459.234375
1087    -14459.554688
1088    -14459.870117
1089    -14460.183594
1090    -14460.498047
1091    -14460.811523
1092    -14461.125000
1093    -14461.438477
1094    -14461.750000
1095    -14462.064453
1096    -14462.375977
1097    -14462.687500
1098    -14462.999023
1099    -14463.310547
1100    -14463.621094
1101    -14463.930664
1102    -14464.241211
1103    -14464.546875
1104    -14464.853516
1105    -14465.160156
1106    -14465.464844
1107    -14465.770508
1108    -14466.074219
1109    -14466.378906
1110    -14466.683594
1111    -14466.986328
1112    -14467.291016
1113    -14467.592773
1114    -14467.893555
1115    -14468.193359
1116    -14468.490234
1117    -14468.788086
1118    -14469.085938
1119    -14469.382812
1120    -14469.679688
1121    -14469.976562
1122    -14470.271484
1123    -14470.567383
1124    -14470.863281
1125    -14471.156250
1126    -14471.451172
1127    -14471.744141
1128    -14472.037109
1129    -14472.328125
1130    -14472.619141
1131    -14472.910156
1132    -14473.201172
1133    -14473.490234
1134    -14473.780273
1135    -14474.069336
1136    -14474.357422
1137    -14474.646484
1138    -14474.933594
1139    -14475.220703
1140    -14475.506836
1141    -14475.792969
1142    -14476.079102
1143    -14476.364258
1144    -14476.647461
1145    -14476.929688
1146    -14477.212891
1147    -14477.495117
1148    -14477.777344
1149    -14478.057617
1150    -14478.337891
1151    -14478.618164
1152    -14478.897461
1153    -14479.175781
1154    -14479.455078
1155    -14479.732422
1156    -14480.005859
1157    -14480.280273
1158    -14480.554688
1159    -14480.828125
1160    -14481.099609
1161    -14481.372070
1162    -14481.643555
1163    -14481.914062
1164    -14482.184570
1165    -14482.453125
1166    -14482.722656
1167    -14482.989258
1168    -14483.255859
1169    -14483.522461
1170    -14483.787109
1171    -14484.052734
1172    -14484.314453
1173    -14484.575195
1174    -14484.834961
1175    -14485.092773
1176    -14485.345703
1177    -14485.598633
1178    -14485.851562
1179    -14486.101562
1180    -14486.353516
1181    -14486.603516
1182    -14486.847656
1183    -14487.089844
1184    -14487.330078
1185    -14487.569336
1186    -14487.808594
1187    -14488.045898
1188    -14488.283203
1189    -14488.520508
1190    -14488.757812
1191    -14488.992188
1192    -14489.228516
1193    -14489.462891
1194    -14489.697266
1195    -14489.930664
1196    -14490.163086
1197    -14490.395508
1198    -14490.626953
1199    -14490.858398
1200    -14491.087891
1201    -14491.310547
1202    -14491.532227
1203    -14491.753906
1204    -14491.974609
1205    -14492.193359
1206    -14492.409180
1207    -14492.623047
1208    -14492.837891
1209    -14493.050781
1210    -14493.264648
1211    -14493.476562
1212    -14493.688477
1213    -14493.900391
1214    -14494.111328
1215    -14494.320312
1216    -14494.531250
1217    -14494.739258
1218    -14494.947266
1219    -14495.156250
1220    -14495.363281
1221    -14495.571289
1222    -14495.776367
1223    -14495.982422
1224    -14496.187500
1225    -14496.392578
1226    -14496.597656
1227    -14496.800781
1228    -14497.003906
1229    -14497.207031
1230    -14497.408203
1231    -14497.610352
1232    -14497.810547
1233    -14498.011719
1234    -14498.212891
1235    -14498.412109
1236    -14498.611328
1237    -14498.809570
1238    -14499.007812
1239    -14499.205078
1240    -14499.402344
1241    -14499.599609
1242    -14499.794922
1243    -14499.991211
1244    -14500.186523
1245    -14500.380859
1246    -14500.575195
1247    -14500.769531
1248    -14500.962891
1249    -14501.155273
1250    -14501.347656
1251    -14501.540039
1252    -14501.730469
1253    -14501.922852
1254    -14502.113281
1255    -14502.302734
1256    -14502.492188
1257    -14502.682617
1258    -14502.871094
1259    -14503.059570
1260    -14503.248047
1261    -14503.435547
1262    -14503.623047
1263    -14503.809570
1264    -14503.996094
1265    -14504.181641
1266    -14504.367188
1267    -14504.552734
1268    -14504.736328
1269    -14504.920898
1270    -14505.105469
1271    -14505.289062
1272    -14505.471680
1273    -14505.655273
1274    -14505.837891
1275    -14506.019531
1276    -14506.201172
1277    -14506.382812
1278    -14506.563477
1279    -14506.744141
1280    -14506.923828
1281    -14507.104492
1282    -14507.283203
1283    -14507.462891
1284    -14507.641602
1285    -14507.821289
1286    -14507.998047
1287    -14508.176758
1288    -14508.353516
1289    -14508.531250
1290    -14508.708008
1291    -14508.884766
1292    -14509.060547
1293    -14509.236328
1294    -14509.412109
1295    -14509.587891
1296    -14509.761719
1297    -14509.937500
1298    -14510.111328
1299    -14510.285156
1300    -14510.458984
1301    -14510.630859
1302    -14510.804688
1303    -14510.978516
1304    -14511.148438
1305    -14511.318359
1306    -14511.489258
1307    -14511.658203
1308    -14511.827148
1309    -14511.998047
1310    -14512.166016
1311    -14512.333984
1312    -14512.503906
1313    -14512.671875
1314    -14512.839844
1315    -14513.007812
1316    -14513.173828
1317    -14513.341797
1318    -14513.507812
1319    -14513.675781
1320    -14513.841797
1321    -14514.007812
1322    -14514.173828
1323    -14514.339844
1324    -14514.503906
1325    -14514.669922
1326    -14514.833984
1327    -14515.000000
1328    -14515.161133
1329    -14515.323242
1330    -14515.485352
1331    -14515.640625
1332    -14515.791016
1333    -14515.940430
1334    -14516.088867
1335    -14516.238281
1336    -14516.386719
1337    -14516.533203
1338    -14516.678711
1339    -14516.824219
1340    -14516.970703
1341    -14517.115234
1342    -14517.259766
1343    -14517.406250
1344    -14517.550781
1345    -14517.695312
1346    -14517.839844
1347    -14517.984375
1348    -14518.128906
1349    -14518.273438
1350    -14518.416992
1351    -14518.560547
1352    -14518.704102
1353    -14518.847656
1354    -14518.992188
1355    -14519.134766
1356    -14519.278320
1357    -14519.420898
1358    -14519.564453
1359    -14519.707031
1360    -14519.849609
1361    -14519.992188
1362    -14520.133789
1363    -14520.276367
1364    -14520.417969
1365    -14520.560547
1366    -14520.702148
1367    -14520.843750
1368    -14520.986328
1369    -14521.126953
1370    -14521.268555
1371    -14521.408203
1372    -14521.550781
1373    -14521.691406
1374    -14521.832031
1375    -14521.972656
1376    -14522.113281
1377    -14522.252930
1378    -14522.390625
1379    -14522.527344
1380    -14522.662109
1381    -14522.795898
1382    -14522.929688
1383    -14523.064453
1384    -14523.197266
1385    -14523.332031
1386    -14523.465820
1387    -14523.599609
1388    -14523.733398
1389    -14523.867188
1390    -14524.000977
1391    -14524.132812
1392    -14524.266602
1393    -14524.399414
1394    -14524.533203
1395    -14524.666016
1396    -14524.798828
1397    -14524.931641
1398    -14525.063477
1399    -14525.196289
1400    -14525.327148
1401    -14525.457031
1402    -14525.586914
1403    -14525.714844
1404    -14525.842773
1405    -14525.970703
1406    -14526.098633
1407    -14526.226562
1408    -14526.353516
1409    -14526.481445
1410    -14526.609375
1411    -14526.736328
1412    -14526.863281
1413    -14526.991211
1414    -14527.118164
1415    -14527.245117
1416    -14527.372070
1417    -14527.498047
1418    -14527.621094
1419    -14527.745117
1420    -14527.868164
1421    -14527.989258
1422    -14528.105469
1423    -14528.222656
1424    -14528.339844
1425    -14528.457031
1426    -14528.573242
1427    -14528.689453
1428    -14528.806641
1429    -14528.921875
1430    -14529.038086
1431    -14529.154297
1432    -14529.271484
1433    -14529.387695
1434    -14529.503906
1435    -14529.620117
1436    -14529.735352
1437    -14529.851562
1438    -14529.966797
1439    -14530.083008
1440    -14530.199219
1441    -14530.314453
1442    -14530.429688
1443    -14530.544922
1444    -14530.660156
1445    -14530.775391
1446    -14530.890625
1447    -14531.005859
1448    -14531.121094
1449    -14531.235352
1450    -14531.351562
1451    -14531.466797
1452    -14531.580078
1453    -14531.695312
1454    -14531.810547
1455    -14531.924805
1456    -14532.039062
1457    -14532.154297
1458    -14532.267578
1459    -14532.382812
1460    -14532.497070
1461    -14532.611328
1462    -14532.725586
1463    -14532.839844
1464    -14532.953125
1465    -14533.066406
1466    -14533.181641
1467    -14533.293945
1468    -14533.408203
1469    -14533.521484
1470    -14533.634766
1471    -14533.748047
1472    -14533.862305
1473    -14533.974609
1474    -14534.089844
1475    -14534.202148
1476    -14534.315430
1477    -14534.427734
1478    -14534.541016
1479    -14534.654297
1480    -14534.765625
1481    -14534.879883
1482    -14534.992188
1483    -14535.104492
1484    -14535.216797
1485    -14535.330078
1486    -14535.441406
1487    -14535.554688
1488    -14535.666016
1489    -14535.779297
1490    -14535.890625
1491    -14536.003906
1492    -14536.114258
1493    -14536.226562
1494    -14536.339844
1495    -14536.451172
1496    -14536.562500
1497    -14536.673828
1498    -14536.785156
1499    -14536.896484
1500    -14537.007812
1501    -14537.119141
1502    -14537.230469
1503    -14537.341797
1504    -14537.452148
1505    -14537.564453
1506    -14537.673828
1507    -14537.782227
1508    -14537.891602
1509    -14538.000977
1510    -14538.109375
1511    -14538.218750
1512    -14538.328125
1513    -14538.437500
1514    -14538.544922
1515    -14538.654297
1516    -14538.761719
1517    -14538.869141
1518    -14538.976562
1519    -14539.083984
1520    -14539.191406
1521    -14539.297852
1522    -14539.404297
1523    -14539.511719
1524    -14539.619141
1525    -14539.726562
1526    -14539.832031
1527    -14539.939453
1528    -14540.046875
1529    -14540.153320
1530    -14540.259766
1531    -14540.366211
1532    -14540.473633
1533    -14540.580078
1534    -14540.685547
1535    -14540.791992
1536    -14540.899414
1537    -14541.005859
1538    -14541.111328
1539    -14541.217773
1540    -14541.324219
1541    -14541.430664
1542    -14541.536133
1543    -14541.642578
1544    -14541.749023
1545    -14541.854492
1546    -14541.960938
1547    -14542.066406
1548    -14542.171875
1549    -14542.275391
1550    -14542.373047
1551    -14542.472656
1552    -14542.570312
1553    -14542.668945
1554    -14542.767578
1555    -14542.866211
1556    -14542.963867
1557    -14543.062500
1558    -14543.160156
1559    -14543.259766
1560    -14543.358398
1561    -14543.456055
1562    -14543.554688
1563    -14543.652344
1564    -14543.751953
1565    -14543.849609
1566    -14543.948242
1567    -14544.046875
1568    -14544.144531
1569    -14544.244141
1570    -14544.342773
1571    -14544.440430
1572    -14544.539062
1573    -14544.636719
1574    -14544.735352
1575    -14544.833984
1576    -14544.932617
1577    -14545.031250
1578    -14545.128906
1579    -14545.228516
1580    -14545.326172
1581    -14545.425781
1582    -14545.523438
1583    -14545.621094
1584    -14545.717773
1585    -14545.815430
1586    -14545.912109
1587    -14546.009766
1588    -14546.107422
1589    -14546.205078
1590    -14546.301758
1591    -14546.400391
1592    -14546.496094
1593    -14546.593750
1594    -14546.691406
1595    -14546.789062
1596    -14546.886719
1597    -14546.984375
1598    -14547.083008
1599    -14547.179688
1600    -14547.276367
1601    -14547.374023
1602    -14547.472656
1603    -14547.568359
1604    -14547.667969
1605    -14547.765625
1606    -14547.862305
1607    -14547.959961
1608    -14548.057617
1609    -14548.152344
1610    -14548.247070
1611    -14548.341797
1612    -14548.435547
1613    -14548.531250
1614    -14548.622070
1615    -14548.712891
1616    -14548.805664
1617    -14548.896484
1618    -14548.988281
1619    -14549.078125
1620    -14549.166992
1621    -14549.255859
1622    -14549.343750
1623    -14549.432617
1624    -14549.521484
1625    -14549.609375
1626    -14549.699219
1627    -14549.787109
1628    -14549.876953
1629    -14549.964844
1630    -14550.052734
1631    -14550.141602
1632    -14550.230469
1633    -14550.319336
1634    -14550.409180
1635    -14550.497070
1636    -14550.585938
1637    -14550.672852
1638    -14550.758789
1639    -14550.844727
1640    -14550.931641
1641    -14551.017578
1642    -14551.102539
1643    -14551.189453
1644    -14551.275391
1645    -14551.361328
1646    -14551.447266
1647    -14551.533203
1648    -14551.620117
1649    -14551.707031
1650    -14551.792969
1651    -14551.878906
1652    -14551.964844
1653    -14552.050781
1654    -14552.137695
1655    -14552.223633
1656    -14552.309570
1657    -14552.396484
1658    -14552.482422
1659    -14552.568359
1660    -14552.654297
1661    -14552.741211
1662    -14552.828125
1663    -14552.914062
1664    -14553.000000
1665    -14553.085938
1666    -14553.173828
1667    -14553.259766
1668    -14553.346680
1669    -14553.433594
1670    -14553.520508
1671    -14553.607422
1672    -14553.694336
1673    -14553.781250
1674    -14553.869141
1675    -14553.956055
1676    -14554.041992
1677    -14554.129883
1678    -14554.217773
1679    -14554.305664
1680    -14554.392578
1681    -14554.480469
1682    -14554.568359
1683    -14554.656250
1684    -14554.744141
1685    -14554.832031
1686    -14554.919922
1687    -14555.007812
1688    -14555.096680
1689    -14555.185547
1690    -14555.273438
1691    -14555.363281
1692    -14555.451172
1693    -14555.540039
1694    -14555.628906
1695    -14555.718750
1696    -14555.807617
1697    -14555.896484
1698    -14555.986328
1699    -14556.076172
1700    -14556.166016
1701    -14556.255859
1702    -14556.345703
1703    -14556.435547
1704    -14556.527344
1705    -14556.617188
1706    -14556.705078
1707    -14556.792969
1708    -14556.880859
1709    -14556.968750
1710    -14557.056641
1711    -14557.144531
1712    -14557.232422
1713    -14557.320312
1714    -14557.409180
1715    -14557.498047
1716    -14557.585938
1717    -14557.675781
1718    -14557.765625
1719    -14557.853516
1720    -14557.943359
1721    -14558.033203
1722    -14558.122070
1723    -14558.212891
1724    -14558.302734
1725    -14558.392578
1726    -14558.482422
1727    -14558.574219
1728    -14558.664062
1729    -14558.754883
1730    -14558.845703
1731    -14558.937500
1732    -14559.027344
1733    -14559.120117
1734    -14559.210938
1735    -14559.301758
1736    -14559.394531
1737    -14559.486328
1738    -14559.579102
1739    -14559.671875
1740    -14559.763672
1741    -14559.855469
1742    -14559.948242
1743    -14560.041016
1744    -14560.134766
1745    -14560.226562
1746    -14560.319336
1747    -14560.412109
1748    -14560.503906
1749    -14560.596680
1750    -14560.689453
1751    -14560.783203
1752    -14560.875000
1753    -14560.967773
1754    -14561.060547
1755    -14561.154297
1756    -14561.248047
1757    -14561.340820
1758    -14561.433594
1759    -14561.527344
1760    -14561.620117
1761    -14561.712891
1762    -14561.806641
1763    -14561.900391
1764    -14561.994141
1765    -14562.086914
1766    -14562.178711
1767    -14562.271484
1768    -14562.365234
1769    -14562.457031
1770    -14562.548828
1771    -14562.641602
1772    -14562.730469
1773    -14562.820312
1774    -14562.908203
1775    -14562.998047
1776    -14563.086914
1777    -14563.175781
1778    -14563.264648
1779    -14563.353516
1780    -14563.443359
1781    -14563.531250
1782    -14563.620117
1783    -14563.708008
1784    -14563.796875
1785    -14563.884766
1786    -14563.974609
1787    -14564.060547
1788    -14564.150391
1789    -14564.237305
1790    -14564.325195
1791    -14564.412109
1792    -14564.500977
1793    -14564.587891
1794    -14564.675781
1795    -14564.762695
1796    -14564.848633
1797    -14564.935547
1798    -14565.021484
1799    -14565.109375
1800    -14565.195312
1801    -14565.281250
1802    -14565.367188
1803    -14565.453125
1804    -14565.539062
1805    -14565.624023
1806    -14565.708984
1807    -14565.794922
1808    -14565.878906
1809    -14565.963867
1810    -14566.047852
1811    -14566.132812
1812    -14566.216797
1813    -14566.300781
1814    -14566.383789
1815    -14566.466797
1816    -14566.550781
1817    -14566.633789
1818    -14566.714844
1819    -14566.797852
1820    -14566.879883
1821    -14566.961914
1822    -14567.042969
1823    -14567.125000
1824    -14567.206055
1825    -14567.287109
1826    -14567.367188
1827    -14567.447266
1828    -14567.527344
1829    -14567.608398
1830    -14567.687500
1831    -14567.767578
1832    -14567.846680
1833    -14567.925781
1834    -14568.003906
1835    -14568.082031
1836    -14568.160156
1837    -14568.238281
1838    -14568.316406
1839    -14568.394531
1840    -14568.470703
1841    -14568.546875
1842    -14568.625000
1843    -14568.700195
1844    -14568.776367
1845    -14568.853516
1846    -14568.927734
1847    -14569.002930
1848    -14569.078125
1849    -14569.152344
1850    -14569.227539
1851    -14569.301758
1852    -14569.375000
1853    -14569.449219
1854    -14569.523438
1855    -14569.595703
1856    -14569.668945
1857    -14569.742188
1858    -14569.814453
1859    -14569.886719
1860    -14569.958008
1861    -14570.029297
1862    -14570.101562
1863    -14570.171875
1864    -14570.244141
1865    -14570.313477
1866    -14570.383789
1867    -14570.455078
1868    -14570.524414
1869    -14570.593750
1870    -14570.664062
1871    -14570.732422
1872    -14570.800781
1873    -14570.869141
1874    -14570.939453
1875    -14571.005859
1876    -14571.073242
1877    -14571.136719
1878    -14571.199219
1879    -14571.261719
1880    -14571.324219
1881    -14571.386719
1882    -14571.449219
1883    -14571.509766
1884    -14571.572266
1885    -14571.632812
1886    -14571.695312
1887    -14571.755859
1888    -14571.816406
1889    -14571.876953
1890    -14571.937500
1891    -14571.998047
1892    -14572.057617
1893    -14572.117188
1894    -14572.176758
1895    -14572.236328
1896    -14572.295898
1897    -14572.355469
1898    -14572.414062
1899    -14572.472656
1900    -14572.531250
1901    -14572.589844
1902    -14572.646484
1903    -14572.705078
1904    -14572.762695
1905    -14572.821289
1906    -14572.878906
1907    -14572.935547
1908    -14572.993164
1909    -14573.050781
1910    -14573.107422
1911    -14573.164062
1912    -14573.219727
1913    -14573.276367
1914    -14573.332031
1915    -14573.388672
1916    -14573.441406
1917    -14573.493164
1918    -14573.544922
1919    -14573.595703
1920    -14573.648438
1921    -14573.699219
1922    -14573.750977
1923    -14573.801758
1924    -14573.852539
1925    -14573.904297
1926    -14573.954102
1927    -14574.003906
1928    -14574.054688
1929    -14574.105469
1930    -14574.156250
1931    -14574.206055
1932    -14574.255859
1933    -14574.305664
1934    -14574.355469
1935    -14574.406250
1936    -14574.455078
1937    -14574.504883
1938    -14574.553711
1939    -14574.603516
1940    -14574.652344
1941    -14574.701172
1942    -14574.750000
1943    -14574.798828
1944    -14574.847656
1945    -14574.896484
1946    -14574.945312
1947    -14574.993164
1948    -14575.041992
1949    -14575.089844
1950    -14575.138672
1951    -14575.185547
1952    -14575.234375
1953    -14575.283203
1954    -14575.330078
1955    -14575.377930
1956    -14575.425781
1957    -14575.472656
1958    -14575.521484
1959    -14575.568359
1960    -14575.616211
1961    -14575.663086
1962    -14575.709961
1963    -14575.757812
1964    -14575.804688
1965    -14575.852539
1966    -14575.898438
1967    -14575.945312
1968    -14575.993164
1969    -14576.039062
1970    -14576.086914
1971    -14576.133789
1972    -14576.179688
1973    -14576.227539
1974    -14576.273438
1975    -14576.320312
1976    -14576.367188
1977    -14576.414062
1978    -14576.459961
1979    -14576.506836
1980    -14576.552734
1981    -14576.599609
1982    -14576.646484
1983    -14576.692383
1984    -14576.738281
1985    -14576.785156
1986    -14576.831055
1987    -14576.876953
1988    -14576.922852
1989    -14576.969727
1990    -14577.015625
1991    -14577.062500
1992    -14577.108398
1993    -14577.155273
1994    -14577.201172
1995    -14577.248047
1996    -14577.292969
1997    -14577.339844
1998    -14577.384766
1999    -14577.431641
2000    -14577.477539
2001    -14577.524414
2002    -14577.570312
2003    -14577.617188
2004    -14577.664062
2005    -14577.708984
2006    -14577.755859
2007    -14577.801758
2008    -14577.847656
2009    -14577.894531
2010    -14577.941406
2011    -14577.986328
2012    -14578.033203
2013    -14578.080078
2014    -14578.126953
2015    -14578.166992
2016    -14578.207031
2017    -14578.247070
2018    -14578.287109
2019    -14578.328125
2020    -14578.367188
2021    -14578.409180
2022    -14578.448242
2023    -14578.489258
2024    -14578.529297
2025    -14578.570312
2026    -14578.611328
2027    -14578.652344
2028    -14578.692383
2029    -14578.734375
2030    -14578.775391
2031    -14578.816406
2032    -14578.857422
2033    -14578.898438
2034    -14578.940430
2035    -14578.982422
2036    -14579.023438
2037    -14579.066406
2038    -14579.107422
2039    -14579.150391
2040    -14579.193359
2041    -14579.234375
2042    -14579.277344
2043    -14579.319336
2044    -14579.361328
2045    -14579.404297
2046    -14579.447266
2047    -14579.490234
2048    -14579.533203
2049    -14579.576172
2050    -14579.619141
2051    -14579.662109
2052    -14579.705078
2053    -14579.746094
2054    -14579.790039
2055    -14579.833008
2056    -14579.875977
2057    -14579.919922
2058    -14579.962891
2059    -14580.005859
2060    -14580.049805
2061    -14580.093750
2062    -14580.137695
2063    -14580.181641
2064    -14580.225586
2065    -14580.269531
2066    -14580.314453
2067    -14580.358398
2068    -14580.402344
2069    -14580.448242
2070    -14580.492188
2071    -14580.537109
2072    -14580.582031
2073    -14580.626953
2074    -14580.673828
2075    -14580.718750
2076    -14580.763672
2077    -14580.809570
2078    -14580.854492
2079    -14580.900391
2080    -14580.945312
2081    -14580.992188
2082    -14581.038086
2083    -14581.084961
2084    -14581.130859
2085    -14581.177734
2086    -14581.223633
2087    -14581.271484
2088    -14581.317383
2089    -14581.364258
2090    -14581.410156
2091    -14581.458984
2092    -14581.505859
2093    -14581.552734
2094    -14581.599609
2095    -14581.648438
2096    -14581.695312
2097    -14581.744141
2098    -14581.791016
2099    -14581.838867
2100    -14581.884766
2101    -14581.930664
2102    -14581.976562
2103    -14582.022461
2104    -14582.067383
2105    -14582.114258
2106    -14582.160156
2107    -14582.207031
2108    -14582.252930
2109    -14582.298828
2110    -14582.345703
2111    -14582.392578
2112    -14582.439453
2113    -14582.486328
2114    -14582.533203
2115    -14582.581055
2116    -14582.628906
2117    -14582.675781
2118    -14582.722656
2119    -14582.769531
2120    -14582.818359
2121    -14582.866211
2122    -14582.914062
2123    -14582.961914
2124    -14583.009766
2125    -14583.057617
2126    -14583.105469
2127    -14583.154297
2128    -14583.202148
2129    -14583.250977
2130    -14583.299805
2131    -14583.347656
2132    -14583.396484
2133    -14583.446289
2134    -14583.495117
2135    -14583.544922
2136    -14583.593750
2137    -14583.642578
2138    -14583.692383
2139    -14583.742188
2140    -14583.791016
2141    -14583.841797
2142    -14583.890625
2143    -14583.940430
2144    -14583.990234
2145    -14584.041016
2146    -14584.091797
2147    -14584.141602
2148    -14584.191406
2149    -14584.242188
2150    -14584.292969
2151    -14584.343750
2152    -14584.394531
2153    -14584.445312
2154    -14584.496094
2155    -14584.546875
2156    -14584.598633
2157    -14584.650391
2158    -14584.701172
2159    -14584.752930
2160    -14584.804688
2161    -14584.856445
2162    -14584.908203
2163    -14584.960938
2164    -14585.011719
2165    -14585.065430
2166    -14585.118164
2167    -14585.170898
2168    -14585.222656
2169    -14585.276367
2170    -14585.330078
2171    -14585.382812
2172    -14585.435547
2173    -14585.489258
2174    -14585.542969
2175    -14585.595703
2176    -14585.650391
2177    -14585.705078
2178    -14585.758789
2179    -14585.812500
2180    -14585.867188
2181    -14585.921875
2182    -14585.976562
2183    -14586.027344
2184    -14586.080078
2185    -14586.132812
2186    -14586.183594
2187    -14586.237305
2188    -14586.290039
2189    -14586.342773
2190    -14586.396484
2191    -14586.450195
2192    -14586.503906
2193    -14586.555664
2194    -14586.609375
2195    -14586.664062
2196    -14586.718750
2197    -14586.773438
2198    -14586.828125
2199    -14586.882812
2200    -14586.938477
2201    -14586.994141
2202    -14587.048828
2203    -14587.104492
2204    -14587.160156
2205    -14587.216797
2206    -14587.273438
2207    -14587.330078
2208    -14587.386719
2209    -14587.444336
2210    -14587.501953
2211    -14587.558594
2212    -14587.617188
2213    -14587.674805
2214    -14587.732422
2215    -14587.791992
2216    -14587.850586
2217    -14587.908203
2218    -14587.968750
2219    -14588.027344
2220    -14588.086914
2221    -14588.147461
2222    -14588.208984
2223    -14588.268555
2224    -14588.328125
2225    -14588.389648
2226    -14588.451172
2227    -14588.511719
2228    -14588.574219
2229    -14588.634766
2230    -14588.697266
2231    -14588.759766
2232    -14588.822266
2233    -14588.884766
2234    -14588.947266
2235    -14589.011719
2236    -14589.074219
2237    -14589.138672
2238    -14589.203125
2239    -14589.266602
2240    -14589.331055
2241    -14589.396484
2242    -14589.460938
2243    -14589.525391
2244    -14589.591797
2245    -14589.656250
2246    -14589.722656
2247    -14589.789062
2248    -14589.855469
2249    -14589.920898
2250    -14589.988281
2251    -14590.054688
2252    -14590.122070
2253    -14590.189453
2254    -14590.256836
2255    -14590.325195
2256    -14590.392578
2257    -14590.460938
2258    -14590.531250
2259    -14590.598633
2260    -14590.667969
2261    -14590.736328
2262    -14590.805664
2263    -14590.875000
2264    -14590.945312
2265    -14591.015625
2266    -14591.085938
2267    -14591.156250
2268    -14591.226562
2269    -14591.296875
2270    -14591.367188
2271    -14591.439453
2272    -14591.509766
2273    -14591.582031
2274    -14591.654297
2275    -14591.725586
2276    -14591.797852
2277    -14591.869141
2278    -14591.942383
2279    -14592.014648
2280    -14592.087891
2281    -14592.160156
2282    -14592.233398
2283    -14592.306641
2284    -14592.379883
2285    -14592.453125
2286    -14592.527344
2287    -14592.601562
2288    -14592.674805
2289    -14592.750000
2290    -14592.824219
2291    -14592.898438
2292    -14592.972656
2293    -14593.047852
2294    -14593.123047
2295    -14593.199219
2296    -14593.273438
2297    -14593.349609
2298    -14593.424805
2299    -14593.500977
2300    -14593.576172
2301    -14593.652344
2302    -14593.728516
2303    -14593.804688
2304    -14593.880859
2305    -14593.957031
2306    -14594.035156
2307    -14594.111328
2308    -14594.188477
2309    -14594.266602
2310    -14594.343750
2311    -14594.419922
2312    -14594.498047
2313    -14594.575195
2314    -14594.654297
2315    -14594.730469
2316    -14594.809570
2317    -14594.887695
2318    -14594.965820
2319    -14595.044922
2320    -14595.122070
2321    -14595.201172
2322    -14595.279297
2323    -14595.359375
2324    -14595.437500
2325    -14595.516602
2326    -14595.595703
2327    -14595.674805
2328    -14595.753906
2329    -14595.833984
2330    -14595.912109
2331    -14595.992188
2332    -14596.071289
2333    -14596.151367
2334    -14596.231445
2335    -14596.310547
2336    -14596.390625
2337    -14596.470703
2338    -14596.550781
2339    -14596.630859
2340    -14596.710938
2341    -14596.791992
2342    -14596.871094
2343    -14596.952148
2344    -14597.033203
2345    -14597.111328
2346    -14597.192383
2347    -14597.273438
2348    -14597.353516
2349    -14597.434570
2350    -14597.514648
2351    -14597.594727
2352    -14597.674805
2353    -14597.753906
2354    -14597.833984
2355    -14597.913086
2356    -14597.993164
2357    -14598.072266
2358    -14598.152344
2359    -14598.232422
2360    -14598.310547
2361    -14598.390625
2362    -14598.469727
2363    -14598.548828
2364    -14598.628906
2365    -14598.707031
2366    -14598.787109
2367    -14598.866211
2368    -14598.945312
2369    -14599.023438
2370    -14599.102539
2371    -14599.181641
2372    -14599.259766
2373    -14599.337891
2374    -14599.417969
2375    -14599.496094
2376    -14599.574219
2377    -14599.652344
2378    -14599.730469
2379    -14599.807617
2380    -14599.884766
2381    -14599.962891
2382    -14600.041016
2383    -14600.117188
2384    -14600.195312
2385    -14600.271484
2386    -14600.348633
2387    -14600.425781
2388    -14600.500977
2389    -14600.578125
2390    -14600.654297
2391    -14600.729492
2392    -14600.805664
2393    -14600.880859
2394    -14600.956055
2395    -14601.031250
2396    -14601.106445
2397    -14601.180664
2398    -14601.254883
2399    -14601.329102
2400    -14601.402344
2401    -14601.476562
2402    -14601.549805
2403    -14601.623047
2404    -14601.694336
2405    -14601.765625
2406    -14601.836914
2407    -14601.908203
2408    -14601.978516
2409    -14602.049805
2410    -14602.121094
2411    -14602.190430
2412    -14602.259766
2413    -14602.330078
2414    -14602.398438
2415    -14602.467773
2416    -14602.536133
2417    -14602.604492
2418    -14602.671875
2419    -14602.740234
2420    -14602.808594
2421    -14602.875000
2422    -14602.941406
2423    -14603.008789
2424    -14603.074219
2425    -14603.140625
2426    -14603.206055
2427    -14603.272461
2428    -14603.336914
2429    -14603.402344
2430    -14603.466797
2431    -14603.531250
2432    -14603.595703
2433    -14603.659180
2434    -14603.722656
2435    -14603.785156
2436    -14603.847656
2437    -14603.910156
2438    -14603.972656
2439    -14604.034180
2440    -14604.095703
2441    -14604.158203
2442    -14604.217773
2443    -14604.278320
2444    -14604.339844
2445    -14604.399414
2446    -14604.458984
2447    -14604.519531
2448    -14604.578125
2449    -14604.636719
2450    -14604.695312
2451    -14604.753906
2452    -14604.812500
2453    -14604.869141
2454    -14604.927734
2455    -14604.984375
2456    -14605.041016
2457    -14605.097656
2458    -14605.154297
2459    -14605.210938
2460    -14605.265625
2461    -14605.322266
2462    -14605.376953
2463    -14605.431641
2464    -14605.486328
2465    -14605.541016
2466    -14605.594727
2467    -14605.649414
2468    -14605.703125
2469    -14605.756836
2470    -14605.809570
2471    -14605.862305
2472    -14605.915039
2473    -14605.968750
2474    -14606.019531
2475    -14606.072266
2476    -14606.123047
2477    -14606.170898
2478    -14606.212891
2479    -14606.255859
2480    -14606.297852
2481    -14606.340820
2482    -14606.382812
2483    -14606.423828
2484    -14606.464844
2485    -14606.506836
2486    -14606.547852
2487    -14606.588867
2488    -14606.629883
2489    -14606.669922
2490    -14606.710938
2491    -14606.750000
2492    -14606.791016
2493    -14606.830078
2494    -14606.869141
2495    -14606.908203
2496    -14606.944336
2497    -14606.981445
2498    -14607.017578
2499    -14607.054688
2500    -14607.089844
2501    -14607.126953
2502    -14607.162109
2503    -14607.198242
2504    -14607.234375
2505    -14607.269531
2506    -14607.304688
2507    -14607.339844
2508    -14607.375000
2509    -14607.409180
2510    -14607.443359
2511    -14607.478516
2512    -14607.512695
2513    -14607.546875
2514    -14607.582031
2515    -14607.615234
2516    -14607.650391
2517    -14607.683594
2518    -14607.716797
2519    -14607.750000
2520    -14607.783203
2521    -14607.816406
2522    -14607.849609
2523    -14607.881836
2524    -14607.915039
2525    -14607.947266
2526    -14607.979492
2527    -14608.012695
2528    -14608.044922
2529    -14608.077148
2530    -14608.107422
2531    -14608.140625
2532    -14608.172852
2533    -14608.204102
2534    -14608.235352
2535    -14608.267578
2536    -14608.298828
2537    -14608.330078
2538    -14608.361328
2539    -14608.392578
2540    -14608.422852
2541    -14608.454102
2542    -14608.484375
2543    -14608.515625
2544    -14608.544922
2545    -14608.576172
2546    -14608.605469
2547    -14608.635742
2548    -14608.666016
2549    -14608.695312
2550    -14608.726562
2551    -14608.755859
2552    -14608.785156
2553    -14608.814453
2554    -14608.844727
2555    -14608.873047
2556    -14608.903320
2557    -14608.931641
2558    -14608.960938
2559    -14608.990234
2560    -14609.018555
2561    -14609.047852
2562    -14609.076172
2563    -14609.105469
2564    -14609.133789
2565    -14609.163086
2566    -14609.191406
2567    -14609.218750
2568    -14609.248047
2569    -14609.275391
2570    -14609.303711
2571    -14609.332031
2572    -14609.359375
2573    -14609.387695
2574    -14609.416016
2575    -14609.443359
2576    -14609.470703
2577    -14609.498047
2578    -14609.525391
2579    -14609.552734
2580    -14609.580078
2581    -14609.607422
2582    -14609.634766
2583    -14609.662109
2584    -14609.689453
2585    -14609.716797
2586    -14609.744141
2587    -14609.770508
2588    -14609.797852
2589    -14609.824219
2590    -14609.851562
2591    -14609.876953
2592    -14609.904297
2593    -14609.931641
2594    -14609.957031
2595    -14609.984375
2596    -14610.009766
2597    -14610.034180
2598    -14610.058594
2599    -14610.083008
2600    -14610.107422
2601    -14610.131836
2602    -14610.156250
2603    -14610.180664
2604    -14610.205078
2605    -14610.229492
2606    -14610.253906
2607    -14610.277344
2608    -14610.302734
2609    -14610.326172
2610    -14610.349609
2611    -14610.373047
2612    -14610.398438
2613    -14610.421875
2614    -14610.445312
2615    -14610.469727
2616    -14610.494141
2617    -14610.517578
2618    -14610.541992
2619    -14610.564453
2620    -14610.588867
2621    -14610.613281
2622    -14610.636719
2623    -14610.660156
2624    -14610.683594
2625    -14610.707031
2626    -14610.731445
2627    -14610.753906
2628    -14610.777344
2629    -14610.800781
2630    -14610.824219
2631    -14610.847656
2632    -14610.869141
2633    -14610.890625
2634    -14610.912109
2635    -14610.933594
2636    -14610.953125
2637    -14610.974609
2638    -14610.996094
2639    -14611.016602
2640    -14611.037109
2641    -14611.058594
2642    -14611.080078
2643    -14611.101562
2644    -14611.121094
2645    -14611.142578
2646    -14611.163086
2647    -14611.185547
2648    -14611.206055
2649    -14611.227539
2650    -14611.248047
2651    -14611.268555
2652    -14611.289062
2653    -14611.310547
2654    -14611.331055
2655    -14611.352539
2656    -14611.374023
2657    -14611.394531
2658    -14611.415039
2659    -14611.435547
2660    -14611.457031
2661    -14611.478516
2662    -14611.499023
2663    -14611.520508
2664    -14611.541992
2665    -14611.562500
2666    -14611.583008
2667    -14611.603516
2668    -14611.625000
2669    -14611.645508
2670    -14611.666992
2671    -14611.688477
2672    -14611.708984
2673    -14611.730469
2674    -14611.751953
2675    -14611.771484
2676    -14611.792969
2677    -14611.814453
2678    -14611.835938
2679    -14611.857422
2680    -14611.876953
2681    -14611.898438
2682    -14611.919922
2683    -14611.941406
2684    -14611.961914
2685    -14611.983398
2686    -14612.004883
2687    -14612.025391
2688    -14612.046875
2689    -14612.068359
2690    -14612.089844
2691    -14612.111328
2692    -14612.131836
2693    -14612.153320
2694    -14612.174805
2695    -14612.194336
2696    -14612.214844
2697    -14612.235352
2698    -14612.255859
2699    -14612.276367
2700    -14612.296875
2701    -14612.316406
2702    -14612.337891
2703    -14612.357422
2704    -14612.378906
2705    -14612.398438
2706    -14612.419922
2707    -14612.439453
2708    -14612.460938
2709    -14612.481445
2710    -14612.501953
2711    -14612.522461
2712    -14612.542969
2713    -14612.564453
2714    -14612.584961
2715    -14612.605469
2716    -14612.626953
2717    -14612.646484
2718    -14612.667969
2719    -14612.689453
2720    -14612.709961
2721    -14612.730469
2722    -14612.751953
2723    -14612.773438
2724    -14612.793945
2725    -14612.815430
2726    -14612.835938
2727    -14612.857422
2728    -14612.878906
2729    -14612.900391
2730    -14612.921875
2731    -14612.942383
2732    -14612.964844
2733    -14612.986328
2734    -14613.006836
2735    -14613.028320
2736    -14613.049805
2737    -14613.072266
2738    -14613.093750
2739    -14613.115234
2740    -14613.136719
2741    -14613.159180
2742    -14613.180664
2743    -14613.200195
2744    -14613.220703
2745    -14613.239258
2746    -14613.258789
2747    -14613.279297
2748    -14613.298828
2749    -14613.317383
2750    -14613.336914
2751    -14613.357422
2752    -14613.376953
2753    -14613.396484
2754    -14613.416992
2755    -14613.436523
2756    -14613.457031
2757    -14613.476562
2758    -14613.498047
2759    -14613.517578
2760    -14613.538086
2761    -14613.558594
2762    -14613.579102
2763    -14613.599609
2764    -14613.620117
2765    -14613.640625
2766    -14613.662109
2767    -14613.681641
2768    -14613.703125
2769    -14613.724609
2770    -14613.746094
2771    -14613.766602
2772    -14613.787109
2773    -14613.808594
2774    -14613.831055
2775    -14613.851562
2776    -14613.874023
2777    -14613.895508
2778    -14613.916992
2779    -14613.938477
2780    -14613.960938
2781    -14613.982422
2782    -14614.004883
2783    -14614.027344
2784    -14614.048828
2785    -14614.071289
2786    -14614.093750
2787    -14614.116211
2788    -14614.139648
2789    -14614.162109
2790    -14614.184570
2791    -14614.208008
2792    -14614.230469
2793    -14614.253906
2794    -14614.277344
2795    -14614.299805
2796    -14614.324219
2797    -14614.347656
2798    -14614.371094
2799    -14614.394531
2800    -14614.417969
2801    -14614.443359
2802    -14614.466797
2803    -14614.490234
2804    -14614.514648
2805    -14614.539062
2806    -14614.564453
2807    -14614.588867
2808    -14614.613281
2809    -14614.638672
2810    -14614.664062
2811    -14614.689453
2812    -14614.714844
2813    -14614.739258
2814    -14614.764648
2815    -14614.790039
2816    -14614.815430
2817    -14614.840820
2818    -14614.865234
2819    -14614.890625
2820    -14614.917969
2821    -14614.942383
2822    -14614.968750
2823    -14614.994141
2824    -14615.020508
2825    -14615.046875
2826    -14615.072266
2827    -14615.099609
2828    -14615.126953
2829    -14615.152344
2830    -14615.179688
2831    -14615.207031
2832    -14615.234375
2833    -14615.261719
2834    -14615.289062
2835    -14615.317383
2836    -14615.345703
2837    -14615.374023
2838    -14615.402344
2839    -14615.430664
2840    -14615.458984
2841    -14615.488281
2842    -14615.517578
2843    -14615.546875
2844    -14615.576172
2845    -14615.604492
2846    -14615.634766
2847    -14615.665039
2848    -14615.695312
2849    -14615.725586
2850    -14615.755859
2851    -14615.786133
2852    -14615.816406
2853    -14615.847656
2854    -14615.878906
2855    -14615.912109
2856    -14615.942383
2857    -14615.974609
2858    -14616.006836
2859    -14616.039062
2860    -14616.072266
2861    -14616.105469
2862    -14616.136719
2863    -14616.169922
2864    -14616.204102
2865    -14616.238281
2866    -14616.271484
2867    -14616.306641
2868    -14616.339844
2869    -14616.375000
2870    -14616.409180
2871    -14616.444336
2872    -14616.479492
2873    -14616.515625
2874    -14616.550781
2875    -14616.587891
2876    -14616.624023
2877    -14616.660156
2878    -14616.697266
2879    -14616.734375
2880    -14616.771484
2881    -14616.809570
2882    -14616.847656
2883    -14616.884766
2884    -14616.923828
2885    -14616.961914
2886    -14617.000000
2887    -14617.039062
2888    -14617.080078
2889    -14617.119141
2890    -14617.160156
2891    -14617.199219
2892    -14617.240234
2893    -14617.281250
2894    -14617.322266
2895    -14617.363281
2896    -14617.405273
2897    -14617.447266
2898    -14617.490234
2899    -14617.531250
2900    -14617.575195
2901    -14617.618164
2902    -14617.662109
2903    -14617.705078
2904    -14617.750000
2905    -14617.794922
2906    -14617.838867
2907    -14617.884766
2908    -14617.928711
2909    -14617.974609
2910    -14618.020508
2911    -14618.067383
2912    -14618.113281
2913    -14618.160156
2914    -14618.208008
2915    -14618.254883
2916    -14618.302734
2917    -14618.350586
2918    -14618.398438
2919    -14618.447266
2920    -14618.497070
2921    -14618.544922
2922    -14618.595703
2923    -14618.645508
2924    -14618.695312
2925    -14618.746094
2926    -14618.796875
2927    -14618.847656
2928    -14618.900391
2929    -14618.951172
2930    -14619.002930
2931    -14619.056641
2932    -14619.108398
2933    -14619.162109
2934    -14619.213867
2935    -14619.267578
2936    -14619.322266
2937    -14619.375000
2938    -14619.429688
2939    -14619.484375
2940    -14619.539062
2941    -14619.595703
2942    -14619.650391
2943    -14619.706055
2944    -14619.761719
2945    -14619.818359
2946    -14619.875000
2947    -14619.931641
2948    -14619.988281
2949    -14620.046875
2950    -14620.103516
2951    -14620.162109
2952    -14620.218750
2953    -14620.277344
2954    -14620.335938
2955    -14620.394531
2956    -14620.453125
2957    -14620.512695
2958    -14620.572266
2959    -14620.630859
2960    -14620.691406
2961    -14620.750000
2962    -14620.810547
2963    -14620.871094
2964    -14620.930664
2965    -14620.992188
2966    -14621.052734
2967    -14621.113281
2968    -14621.174805
2969    -14621.236328
2970    -14621.295898
2971    -14621.357422
2972    -14621.418945
2973    -14621.480469
2974    -14621.542969
2975    -14621.604492
2976    -14621.666016
2977    -14621.728516
2978    -14621.790039
2979    -14621.852539
2980    -14621.914062
2981    -14621.976562
2982    -14622.039062
2983    -14622.101562
2984    -14622.164062
2985    -14622.226562
2986    -14622.289062
2987    -14622.351562
2988    -14622.414062
2989    -14622.475586
2990    -14622.539062
2991    -14622.601562
2992    -14622.664062
2993    -14622.726562
2994    -14622.789062
2995    -14622.851562
2996    -14622.914062
2997    -14622.976562
2998    -14623.039062
2999    -14623.101562
3000    -14623.164062
3001    -14623.225586
3002    -14623.287109
3003    -14623.350586
3004    -14623.411133
3005    -14623.473633
3006    -14623.535156
3007    -14623.597656
3008    -14623.658203
3009    -14623.720703
3010    -14623.781250
3011    -14623.842773
3012    -14623.903320
3013    -14623.964844
3014    -14624.025391
3015    -14624.085938
3016    -14624.147461
3017    -14624.207031
3018    -14624.266602
3019    -14624.327148
3020    -14624.387695
3021    -14624.448242
3022    -14624.506836
3023    -14624.566406
3024    -14624.625977
3025    -14624.684570
3026    -14624.744141
3027    -14624.803711
3028    -14624.861328
3029    -14624.919922
3030    -14624.977539
3031    -14625.036133
3032    -14625.093750
3033    -14625.152344
3034    -14625.210938
3035    -14625.266602
3036    -14625.323242
3037    -14625.380859
3038    -14625.437500
3039    -14625.494141
3040    -14625.550781
3041    -14625.606445
3042    -14625.662109
3043    -14625.718750
3044    -14625.774414
3045    -14625.828125
3046    -14625.884766
3047    -14625.939453
3048    -14625.994141
3049    -14626.047852
3050    -14626.101562
3051    -14626.156250
3052    -14626.210938
3053    -14626.263672
3054    -14626.318359
3055    -14626.371094
3056    -14626.423828
3057    -14626.476562
3058    -14626.529297
3059    -14626.582031
3060    -14626.632812
3061    -14626.685547
3062    -14626.737305
3063    -14626.789062
3064    -14626.839844
3065    -14626.890625
3066    -14626.942383
3067    -14626.993164
3068    -14627.042969
3069    -14627.093750
3070    -14627.142578
3071    -14627.193359
3072    -14627.242188
3073    -14627.291016
3074    -14627.341797
3075    -14627.390625
3076    -14627.438477
3077    -14627.488281
3078    -14627.535156
3079    -14627.583984
3080    -14627.631836
3081    -14627.678711
3082    -14627.726562
3083    -14627.773438
3084    -14627.821289
3085    -14627.869141
3086    -14627.914062
3087    -14627.960938
3088    -14628.007812
3089    -14628.053711
3090    -14628.099609
3091    -14628.144531
3092    -14628.190430
3093    -14628.236328
3094    -14628.281250
3095    -14628.326172
3096    -14628.371094
3097    -14628.415039
3098    -14628.459961
3099    -14628.503906
3100    -14628.547852
3101    -14628.591797
3102    -14628.634766
3103    -14628.677734
3104    -14628.722656
3105    -14628.764648
3106    -14628.807617
3107    -14628.850586
3108    -14628.893555
3109    -14628.935547
3110    -14628.978516
3111    -14629.019531
3112    -14629.061523
3113    -14629.103516
3114    -14629.144531
3115    -14629.185547
3116    -14629.226562
3117    -14629.267578
3118    -14629.308594
3119    -14629.349609
3120    -14629.390625
3121    -14629.430664
3122    -14629.470703
3123    -14629.510742
3124    -14629.549805
3125    -14629.589844
3126    -14629.629883
3127    -14629.667969
3128    -14629.707031
3129    -14629.746094
3130    -14629.785156
3131    -14629.824219
3132    -14629.861328
3133    -14629.900391
3134    -14629.938477
3135    -14629.976562
3136    -14630.013672
3137    -14630.050781
3138    -14630.088867
3139    -14630.125977
3140    -14630.163086
3141    -14630.201172
3142    -14630.236328
3143    -14630.273438
3144    -14630.310547
3145    -14630.347656
3146    -14630.382812
3147    -14630.419922
3148    -14630.455078
3149    -14630.490234
3150    -14630.527344
3151    -14630.562500
3152    -14630.597656
3153    -14630.632812
3154    -14630.667969
3155    -14630.703125
3156    -14630.738281
3157    -14630.773438
3158    -14630.807617
3159    -14630.841797
3160    -14630.876953
3161    -14630.911133
3162    -14630.945312
3163    -14630.978516
3164    -14631.012695
3165    -14631.046875
3166    -14631.080078
3167    -14631.114258
3168    -14631.147461
3169    -14631.179688
3170    -14631.212891
3171    -14631.246094
3172    -14631.279297
3173    -14631.312500
3174    -14631.345703
3175    -14631.378906
3176    -14631.410156
3177    -14631.442383
3178    -14631.474609
3179    -14631.506836
3180    -14631.539062
3181    -14631.570312
3182    -14631.601562
3183    -14631.633789
3184    -14631.666016
3185    -14631.698242
3186    -14631.728516
3187    -14631.759766
3188    -14631.791016
3189    -14631.822266
3190    -14631.853516
3191    -14631.882812
3192    -14631.914062
3193    -14631.945312
3194    -14631.975586
3195    -14632.005859
3196    -14632.036133
3197    -14632.066406
3198    -14632.095703
3199    -14632.126953
3200    -14632.156250
3201    -14632.186523
3202    -14632.214844
3203    -14632.245117
3204    -14632.274414
3205    -14632.304688
3206    -14632.333984
3207    -14632.363281
3208    -14632.392578
3209    -14632.420898
3210    -14632.450195
3211    -14632.478516
3212    -14632.506836
3213    -14632.535156
3214    -14632.563477
3215    -14632.591797
3216    -14632.621094
3217    -14632.650391
3218    -14632.677734
3219    -14632.706055
3220    -14632.733398
3221    -14632.761719
3222    -14632.789062
3223    -14632.816406
3224    -14632.844727
3225    -14632.872070
3226    -14632.898438
3227    -14632.926758
3228    -14632.954102
3229    -14632.982422
3230    -14633.009766
3231    -14633.035156
3232    -14633.062500
3233    -14633.089844
3234    -14633.116211
3235    -14633.142578
3236    -14633.168945
3237    -14633.195312
3238    -14633.222656
3239    -14633.249023
3240    -14633.275391
3241    -14633.301758
3242    -14633.327148
3243    -14633.353516
3244    -14633.378906
3245    -14633.406250
3246    -14633.431641
3247    -14633.457031
3248    -14633.483398
3249    -14633.508789
3250    -14633.533203
3251    -14633.558594
3252    -14633.584961
3253    -14633.611328
3254    -14633.634766
3255    -14633.660156
3256    -14633.685547
3257    -14633.709961
3258    -14633.735352
3259    -14633.759766
3260    -14633.782227
3261    -14633.804688
3262    -14633.826172
3263    -14633.849609
3264    -14633.871094
3265    -14633.894531
3266    -14633.916016
3267    -14633.937500
3268    -14633.958984
3269    -14633.982422
3270    -14634.003906
3271    -14634.025391
3272    -14634.046875
3273    -14634.070312
3274    -14634.090820
3275    -14634.112305
3276    -14634.133789
3277    -14634.155273
3278    -14634.176758
3279    -14634.199219
3280    -14634.219727
3281    -14634.240234
3282    -14634.261719
3283    -14634.283203
3284    -14634.304688
3285    -14634.326172
3286    -14634.345703
3287    -14634.367188
3288    -14634.388672
3289    -14634.409180
3290    -14634.430664
3291    -14634.451172
3292    -14634.471680
3293    -14634.492188
3294    -14634.513672
3295    -14634.533203
3296    -14634.554688
3297    -14634.574219
3298    -14634.595703
3299    -14634.615234
3300    -14634.636719
3301    -14634.656250
3302    -14634.675781
3303    -14634.696289
3304    -14634.716797
3305    -14634.736328
3306    -14634.756836
3307    -14634.776367
3308    -14634.796875
3309    -14634.816406
3310    -14634.835938
3311    -14634.855469
3312    -14634.875977
3313    -14634.894531
3314    -14634.912109
3315    -14634.927734
3316    -14634.943359
3317    -14634.960938
3318    -14634.976562
3319    -14634.993164
3320    -14635.008789
3321    -14635.025391
3322    -14635.041016
3323    -14635.056641
3324    -14635.070312
3325    -14635.085938
3326    -14635.101562
3327    -14635.117188
3328    -14635.130859
3329    -14635.146484
3330    -14635.161133
3331    -14635.175781
3332    -14635.191406
3333    -14635.206055
3334    -14635.221680
3335    -14635.236328
3336    -14635.250000
3337    -14635.265625
3338    -14635.280273
3339    -14635.294922
3340    -14635.309570
3341    -14635.324219
3342    -14635.338867
3343    -14635.353516
3344    -14635.368164
3345    -14635.382812
3346    -14635.396484
3347    -14635.412109
3348    -14635.425781
3349    -14635.441406
3350    -14635.455078
3351    -14635.468750
3352    -14635.484375
3353    -14635.498047
3354    -14635.512695
3355    -14635.527344
3356    -14635.541016
3357    -14635.555664
3358    -14635.569336
3359    -14635.583984
3360    -14635.597656
3361    -14635.612305
3362    -14635.626953
3363    -14635.640625
3364    -14635.655273
3365    -14635.668945
3366    -14635.683594
3367    -14635.697266
3368    -14635.711914
3369    -14635.724609
3370    -14635.739258
3371    -14635.753906
3372    -14635.767578
3373    -14635.781250
3374    -14635.794922
3375    -14635.808594
3376    -14635.822266
3377    -14635.836914
3378    -14635.850586
3379    -14635.864258
3380    -14635.878906
3381    -14635.892578
3382    -14635.906250
3383    -14635.918945
3384    -14635.933594
3385    -14635.946289
3386    -14635.959961
3387    -14635.973633
3388    -14635.988281
3389    -14636.000977
3390    -14636.013672
3391    -14636.027344
3392    -14636.041992
3393    -14636.054688
3394    -14636.068359
3395    -14636.082031
3396    -14636.095703
3397    -14636.109375
3398    -14636.122070
3399    -14636.136719
3400    -14636.148438
3401    -14636.162109
3402    -14636.174805
3403    -14636.189453
3404    -14636.202148
3405    -14636.215820
3406    -14636.229492
3407    -14636.242188
3408    -14636.255859
3409    -14636.267578
3410    -14636.281250
3411    -14636.293945
3412    -14636.306641
3413    -14636.320312
3414    -14636.333008
3415    -14636.346680
3416    -14636.359375
3417    -14636.372070
3418    -14636.384766
3419    -14636.397461
3420    -14636.410156
3421    -14636.421875
3422    -14636.435547
3423    -14636.449219
3424    -14636.460938
3425    -14636.474609
3426    -14636.486328
3427    -14636.500000
3428    -14636.511719
3429    -14636.524414
3430    -14636.537109
3431    -14636.549805
3432    -14636.562500
3433    -14636.574219
3434    -14636.587891
3435    -14636.599609
3436    -14636.612305
3437    -14636.624023
3438    -14636.637695
3439    -14636.650391
