Step            Loss
--------------------
1          10.310120
2        -387.002136
3        -785.660889
4       -1182.867676
5       -1581.083862
6       -1978.496460
7       -2376.374512
8       -2774.290771
9       -3172.020508
10      -3570.220459
11      -3967.986328
12      -4366.453125
13      -4764.514648
14      -5163.084473
15      -5561.196289
16      -5960.130859
17      -6358.064453
18      -6757.101074
19      -7156.225586
20      -7554.547852
21      -7954.532227
22      -8354.403320
23      -8754.046875
24      -9153.633789
25      -9554.193359
26      -9954.947266
27      -10355.488281
28      -10757.033203
29      -11157.892578
30      -11560.401367
31      -11962.821289
32      -12365.292969
33      -12767.924805
34      -13171.646484
35      -13575.553711
36      -13979.815430
37      -14384.755859
38      -14790.065430
39      -15195.806641
40      -15601.962891
41      -16008.625000
42      -16416.332031
43      -16823.953125
44      -17232.453125
45      -17641.169922
46      -18050.607422
47      -18461.675781
48      -18872.451172
49      -19283.535156
50      -19696.117188
51      -20108.792969
52      -20522.539062
53      -20935.917969
54      -21351.312500
55      -21767.005859
56      -22183.683594
57      -22600.441406
58      -23018.246094
59      -23436.576172
60      -23855.988281
61      -24275.587891
62      -24697.003906
63      -25118.351562
64      -25540.792969
65      -25964.099609
66      -26387.582031
67      -26812.736328
68      -27237.662109
69      -27664.414062
70      -28091.363281
71      -28520.503906
72      -28948.261719
73      -29378.796875
74      -29808.816406
75      -30241.191406
76      -30672.919922
77      -31105.359375
78      -31539.443359
79      -31975.070312
80      -32410.728516
81      -32846.437500
82      -33284.917969
83      -33721.656250
84      -34161.960938
85      -34601.753906
86      -35042.074219
87      -35484.285156
88      -35927.515625
89      -36371.164062
90      -36815.566406
91      -37260.617188
92      -37706.617188
93      -38153.757812
94      -38601.578125
95      -39050.503906
96      -39499.804688
97      -39950.132812
98      -40401.558594
99      -40854.789062
100     -41307.878906
101     -41761.410156
102     -42216.750000
103     -42672.515625
104     -43129.164062
105     -43586.312500
106     -44044.164062
107     -44503.421875
108     -44963.671875
109     -45423.078125
110     -45885.582031
111     -46347.019531
112     -46811.281250
113     -47274.789062
114     -47740.476562
115     -48206.703125
116     -48672.148438
117     -49139.656250
118     -49607.101562
119     -50075.878906
120     -50545.835938
121     -51016.046875
122     -51487.265625
123     -51958.859375
124     -52430.835938
125     -52904.617188
126     -53380.093750
127     -53854.453125
128     -54329.179688
129     -54805.304688
130     -55283.148438
131     -55758.843750
132     -56237.992188
133     -56716.636719
134     -57196.480469
135     -57676.535156
136     -58156.949219
137     -58638.699219
138     -59120.960938
139     -59603.437500
140     -60086.468750
141     -60571.417969
142     -61055.984375
143     -61539.570312
144     -62025.867188
145     -62511.898438
146     -62997.500000
147     -63486.023438
148     -63972.906250
149     -64460.929688
150     -64949.695312
151     -65438.554688
152     -65928.343750
153     -66418.382812
154     -66909.726562
155     -67399.515625
156     -67892.640625
157     -68383.531250
158     -68876.109375
159     -69368.226562
160     -69860.679688
161     -70353.890625
162     -70847.328125
163     -71340.570312
164     -71835.710938
165     -72330.031250
166     -72825.281250
167     -73319.281250
168     -73815.328125
169     -74310.078125
170     -74805.781250
171     -75301.796875
172     -75798.515625
173     -76294.757812
174     -76791.851562
175     -77288.859375
176     -77785.515625
177     -78281.640625
178     -78779.945312
179     -79277.117188
180     -79774.039062
181     -80269.859375
182     -80768.367188
183     -81266.437500
184     -81762.679688
185     -82259.414062
186     -82757.781250
187     -83256.421875
188     -83752.796875
189     -84251.328125
190     -84747.453125
191     -85246.109375
192     -85743.640625
193     -86240.390625
194     -86738.437500
195     -87234.125000
196     -87730.656250
197     -88228.000000
198     -88724.960938
199     -89219.968750
200     -89716.390625
201     -90212.578125
202     -90708.679688
203     -91203.687500
204     -91698.328125
205     -92193.593750
206     -92688.242188
207     -93182.093750
208     -93678.234375
209     -94170.703125
210     -94664.671875
211     -95156.851562
212     -95651.796875
213     -96144.007812
214     -96633.664062
215     -97125.804688
216     -97617.609375
217     -98107.101562
218     -98598.843750
219     -99088.656250
220     -99579.000000
221     -100067.890625
222     -100557.093750
223     -101043.968750
224     -101531.859375
225     -102018.562500
226     -102504.945312
227     -102990.695312
228     -103476.531250
229     -103960.984375
230     -104445.359375
231     -104930.054688
232     -105413.343750
233     -105894.046875
234     -106376.304688
235     -106856.640625
236     -107335.726562
237     -107816.437500
238     -108295.562500
239     -108773.546875
240     -109250.757812
241     -109727.054688
242     -110202.953125
243     -110678.328125
244     -111152.343750
245     -111625.914062
246     -112099.937500
247     -112571.617188
248     -113042.421875
249     -113512.031250
250     -113981.968750
251     -114449.671875
252     -114916.976562
253     -115384.140625
254     -115850.953125
255     -116314.468750
256     -116779.593750
257     -117241.296875
258     -117704.382812
259     -118165.703125
260     -118626.406250
261     -119084.500000
262     -119543.531250
263     -120000.312500
264     -120457.156250
265     -120912.984375
266     -121369.390625
267     -121820.640625
268     -122273.585938
269     -122724.500000
270     -123174.453125
271     -123623.945312
272     -124073.421875
273     -124519.687500
274     -124966.593750
275     -125410.296875
276     -125856.679688
277     -126298.453125
278     -126741.117188
279     -127182.546875
280     -127621.250000
281     -128059.851562
282     -128497.570312
283     -128935.085938
284     -129369.585938
285     -129805.484375
286     -130238.523438
287     -130671.585938
288     -131099.718750
289     -131530.312500
290     -131957.718750
291     -132385.125000
292     -132811.156250
293     -133235.031250
294     -133658.140625
295     -134080.171875
296     -134500.875000
297     -134921.593750
298     -135338.687500
299     -135755.812500
300     -136173.125000
301     -136587.734375
302     -136999.875000
303     -137411.703125
304     -137824.156250
305     -138233.656250
306     -138641.703125
307     -139049.843750
308     -139454.562500
309     -139858.281250
310     -140260.750000
311     -140662.796875
312     -141064.421875
313     -141463.359375
314     -141861.343750
315     -142260.328125
316     -142656.187500
317     -143047.812500
318     -143440.484375
319     -143831.343750
320     -144220.937500
321     -144609.187500
322     -144996.875000
323     -145381.125000
324     -145766.921875
325     -146149.187500
326     -146529.593750
327     -146912.281250
328     -147290.156250
329     -147665.968750
330     -148043.468750
331     -148417.593750
332     -148791.187500
333     -149162.734375
334     -149532.218750
335     -149902.000000
336     -150268.250000
337     -150635.437500
338     -150999.625000
339     -151363.375000
340     -151724.843750
341     -152087.625000
342     -152445.093750
343     -152802.656250
344     -153158.718750
345     -153512.609375
346     -153865.312500
347     -154219.562500
348     -154569.140625
349     -154918.531250
350     -155267.125000
351     -155612.281250
352     -155956.937500
353     -156300.593750
354     -156640.125000
355     -156981.453125
356     -157320.500000
357     -157657.437500
358     -157993.000000
359     -158326.203125
360     -158660.500000
361     -158992.125000
362     -159321.328125
363     -159651.062500
364     -159978.656250
365     -160304.593750
366     -160629.390625
367     -160951.609375
368     -161274.062500
369     -161594.890625
370     -161913.375000
371     -162230.156250
372     -162547.171875
373     -162862.343750
374     -163174.875000
375     -163487.671875
376     -163796.765625
377     -164105.515625
378     -164412.906250
379     -164719.453125
380     -165022.531250
381     -165324.531250
382     -165625.375000
383     -165924.656250
384     -166223.875000
385     -166520.656250
386     -166815.531250
387     -167108.031250
388     -167401.453125
389     -167690.906250
390     -167980.968750
391     -168269.312500
392     -168554.859375
393     -168841.796875
394     -169124.093750
395     -169405.140625
396     -169687.328125
397     -169964.781250
398     -170241.953125
399     -170518.593750
400     -170792.343750
401     -171065.578125
402     -171335.390625
403     -171605.593750
404     -171873.500000
405     -172141.562500
406     -172406.156250
407     -172671.109375
408     -172934.125000
409     -173194.125000
410     -173454.156250
411     -173712.093750
412     -173967.812500
413     -174223.890625
414     -174478.609375
415     -174730.906250
416     -174979.484375
417     -175230.937500
418     -175478.625000
419     -175725.437500
420     -175969.625000
421     -176214.718750
422     -176455.687500
423     -176695.156250
424     -176935.000000
425     -177172.000000
426     -177408.031250
427     -177644.187500
428     -177877.781250
429     -178108.843750
430     -178340.031250
431     -178570.484375
432     -178797.171875
433     -179024.484375
434     -179249.375000
435     -179474.453125
436     -179696.031250
437     -179918.546875
438     -180138.250000
439     -180357.281250
440     -180574.968750
441     -180789.218750
442     -181005.484375
443     -181219.843750
444     -181431.000000
445     -181642.046875
446     -181852.468750
447     -182061.656250
448     -182269.359375
449     -182474.140625
450     -182678.562500
451     -182881.312500
452     -183083.328125
453     -183282.968750
454     -183483.781250
455     -183682.031250
456     -183877.156250
457     -184071.281250
458     -184264.546875
459     -184457.328125
460     -184647.468750
461     -184836.375000
462     -185026.187500
463     -185212.562500
464     -185398.656250
465     -185582.703125
466     -185765.156250
467     -185946.593750
468     -186127.968750
469     -186306.750000
470     -186485.000000
471     -186660.968750
472     -186836.843750
473     -187011.031250
474     -187183.734375
475     -187354.453125
476     -187525.343750
477     -187694.281250
478     -187863.375000
479     -188030.437500
480     -188195.734375
481     -188359.562500
482     -188522.218750
483     -188683.125000
484     -188842.781250
485     -189001.781250
486     -189160.640625
487     -189316.593750
488     -189471.500000
489     -189625.390625
490     -189778.203125
491     -189930.484375
492     -190079.843750
493     -190230.218750
494     -190379.531250
495     -190525.843750
496     -190671.281250
497     -190818.093750
498     -190961.375000
499     -191103.156250
500     -191246.406250
501     -191386.562500
502     -191524.843750
503     -191663.578125
504     -191800.109375
505     -191937.093750
506     -192072.531250
507     -192208.031250
508     -192341.234375
509     -192472.656250
510     -192604.593750
511     -192733.656250
512     -192862.875000
513     -192991.343750
514     -193118.500000
515     -193244.437500
516     -193369.750000
517     -193493.781250
518     -193617.937500
519     -193739.421875
520     -193860.359375
521     -193980.500000
522     -194100.343750
523     -194219.375000
524     -194334.906250
525     -194450.484375
526     -194567.406250
