Step            Loss
--------------------
1        -298.258362
2        -326.513947
3        -354.781372
4        -383.060913
5        -411.353058
6        -439.657837
7        -467.975494
8        -496.306183
9        -524.650024
10       -553.007446
11       -581.378723
12       -609.764282
13       -638.164673
14       -666.580505
15       -695.012085
16       -723.460510
17       -751.926270
18       -780.410156
19       -808.912964
20       -837.435486
21       -865.978577
22       -894.543091
23       -923.129883
24       -951.739868
25       -980.374084
26      -1009.033386
27      -1037.718506
28      -1066.431030
29      -1095.171387
30      -1123.941040
31      -1152.740723
32      -1181.571533
33      -1210.434326
34      -1239.330566
35      -1268.260864
36      -1297.226318
37      -1326.228271
38      -1355.267334
39      -1384.344604
40      -1413.461182
41      -1442.617920
42      -1471.815796
43      -1501.055542
44      -1530.338135
45      -1559.664673
46      -1589.035767
47      -1618.452271
48      -1647.914917
49      -1677.424561
50      -1706.982178
51      -1736.587891
52      -1766.243164
53      -1795.948242
54      -1825.703613
55      -1855.510010
56      -1885.368408
57      -1915.279053
58      -1945.242676
59      -1975.259766
60      -2005.330688
61      -2035.456177
62      -2065.636719
63      -2095.872070
64      -2126.163818
65      -2156.511719
66      -2186.916260
67      -2217.377930
68      -2247.896973
69      -2278.473633
70      -2309.108398
71      -2339.801758
72      -2370.553223
73      -2401.364258
74      -2432.234375
75      -2463.163818
76      -2494.153076
77      -2525.202148
78      -2556.311279
79      -2587.480713
80      -2618.710938
81      -2650.001465
82      -2681.353027
83      -2712.765137
84      -2744.238525
85      -2775.772949
86      -2807.368408
87      -2839.025146
88      -2870.743164
89      -2902.522461
90      -2934.363281
91      -2966.265137
92      -2998.228516
93      -3030.252930
94      -3062.338867
95      -3094.485840
96      -3126.694336
97      -3158.963379
98      -3191.293457
99      -3223.684326
100     -3256.135986
101     -3288.647949
102     -3321.220215
103     -3353.852783
104     -3386.545410
105     -3419.297607
106     -3452.109619
107     -3484.980469
108     -3517.910400
109     -3550.898926
110     -3583.946045
111     -3617.051025
112     -3650.214111
113     -3683.434082
114     -3716.711426
115     -3750.045410
116     -3783.435547
117     -3816.881836
118     -3850.383301
119     -3883.939453
120     -3917.550537
121     -3951.215576
122     -3984.933838
123     -4018.705566
124     -4052.529297
125     -4086.405273
126     -4120.332520
127     -4154.310547
128     -4188.338867
129     -4222.416992
130     -4256.543945
131     -4290.719727
132     -4324.942871
133     -4359.213379
134     -4393.530273
135     -4427.892578
136     -4462.299805
137     -4496.751953
138     -4531.247070
139     -4565.786133
140     -4600.366211
141     -4634.988281
142     -4669.650391
143     -4704.353516
144     -4739.094727
145     -4773.874512
146     -4808.691895
147     -4843.545410
148     -4878.435059
149     -4913.359863
150     -4948.318359
151     -4983.310547
152     -5018.334961
153     -5053.390625
154     -5088.477051
155     -5123.593262
156     -5158.738281
157     -5193.911133
158     -5229.111328
159     -5264.337402
160     -5299.588867
161     -5334.864258
162     -5370.163086
163     -5405.484375
164     -5440.827148
165     -5476.189941
166     -5511.572266
167     -5546.973633
168     -5582.392090
169     -5617.826660
170     -5653.277832
171     -5688.743164
172     -5724.222656
173     -5759.698730
174     -5795.183594
175     -5830.678711
176     -5866.183594
177     -5901.697266
178     -5937.217773
179     -5972.745117
180     -6008.278320
181     -6043.815430
182     -6079.357422
183     -6114.900391
184     -6150.445312
185     -6185.991211
186     -6221.536133
187     -6257.077148
188     -6292.582520
189     -6328.072754
190     -6363.558594
191     -6399.038086
192     -6434.510742
193     -6469.975586
194     -6505.431641
195     -6540.877930
196     -6576.313477
197     -6611.737305
198     -6647.147461
199     -6682.543945
200     -6717.914551
201     -6753.260742
202     -6788.591309
203     -6823.902344
204     -6859.195312
205     -6894.456055
206     -6929.680664
207     -6964.883789
208     -7000.063965
209     -7035.220215
210     -7070.351562
211     -7105.457520
212     -7140.536133
213     -7175.587891
214     -7210.610352
215     -7245.603027
216     -7280.566406
217     -7315.497070
218     -7350.395508
219     -7385.261230
220     -7420.089844
221     -7454.878418
222     -7489.631348
223     -7524.347656
224     -7559.025391
225     -7593.666016
226     -7628.265625
227     -7662.825684
228     -7697.344727
229     -7731.818359
230     -7766.232422
231     -7800.603027
232     -7834.928223
233     -7869.208984
234     -7903.442383
235     -7937.629395
236     -7971.769531
237     -8005.859375
238     -8039.900879
239     -8073.888672
240     -8107.824707
241     -8141.709473
242     -8175.505859
243     -8209.228516
244     -8242.899414
245     -8276.513672
246     -8310.073242
247     -8343.555664
248     -8376.972656
249     -8410.333008
250     -8443.633789
251     -8476.875977
252     -8510.059570
253     -8543.182617
254     -8576.244141
255     -8609.244141
256     -8642.181641
257     -8675.023438
258     -8707.789062
259     -8740.485352
260     -8773.087891
261     -8805.623047
262     -8838.070312
263     -8870.449219
264     -8902.750000
265     -8934.977539
266     -8967.136719
267     -8999.226562
268     -9031.248047
269     -9063.161133
270     -9095.005859
271     -9126.778320
272     -9158.481445
273     -9190.111328
274     -9221.669922
275     -9253.156250
276     -9284.564453
277     -9315.896484
278     -9347.155273
279     -9378.320312
280     -9409.404297
281     -9440.413086
282     -9471.345703
283     -9502.204102
284     -9532.973633
285     -9563.662109
286     -9594.262695
287     -9624.777344
288     -9655.203125
289     -9685.542969
290     -9715.803711
291     -9745.975586
292     -9776.050781
293     -9806.048828
294     -9835.965820
295     -9865.803711
296     -9895.561523
297     -9925.239258
298     -9954.830078
299     -9984.332031
300     -10013.748047
301     -10043.066406
302     -10072.303711
303     -10101.458984
304     -10130.533203
305     -10159.523438
306     -10188.426758
307     -10217.242188
308     -10245.967773
309     -10274.609375
310     -10303.161133
311     -10331.609375
312     -10359.941406
313     -10388.186523
314     -10416.347656
315     -10444.406250
316     -10472.356445
317     -10500.218750
318     -10527.997070
319     -10555.691406
320     -10583.281250
321     -10610.775391
322     -10638.183594
323     -10665.503906
324     -10692.733398
325     -10719.872070
326     -10746.910156
327     -10773.843750
328     -10800.679688
329     -10827.431641
330     -10854.098633
331     -10880.679688
332     -10907.136719
333     -10933.494141
334     -10959.747070
335     -10985.891602
336     -11011.949219
337     -11037.919922
338     -11063.806641
339     -11089.607422
340     -11115.322266
341     -11140.953125
342     -11166.498047
343     -11191.935547
344     -11217.235352
345     -11242.401367
346     -11267.439453
347     -11292.392578
348     -11317.251953
349     -11342.009766
350     -11366.666016
351     -11391.230469
352     -11415.708984
353     -11440.058594
354     -11464.271484
355     -11488.375000
356     -11512.353516
357     -11536.247070
358     -11560.054688
359     -11583.753906
360     -11607.360352
361     -11630.882812
362     -11654.255859
363     -11677.503906
364     -11700.649414
365     -11723.698242
366     -11746.665039
367     -11769.529297
368     -11792.308594
369     -11814.953125
370     -11837.485352
371     -11859.896484
372     -11882.212891
373     -11904.423828
374     -11926.523438
375     -11948.472656
376     -11970.337891
377     -11992.109375
378     -12013.757812
379     -12035.275391
380     -12056.708984
381     -12078.062500
382     -12099.330078
383     -12120.511719
384     -12141.603516
385     -12162.603516
386     -12183.485352
387     -12204.257812
388     -12224.917969
389     -12245.491211
390     -12265.972656
391     -12286.366211
392     -12306.677734
393     -12326.846680
394     -12346.905273
395     -12366.839844
396     -12386.635742
397     -12406.339844
398     -12425.904297
399     -12445.396484
400     -12464.791992
401     -12484.109375
402     -12503.342773
403     -12522.498047
404     -12541.538086
405     -12560.447266
406     -12579.183594
407     -12597.761719
408     -12616.266602
409     -12634.652344
410     -12652.943359
411     -12671.156250
412     -12689.266602
413     -12707.267578
414     -12725.183594
415     -12742.990234
416     -12760.681641
417     -12778.268555
418     -12795.769531
419     -12813.181641
420     -12830.481445
421     -12847.707031
422     -12864.820312
423     -12881.834961
424     -12898.745117
425     -12915.559570
426     -12932.224609
427     -12948.781250
428     -12965.251953
429     -12981.646484
430     -12997.925781
431     -13014.087891
432     -13030.153320
433     -13046.143555
434     -13062.027344
435     -13077.787109
436     -13093.451172
437     -13109.007812
438     -13124.451172
439     -13139.798828
440     -13155.032227
441     -13170.164062
442     -13185.207031
443     -13200.166016
444     -13215.018555
445     -13229.747070
446     -13244.349609
447     -13258.829102
448     -13273.241211
449     -13287.574219
450     -13301.795898
451     -13315.921875
452     -13329.976562
453     -13343.966797
454     -13357.876953
455     -13371.691406
456     -13385.395508
457     -13399.032227
458     -13412.591797
459     -13426.053711
460     -13439.399414
461     -13452.628906
462     -13465.769531
463     -13478.819336
464     -13491.806641
465     -13504.680664
466     -13517.482422
467     -13530.199219
468     -13542.832031
469     -13555.356445
470     -13567.759766
471     -13580.091797
472     -13592.357422
473     -13604.546875
474     -13616.666992
475     -13628.681641
476     -13640.598633
477     -13652.441406
478     -13664.201172
479     -13675.894531
480     -13687.486328
481     -13699.001953
482     -13710.443359
483     -13721.814453
484     -13733.134766
485     -13744.404297
486     -13755.587891
487     -13766.727539
488     -13777.822266
489     -13788.859375
490     -13799.853516
491     -13810.774414
492     -13821.554688
493     -13832.218750
494     -13842.788086
495     -13853.274414
496     -13863.675781
497     -13873.982422
498     -13884.212891
499     -13894.404297
500     -13904.534180
501     -13914.553711
502     -13924.496094
503     -13934.325195
504     -13944.091797
505     -13953.806641
506     -13963.464844
507     -13973.022461
508     -13982.501953
509     -13991.890625
510     -14001.214844
511     -14010.428711
512     -14019.528320
513     -14028.547852
514     -14037.531250
515     -14046.455078
516     -14055.303711
517     -14064.068359
518     -14072.705078
519     -14081.271484
520     -14089.783203
521     -14098.248047
522     -14106.656250
523     -14115.005859
524     -14123.285156
525     -14131.481445
526     -14139.601562
527     -14147.671875
528     -14155.688477
529     -14163.632812
530     -14171.525391
531     -14179.357422
532     -14187.145508
533     -14194.869141
534     -14202.514648
535     -14210.083984
536     -14217.583008
537     -14225.027344
538     -14232.407227
539     -14239.735352
540     -14247.020508
541     -14254.250000
542     -14261.390625
543     -14268.451172
544     -14275.411133
545     -14282.329102
546     -14289.198242
547     -14296.021484
548     -14302.800781
549     -14309.550781
550     -14316.255859
551     -14322.908203
552     -14329.508789
553     -14336.028320
554     -14342.494141
555     -14348.922852
556     -14355.291016
557     -14361.564453
558     -14367.789062
559     -14373.962891
560     -14380.094727
561     -14386.169922
562     -14392.149414
563     -14398.078125
564     -14403.947266
565     -14409.765625
566     -14415.519531
567     -14421.166016
568     -14426.733398
569     -14432.266602
570     -14437.765625
571     -14443.224609
572     -14448.597656
573     -14453.908203
574     -14459.161133
575     -14464.374023
576     -14469.523438
577     -14474.615234
578     -14479.648438
579     -14484.562500
580     -14489.406250
581     -14494.199219
582     -14498.933594
583     -14503.606445
584     -14508.217773
585     -14512.688477
586     -14517.106445
587     -14521.480469
588     -14525.835938
589     -14530.175781
590     -14534.476562
591     -14538.708984
592     -14542.878906
593     -14547.031250
594     -14551.154297
595     -14555.228516
596     -14559.275391
597     -14563.291016
598     -14567.267578
599     -14571.218750
600     -14575.138672
601     -14579.027344
602     -14582.860352
603     -14586.669922
604     -14590.462891
605     -14594.216797
606     -14597.949219
607     -14601.646484
608     -14605.324219
609     -14608.951172
610     -14612.527344
611     -14616.080078
612     -14619.599609
613     -14623.095703
614     -14626.572266
615     -14630.030273
616     -14633.474609
617     -14636.860352
618     -14640.181641
619     -14643.474609
620     -14646.748047
621     -14650.000000
622     -14653.201172
623     -14656.328125
624     -14659.428711
625     -14662.504883
626     -14665.545898
627     -14668.548828
628     -14671.532227
629     -14674.492188
630     -14677.400391
631     -14680.276367
632     -14683.117188
633     -14685.927734
634     -14688.729492
635     -14691.521484
636     -14694.296875
637     -14697.058594
638     -14699.804688
639     -14702.501953
640     -14705.168945
641     -14707.813477
642     -14710.425781
643     -14713.025391
644     -14715.605469
645     -14718.140625
646     -14720.655273
647     -14723.152344
648     -14725.634766
649     -14728.086914
650     -14730.488281
651     -14732.835938
652     -14735.165039
653     -14737.471680
654     -14739.763672
655     -14742.019531
656     -14744.255859
657     -14746.468750
658     -14748.656250
659     -14750.822266
660     -14752.957031
661     -14755.074219
662     -14757.175781
663     -14759.265625
664     -14761.333984
665     -14763.360352
666     -14765.365234
667     -14767.318359
668     -14769.256836
669     -14771.177734
670     -14773.052734
671     -14774.899414
672     -14776.724609
673     -14778.535156
674     -14780.303711
675     -14782.027344
676     -14783.734375
677     -14785.409180
678     -14787.067383
679     -14788.708984
680     -14790.334961
681     -14791.926758
682     -14793.504883
683     -14795.073242
684     -14796.632812
685     -14798.185547
686     -14799.730469
687     -14801.269531
688     -14802.799805
689     -14804.322266
690     -14805.837891
691     -14807.349609
692     -14808.855469
693     -14810.350586
694     -14811.817383
695     -14813.257812
696     -14814.689453
697     -14816.111328
698     -14817.523438
699     -14818.930664
700     -14820.329102
701     -14821.722656
702     -14823.108398
703     -14824.484375
704     -14825.847656
705     -14827.205078
706     -14828.545898
707     -14829.864258
708     -14831.175781
709     -14832.483398
710     -14833.786133
711     -14835.085938
712     -14836.361328
713     -14837.603516
714     -14838.840820
715     -14840.070312
716     -14841.289062
717     -14842.496094
718     -14843.689453
719     -14844.877930
720     -14846.052734
721     -14847.216797
722     -14848.378906
723     -14849.527344
724     -14850.667969
725     -14851.805664
726     -14852.931641
727     -14854.050781
728     -14855.160156
729     -14856.259766
730     -14857.346680
731     -14858.421875
732     -14859.492188
733     -14860.556641
734     -14861.613281
735     -14862.654297
736     -14863.664062
737     -14864.669922
738     -14865.665039
739     -14866.655273
740     -14867.642578
741     -14868.621094
742     -14869.597656
743     -14870.558594
744     -14871.513672
745     -14872.459961
746     -14873.400391
747     -14874.336914
748     -14875.264648
749     -14876.185547
750     -14877.101562
751     -14878.008789
752     -14878.912109
753     -14879.812500
754     -14880.693359
755     -14881.551758
756     -14882.406250
757     -14883.251953
758     -14884.091797
759     -14884.928711
760     -14885.757812
761     -14886.577148
762     -14887.394531
763     -14888.189453
764     -14888.978516
765     -14889.760742
766     -14890.539062
767     -14891.314453
768     -14892.080078
769     -14892.841797
770     -14893.600586
771     -14894.357422
772     -14895.111328
773     -14895.861328
774     -14896.606445
775     -14897.339844
776     -14898.069336
777     -14898.796875
778     -14899.522461
779     -14900.246094
780     -14900.968750
781     -14901.686523
782     -14902.396484
783     -14903.104492
784     -14903.811523
785     -14904.515625
786     -14905.214844
787     -14905.908203
788     -14906.594727
789     -14907.280273
790     -14907.963867
791     -14908.646484
792     -14909.323242
793     -14909.998047
794     -14910.670898
795     -14911.338867
796     -14912.003906
797     -14912.662109
798     -14913.312500
799     -14913.957031
800     -14914.595703
801     -14915.219727
802     -14915.828125
803     -14916.427734
804     -14917.009766
805     -14917.586914
806     -14918.162109
807     -14918.730469
808     -14919.283203
809     -14919.827148
810     -14920.370117
811     -14920.904297
812     -14921.435547
813     -14921.964844
814     -14922.494141
815     -14923.019531
816     -14923.544922
817     -14924.068359
818     -14924.591797
819     -14925.110352
820     -14925.625000
821     -14926.138672
822     -14926.651367
823     -14927.163086
824     -14927.666016
825     -14928.166992
826     -14928.666016
827     -14929.162109
828     -14929.655273
829     -14930.144531
830     -14930.630859
831     -14931.115234
832     -14931.597656
833     -14932.078125
834     -14932.547852
835     -14933.015625
836     -14933.477539
837     -14933.931641
838     -14934.384766
839     -14934.837891
840     -14935.289062
841     -14935.740234
842     -14936.190430
843     -14936.638672
844     -14937.082031
845     -14937.525391
846     -14937.964844
847     -14938.404297
848     -14938.837891
849     -14939.266602
850     -14939.693359
851     -14940.121094
852     -14940.541992
853     -14940.960938
854     -14941.378906
855     -14941.796875
856     -14942.214844
857     -14942.629883
858     -14943.044922
859     -14943.458984
860     -14943.873047
861     -14944.286133
862     -14944.695312
863     -14945.101562
864     -14945.506836
865     -14945.908203
866     -14946.309570
867     -14946.708984
868     -14947.109375
869     -14947.507812
870     -14947.899414
871     -14948.288086
872     -14948.676758
873     -14949.062500
874     -14949.447266
875     -14949.824219
876     -14950.203125
877     -14950.578125
878     -14950.949219
879     -14951.312500
880     -14951.677734
881     -14952.040039
882     -14952.400391
883     -14952.760742
884     -14953.120117
885     -14953.479492
886     -14953.836914
887     -14954.189453
888     -14954.541016
889     -14954.892578
890     -14955.245117
891     -14955.595703
892     -14955.945312
893     -14956.294922
894     -14956.644531
895     -14956.994141
896     -14957.342773
897     -14957.691406
898     -14958.039062
899     -14958.386719
900     -14958.732422
901     -14959.077148
902     -14959.421875
903     -14959.765625
904     -14960.109375
905     -14960.453125
906     -14960.794922
907     -14961.137695
908     -14961.474609
909     -14961.810547
910     -14962.143555
911     -14962.477539
912     -14962.810547
913     -14963.136719
914     -14963.463867
915     -14963.790039
916     -14964.116211
917     -14964.442383
918     -14964.767578
919     -14965.091797
920     -14965.416992
921     -14965.742188
922     -14966.065430
923     -14966.388672
924     -14966.710938
925     -14967.033203
926     -14967.355469
927     -14967.674805
928     -14967.994141
929     -14968.311523
930     -14968.628906
931     -14968.944336
932     -14969.259766
933     -14969.573242
934     -14969.888672
935     -14970.201172
936     -14970.511719
937     -14970.820312
938     -14971.125977
939     -14971.429688
940     -14971.732422
941     -14972.033203
942     -14972.333984
943     -14972.630859
944     -14972.927734
945     -14973.222656
946     -14973.515625
947     -14973.800781
948     -14974.080078
949     -14974.359375
950     -14974.636719
951     -14974.914062
952     -14975.189453
953     -14975.462891
954     -14975.736328
955     -14976.009766
956     -14976.283203
957     -14976.556641
958     -14976.829102
959     -14977.099609
960     -14977.369141
961     -14977.635742
962     -14977.904297
963     -14978.169922
964     -14978.434570
965     -14978.698242
966     -14978.961914
967     -14979.226562
968     -14979.490234
969     -14979.752930
970     -14980.015625
971     -14980.280273
972     -14980.542969
973     -14980.805664
974     -14981.068359
975     -14981.330078
976     -14981.591797
977     -14981.853516
978     -14982.115234
979     -14982.377930
980     -14982.639648
981     -14982.902344
982     -14983.162109
983     -14983.422852
984     -14983.682617
985     -14983.942383
986     -14984.202148
987     -14984.461914
988     -14984.721680
989     -14984.982422
990     -14985.241211
991     -14985.500977
992     -14985.760742
993     -14986.018555
994     -14986.275391
995     -14986.531250
996     -14986.788086
997     -14987.041016
998     -14987.294922
999     -14987.547852
1000    -14987.802734
1001    -14988.055664
1002    -14988.308594
1003    -14988.562500
1004    -14988.816406
1005    -14989.070312
1006    -14989.324219
1007    -14989.577148
1008    -14989.832031
1009    -14990.085938
1010    -14990.339844
1011    -14990.589844
1012    -14990.839844
1013    -14991.088867
1014    -14991.337891
1015    -14991.587891
1016    -14991.837891
1017    -14992.083984
1018    -14992.330078
1019    -14992.576172
1020    -14992.819336
1021    -14993.062500
1022    -14993.303711
1023    -14993.545898
1024    -14993.787109
1025    -14994.028320
1026    -14994.268555
1027    -14994.508789
1028    -14994.750000
1029    -14994.991211
1030    -14995.231445
1031    -14995.472656
1032    -14995.713867
1033    -14995.956055
1034    -14996.197266
1035    -14996.436523
1036    -14996.667969
1037    -14996.897461
1038    -14997.125000
1039    -14997.353516
1040    -14997.582031
1041    -14997.811523
1042    -14998.039062
1043    -14998.267578
1044    -14998.496094
1045    -14998.726562
1046    -14998.955078
1047    -14999.183594
1048    -14999.414062
1049    -14999.642578
1050    -14999.871094
1051    -15000.097656
1052    -15000.326172
1053    -15000.554688
1054    -15000.781250
1055    -15001.009766
1056    -15001.239258
1057    -15001.466797
1058    -15001.696289
1059    -15001.925781
1060    -15002.154297
1061    -15002.384766
1062    -15002.614258
1063    -15002.843750
1064    -15003.074219
1065    -15003.302734
1066    -15003.535156
1067    -15003.764648
1068    -15003.996094
1069    -15004.226562
1070    -15004.457031
1071    -15004.688477
1072    -15004.917969
1073    -15005.144531
1074    -15005.373047
1075    -15005.600586
1076    -15005.828125
1077    -15006.055664
1078    -15006.285156
1079    -15006.512695
1080    -15006.738281
1081    -15006.962891
1082    -15007.188477
1083    -15007.414062
1084    -15007.638672
1085    -15007.865234
1086    -15008.090820
1087    -15008.316406
1088    -15008.542969
1089    -15008.768555
1090    -15008.994141
1091    -15009.220703
1092    -15009.448242
1093    -15009.675781
1094    -15009.902344
1095    -15010.128906
1096    -15010.353516
1097    -15010.579102
1098    -15010.804688
1099    -15011.029297
1100    -15011.253906
1101    -15011.480469
1102    -15011.705078
1103    -15011.931641
1104    -15012.158203
1105    -15012.383789
1106    -15012.609375
1107    -15012.835938
1108    -15013.062500
1109    -15013.289062
1110    -15013.515625
1111    -15013.742188
1112    -15013.966797
1113    -15014.192383
1114    -15014.416016
1115    -15014.641602
1116    -15014.867188
1117    -15015.091797
1118    -15015.317383
1119    -15015.542969
1120    -15015.767578
1121    -15015.994141
1122    -15016.218750
1123    -15016.444336
1124    -15016.670898
1125    -15016.896484
1126    -15017.122070
1127    -15017.347656
1128    -15017.574219
1129    -15017.798828
1130    -15018.024414
1131    -15018.250000
1132    -15018.475586
1133    -15018.701172
1134    -15018.926758
1135    -15019.152344
1136    -15019.377930
1137    -15019.603516
1138    -15019.830078
1139    -15020.055664
1140    -15020.281250
1141    -15020.507812
1142    -15020.732422
1143    -15020.957031
1144    -15021.182617
1145    -15021.405273
1146    -15021.628906
1147    -15021.852539
1148    -15022.076172
1149    -15022.299805
1150    -15022.522461
1151    -15022.746094
1152    -15022.970703
1153    -15023.193359
1154    -15023.417969
1155    -15023.641602
1156    -15023.865234
1157    -15024.088867
1158    -15024.312500
1159    -15024.537109
1160    -15024.759766
1161    -15024.984375
1162    -15025.208008
1163    -15025.431641
1164    -15025.656250
1165    -15025.878906
1166    -15026.104492
1167    -15026.328125
1168    -15026.551758
1169    -15026.775391
1170    -15027.000000
1171    -15027.224609
1172    -15027.448242
1173    -15027.671875
1174    -15027.896484
1175    -15028.119141
1176    -15028.341797
1177    -15028.566406
1178    -15028.788086
1179    -15029.010742
1180    -15029.234375
1181    -15029.457031
1182    -15029.679688
1183    -15029.902344
1184    -15030.125000
1185    -15030.343750
1186    -15030.562500
1187    -15030.782227
1188    -15031.000977
1189    -15031.220703
1190    -15031.439453
1191    -15031.658203
1192    -15031.877930
1193    -15032.093750
1194    -15032.304688
1195    -15032.515625
1196    -15032.726562
1197    -15032.938477
1198    -15033.149414
1199    -15033.361328
1200    -15033.573242
1201    -15033.785156
1202    -15033.998047
1203    -15034.209961
1204    -15034.422852
1205    -15034.635742
1206    -15034.849609
1207    -15035.061523
1208    -15035.275391
1209    -15035.489258
1210    -15035.703125
1211    -15035.916992
1212    -15036.129883
1213    -15036.342773
1214    -15036.554688
1215    -15036.767578
1216    -15036.980469
1217    -15037.191406
1218    -15037.404297
1219    -15037.615234
1220    -15037.827148
1221    -15038.041016
1222    -15038.250977
1223    -15038.461914
1224    -15038.673828
1225    -15038.884766
1226    -15039.097656
1227    -15039.308594
1228    -15039.521484
1229    -15039.735352
1230    -15039.948242
1231    -15040.162109
1232    -15040.375977
1233    -15040.590820
1234    -15040.804688
1235    -15041.020508
1236    -15041.236328
1237    -15041.452148
1238    -15041.668945
1239    -15041.884766
1240    -15042.103516
1241    -15042.320312
1242    -15042.539062
1243    -15042.756836
1244    -15042.974609
1245    -15043.195312
1246    -15043.415039
1247    -15043.634766
1248    -15043.856445
1249    -15044.077148
1250    -15044.299805
1251    -15044.521484
1252    -15044.744141
1253    -15044.968750
1254    -15045.191406
1255    -15045.416016
1256    -15045.640625
1257    -15045.867188
1258    -15046.092773
1259    -15046.319336
1260    -15046.546875
1261    -15046.773438
1262    -15047.001953
1263    -15047.230469
1264    -15047.458984
1265    -15047.686523
1266    -15047.916016
1267    -15048.144531
1268    -15048.375000
1269    -15048.603516
1270    -15048.834961
1271    -15049.065430
1272    -15049.296875
1273    -15049.529297
1274    -15049.761719
1275    -15049.995117
1276    -15050.228516
1277    -15050.462891
1278    -15050.698242
1279    -15050.934570
1280    -15051.170898
1281    -15051.408203
1282    -15051.646484
1283    -15051.884766
1284    -15052.124023
1285    -15052.363281
1286    -15052.605469
1287    -15052.845703
1288    -15053.087891
1289    -15053.330078
1290    -15053.574219
1291    -15053.818359
1292    -15054.062500
1293    -15054.308594
1294    -15054.552734
1295    -15054.800781
1296    -15055.048828
1297    -15055.295898
1298    -15055.544922
1299    -15055.794922
1300    -15056.043945
1301    -15056.294922
1302    -15056.545898
1303    -15056.797852
1304    -15057.049805
1305    -15057.302734
1306    -15057.556641
1307    -15057.810547
1308    -15058.065430
1309    -15058.321289
1310    -15058.574219
1311    -15058.826172
1312    -15059.078125
1313    -15059.331055
1314    -15059.583984
1315    -15059.837891
1316    -15060.091797
1317    -15060.347656
1318    -15060.601562
1319    -15060.857422
1320    -15061.113281
1321    -15061.371094
1322    -15061.628906
1323    -15061.885742
1324    -15062.142578
1325    -15062.402344
1326    -15062.660156
1327    -15062.919922
1328    -15063.179688
1329    -15063.439453
1330    -15063.699219
1331    -15063.960938
1332    -15064.221680
1333    -15064.482422
1334    -15064.744141
1335    -15065.005859
1336    -15065.269531
1337    -15065.531250
1338    -15065.794922
1339    -15066.056641
1340    -15066.320312
1341    -15066.583984
1342    -15066.847656
1343    -15067.111328
1344    -15067.375000
1345    -15067.638672
1346    -15067.904297
1347    -15068.167969
1348    -15068.432617
1349    -15068.697266
1350    -15068.960938
1351    -15069.226562
1352    -15069.491211
1353    -15069.755859
1354    -15070.021484
1355    -15070.287109
1356    -15070.552734
1357    -15070.818359
1358    -15071.083984
1359    -15071.348633
1360    -15071.614258
1361    -15071.880859
1362    -15072.146484
1363    -15072.412109
1364    -15072.677734
1365    -15072.943359
1366    -15073.208984
1367    -15073.474609
1368    -15073.740234
1369    -15074.005859
1370    -15074.270508
1371    -15074.536133
1372    -15074.801758
1373    -15075.067383
1374    -15075.333008
1375    -15075.592773
1376    -15075.852539
1377    -15076.113281
1378    -15076.373047
1379    -15076.632812
1380    -15076.892578
1381    -15077.153320
1382    -15077.413086
1383    -15077.671875
1384    -15077.931641
1385    -15078.188477
1386    -15078.445312
1387    -15078.702148
1388    -15078.958984
1389    -15079.214844
1390    -15079.470703
1391    -15079.727539
1392    -15079.982422
1393    -15080.238281
1394    -15080.494141
1395    -15080.750000
1396    -15081.005859
1397    -15081.260742
1398    -15081.515625
1399    -15081.771484
1400    -15082.025391
1401    -15082.280273
1402    -15082.535156
1403    -15082.789062
1404    -15083.042969
1405    -15083.297852
1406    -15083.551758
1407    -15083.805664
1408    -15084.058594
1409    -15084.313477
1410    -15084.566406
1411    -15084.820312
1412    -15085.073242
1413    -15085.326172
1414    -15085.578125
1415    -15085.832031
1416    -15086.083984
1417    -15086.336914
1418    -15086.588867
1419    -15086.841797
1420    -15087.093750
1421    -15087.345703
1422    -15087.597656
1423    -15087.849609
1424    -15088.100586
1425    -15088.349609
1426    -15088.600586
1427    -15088.849609
1428    -15089.099609
1429    -15089.347656
1430    -15089.597656
1431    -15089.847656
1432    -15090.094727
1433    -15090.341797
1434    -15090.587891
1435    -15090.833984
1436    -15091.080078
1437    -15091.325195
1438    -15091.572266
1439    -15091.819336
1440    -15092.066406
1441    -15092.310547
1442    -15092.557617
1443    -15092.804688
1444    -15093.050781
1445    -15093.295898
1446    -15093.542969
1447    -15093.789062
1448    -15094.035156
1449    -15094.281250
1450    -15094.527344
1451    -15094.775391
1452    -15095.021484
1453    -15095.267578
1454    -15095.513672
1455    -15095.761719
1456    -15096.007812
1457    -15096.255859
1458    -15096.501953
1459    -15096.749023
1460    -15096.996094
1461    -15097.244141
1462    -15097.490234
1463    -15097.731445
1464    -15097.973633
1465    -15098.214844
1466    -15098.458984
1467    -15098.700195
1468    -15098.943359
1469    -15099.185547
1470    -15099.428711
1471    -15099.671875
1472    -15099.916016
1473    -15100.158203
1474    -15100.402344
1475    -15100.646484
1476    -15100.889648
1477    -15101.134766
1478    -15101.378906
1479    -15101.623047
1480    -15101.867188
1481    -15102.111328
1482    -15102.356445
1483    -15102.601562
1484    -15102.847656
1485    -15103.093750
1486    -15103.338867
1487    -15103.583984
1488    -15103.830078
1489    -15104.076172
1490    -15104.322266
1491    -15104.568359
1492    -15104.815430
1493    -15105.062500
1494    -15105.308594
1495    -15105.556641
1496    -15105.802734
1497    -15106.050781
1498    -15106.298828
1499    -15106.545898
1500    -15106.792969
1501    -15107.042969
1502    -15107.289062
1503    -15107.537109
1504    -15107.785156
1505    -15108.034180
1506    -15108.282227
1507    -15108.531250
1508    -15108.779297
1509    -15109.029297
1510    -15109.277344
1511    -15109.525391
1512    -15109.775391
1513    -15110.024414
1514    -15110.273438
1515    -15110.522461
1516    -15110.772461
1517    -15111.020508
1518    -15111.269531
1519    -15111.519531
1520    -15111.767578
1521    -15112.016602
1522    -15112.265625
1523    -15112.513672
1524    -15112.761719
1525    -15113.011719
1526    -15113.256836
1527    -15113.494141
1528    -15113.726562
1529    -15113.959961
1530    -15114.192383
1531    -15114.423828
1532    -15114.653320
1533    -15114.882812
1534    -15115.113281
1535    -15115.342773
1536    -15115.572266
1537    -15115.801758
1538    -15116.031250
1539    -15116.259766
1540    -15116.489258
1541    -15116.718750
1542    -15116.947266
1543    -15117.175781
1544    -15117.403320
1545    -15117.632812
1546    -15117.860352
1547    -15118.087891
1548    -15118.314453
1549    -15118.541016
1550    -15118.767578
1551    -15118.994141
1552    -15119.220703
1553    -15119.447266
1554    -15119.672852
1555    -15119.897461
1556    -15120.121094
1557    -15120.338867
1558    -15120.554688
1559    -15120.771484
1560    -15120.986328
1561    -15121.203125
1562    -15121.417969
1563    -15121.631836
1564    -15121.846680
1565    -15122.060547
1566    -15122.273438
1567    -15122.486328
1568    -15122.699219
1569    -15122.911133
1570    -15123.124023
1571    -15123.335938
1572    -15123.546875
1573    -15123.757812
1574    -15123.966797
1575    -15124.176758
1576    -15124.385742
1577    -15124.594727
1578    -15124.803711
1579    -15125.010742
1580    -15125.214844
1581    -15125.416992
1582    -15125.615234
1583    -15125.812500
1584    -15126.009766
1585    -15126.207031
1586    -15126.403320
1587    -15126.597656
1588    -15126.791016
1589    -15126.982422
1590    -15127.172852
1591    -15127.363281
1592    -15127.553711
1593    -15127.743164
1594    -15127.931641
1595    -15128.120117
1596    -15128.308594
1597    -15128.496094
1598    -15128.683594
1599    -15128.869141
1600    -15129.056641
1601    -15129.242188
1602    -15129.427734
1603    -15129.612305
1604    -15129.795898
1605    -15129.974609
1606    -15130.154297
1607    -15130.331055
1608    -15130.508789
1609    -15130.685547
1610    -15130.861328
1611    -15131.038086
1612    -15131.214844
1613    -15131.389648
1614    -15131.564453
1615    -15131.738281
1616    -15131.913086
1617    -15132.087891
1618    -15132.260742
1619    -15132.433594
1620    -15132.605469
1621    -15132.777344
1622    -15132.951172
1623    -15133.122070
1624    -15133.292969
1625    -15133.464844
1626    -15133.634766
1627    -15133.805664
1628    -15133.975586
1629    -15134.144531
1630    -15134.313477
1631    -15134.482422
1632    -15134.652344
1633    -15134.814453
1634    -15134.975586
1635    -15135.136719
1636    -15135.298828
1637    -15135.458984
1638    -15135.619141
1639    -15135.779297
1640    -15135.939453
1641    -15136.097656
1642    -15136.253906
1643    -15136.411133
1644    -15136.567383
1645    -15136.724609
1646    -15136.880859
1647    -15137.037109
1648    -15137.193359
1649    -15137.349609
1650    -15137.503906
1651    -15137.660156
1652    -15137.814453
1653    -15137.970703
1654    -15138.126953
1655    -15138.281250
1656    -15138.437500
1657    -15138.591797
1658    -15138.747070
1659    -15138.901367
1660    -15139.056641
1661    -15139.210938
1662    -15139.366211
1663    -15139.519531
1664    -15139.675781
1665    -15139.830078
1666    -15139.984375
1667    -15140.138672
1668    -15140.292969
1669    -15140.447266
1670    -15140.601562
1671    -15140.755859
1672    -15140.911133
1673    -15141.064453
1674    -15141.218750
1675    -15141.373047
1676    -15141.527344
1677    -15141.682617
1678    -15141.836914
1679    -15141.992188
1680    -15142.146484
1681    -15142.300781
1682    -15142.455078
1683    -15142.609375
1684    -15142.763672
1685    -15142.916016
1686    -15143.070312
1687    -15143.222656
1688    -15143.376953
1689    -15143.530273
1690    -15143.683594
1691    -15143.837891
1692    -15143.991211
1693    -15144.144531
1694    -15144.298828
1695    -15144.453125
1696    -15144.607422
1697    -15144.761719
1698    -15144.916016
1699    -15145.069336
1700    -15145.224609
1701    -15145.378906
1702    -15145.533203
1703    -15145.687500
1704    -15145.842773
1705    -15145.998047
1706    -15146.153320
1707    -15146.308594
1708    -15146.462891
1709    -15146.619141
1710    -15146.775391
1711    -15146.929688
1712    -15147.085938
1713    -15147.242188
1714    -15147.397461
1715    -15147.552734
1716    -15147.709961
1717    -15147.866211
1718    -15148.022461
1719    -15148.179688
1720    -15148.335938
1721    -15148.493164
1722    -15148.648438
1723    -15148.806641
1724    -15148.962891
1725    -15149.121094
1726    -15149.277344
1727    -15149.433594
1728    -15149.590820
1729    -15149.748047
1730    -15149.904297
1731    -15150.062500
1732    -15150.218750
1733    -15150.376953
1734    -15150.534180
1735    -15150.692383
1736    -15150.849609
1737    -15151.001953
1738    -15151.156250
1739    -15151.310547
1740    -15151.464844
1741    -15151.619141
1742    -15151.772461
1743    -15151.927734
1744    -15152.082031
1745    -15152.236328
1746    -15152.391602
1747    -15152.545898
1748    -15152.701172
1749    -15152.856445
1750    -15153.011719
1751    -15153.166016
1752    -15153.322266
1753    -15153.477539
1754    -15153.632812
1755    -15153.788086
1756    -15153.944336
1757    -15154.100586
1758    -15154.256836
1759    -15154.412109
1760    -15154.568359
1761    -15154.724609
1762    -15154.880859
1763    -15155.037109
1764    -15155.193359
1765    -15155.349609
1766    -15155.507812
1767    -15155.664062
1768    -15155.820312
1769    -15155.976562
1770    -15156.134766
1771    -15156.291016
1772    -15156.447266
1773    -15156.603516
1774    -15156.757812
1775    -15156.912109
1776    -15157.066406
1777    -15157.220703
1778    -15157.375977
1779    -15157.531250
1780    -15157.685547
1781    -15157.839844
1782    -15157.995117
1783    -15158.149414
1784    -15158.305664
1785    -15158.459961
1786    -15158.615234
1787    -15158.770508
1788    -15158.925781
1789    -15159.082031
1790    -15159.234375
1791    -15159.386719
1792    -15159.537109
1793    -15159.687500
1794    -15159.837891
1795    -15159.988281
1796    -15160.140625
1797    -15160.291016
1798    -15160.441406
1799    -15160.592773
1800    -15160.743164
1801    -15160.893555
1802    -15161.044922
1803    -15161.195312
1804    -15161.346680
1805    -15161.498047
1806    -15161.648438
1807    -15161.800781
1808    -15161.949219
1809    -15162.091797
1810    -15162.233398
1811    -15162.375000
1812    -15162.517578
1813    -15162.658203
1814    -15162.799805
1815    -15162.941406
1816    -15163.083984
1817    -15163.225586
1818    -15163.368164
1819    -15163.509766
1820    -15163.652344
1821    -15163.794922
1822    -15163.936523
1823    -15164.079102
1824    -15164.221680
1825    -15164.364258
1826    -15164.505859
