Step            Loss
--------------------
1        -318.753510
2        -346.968628
3        -375.187378
4        -403.410095
5        -431.636627
6        -459.867126
7        -488.102203
8        -516.341919
9        -544.587036
10       -572.837891
11       -601.095825
12       -629.361450
13       -657.635559
14       -685.919739
15       -714.214050
16       -742.519897
17       -770.837952
18       -799.169067
19       -827.514038
20       -855.873901
21       -884.248901
22       -912.640747
23       -941.049622
24       -969.476562
25       -997.922852
26      -1026.389038
27      -1054.876343
28      -1083.385620
29      -1111.917847
30      -1140.474121
31      -1169.055420
32      -1197.662354
33      -1226.296631
34      -1254.958618
35      -1283.649780
36      -1312.370605
37      -1341.122314
38      -1369.905762
39      -1398.721924
40      -1427.571777
41      -1456.456055
42      -1485.375732
43      -1514.331543
44      -1543.324585
45      -1572.355469
46      -1601.424927
47      -1630.533691
48      -1659.682739
49      -1688.872681
50      -1718.104126
51      -1747.377808
52      -1776.694336
53      -1806.054810
54      -1835.459106
55      -1864.908569
56      -1894.403076
57      -1923.943970
58      -1953.531250
59      -1983.165527
60      -2012.847412
61      -2042.577637
62      -2072.356201
63      -2102.184082
64      -2132.061279
65      -2161.988770
66      -2191.966064
67      -2221.994385
68      -2252.073975
69      -2282.205078
70      -2312.387939
71      -2342.623047
72      -2372.911133
73      -2403.251953
74      -2433.645508
75      -2464.092529
76      -2494.593262
77      -2525.147949
78      -2555.757080
79      -2586.420166
80      -2617.137939
81      -2647.910645
82      -2678.737793
83      -2709.620361
84      -2740.558105
85      -2771.551025
86      -2802.599609
87      -2833.703125
88      -2864.862549
89      -2896.077637
90      -2927.348633
91      -2958.674805
92      -2990.056641
93      -3021.494629
94      -3052.987793
95      -3084.537109
96      -3116.141846
97      -3147.802002
98      -3179.517578
99      -3211.288818
100     -3243.114990
101     -3274.996582
102     -3306.933105
103     -3338.924316
104     -3370.970459
105     -3403.070801
106     -3435.225586
107     -3467.434570
108     -3499.697266
109     -3532.013672
110     -3564.383301
111     -3596.806396
112     -3629.282227
113     -3661.810547
114     -3694.391113
115     -3727.023438
116     -3759.707275
117     -3792.442383
118     -3825.228516
119     -3858.064941
120     -3890.951172
121     -3923.887207
122     -3956.872803
123     -3989.906738
124     -4022.989258
125     -4056.119629
126     -4089.297119
127     -4122.521484
128     -4155.792480
129     -4189.109375
130     -4222.471191
131     -4255.877930
132     -4289.329102
133     -4322.824219
134     -4356.362305
135     -4389.942383
136     -4423.564453
137     -4457.228027
138     -4490.932129
139     -4524.676758
140     -4558.459961
141     -4592.282227
142     -4626.142090
143     -4660.030273
144     -4693.955078
145     -4727.916016
146     -4761.912109
147     -4795.942383
148     -4830.006836
149     -4864.104004
150     -4898.233398
151     -4932.394531
152     -4966.585938
153     -5000.807617
154     -5035.058594
155     -5069.337402
156     -5103.644043
157     -5137.977539
158     -5172.336914
159     -5206.720703
160     -5241.129395
161     -5275.560547
162     -5310.015137
163     -5344.491211
164     -5378.988281
165     -5413.504883
166     -5448.040039
167     -5482.594238
168     -5517.165039
169     -5551.752930
170     -5586.356445
171     -5620.973633
172     -5655.605469
173     -5690.249023
174     -5724.904785
175     -5759.572266
176     -5794.249023
177     -5828.935059
178     -5863.628906
179     -5898.330078
180     -5933.038086
181     -5967.750977
182     -6002.467773
183     -6037.188965
184     -6071.912109
185     -6106.633789
186     -6141.350098
187     -6176.066406
188     -6210.781250
189     -6245.494141
190     -6280.203125
191     -6314.908203
192     -6349.608398
193     -6384.302734
194     -6418.989258
195     -6453.668945
196     -6488.338867
197     -6522.999023
198     -6557.648438
199     -6592.285645
200     -6626.910156
201     -6661.521484
202     -6696.117676
203     -6730.698242
204     -6765.262695
205     -6799.809082
206     -6834.337891
207     -6868.846680
208     -6903.335449
209     -6937.803223
210     -6972.249023
211     -7006.670898
212     -7041.069336
213     -7075.430176
214     -7109.761230
215     -7144.065918
216     -7178.342773
217     -7212.590820
218     -7246.810059
219     -7280.999023
220     -7315.156250
221     -7349.282227
222     -7383.375000
223     -7417.434082
224     -7451.458008
225     -7485.447266
226     -7519.399414
227     -7553.314453
228     -7587.191895
229     -7621.030273
230     -7654.829102
231     -7688.587402
232     -7722.304199
233     -7755.979004
234     -7789.610352
235     -7823.198730
236     -7856.742188
237     -7890.240234
238     -7923.689453
239     -7957.082031
240     -7990.425781
241     -8023.721680
242     -8056.967773
243     -8090.164551
244     -8123.309570
245     -8156.394531
246     -8189.426758
247     -8222.407227
248     -8255.327148
249     -8288.173828
250     -8320.962891
251     -8353.698242
252     -8386.376953
253     -8418.999023
254     -8451.562500
255     -8484.069336
256     -8516.506836
257     -8548.871094
258     -8581.162109
259     -8613.367188
260     -8645.503906
261     -8677.568359
262     -8709.554688
263     -8741.462891
264     -8773.269531
265     -8805.000000
266     -8836.648438
267     -8868.232422
268     -8899.750000
269     -8931.202148
270     -8962.562500
271     -8993.846680
272     -9025.062500
273     -9056.208984
274     -9087.278320
275     -9118.274414
276     -9149.201172
277     -9180.045898
278     -9210.817383
279     -9241.517578
280     -9272.144531
281     -9302.701172
282     -9333.174805
283     -9363.570312
284     -9393.889648
285     -9424.125000
286     -9454.277344
287     -9484.345703
288     -9514.317383
289     -9544.188477
290     -9573.957031
291     -9603.627930
292     -9633.220703
293     -9662.738281
294     -9692.177734
295     -9721.539062
296     -9750.825195
297     -9780.033203
298     -9809.162109
299     -9838.212891
300     -9867.169922
301     -9896.011719
302     -9924.757812
303     -9953.414062
304     -9981.992188
305     -10010.489258
306     -10038.906250
307     -10067.244141
308     -10095.494141
309     -10123.626953
310     -10151.669922
311     -10179.609375
312     -10207.458008
313     -10235.201172
314     -10262.863281
315     -10290.443359
316     -10317.933594
317     -10345.337891
318     -10372.662109
319     -10399.867188
320     -10426.955078
321     -10453.958984
322     -10480.851562
323     -10507.658203
324     -10534.365234
325     -10560.971680
326     -10587.494141
327     -10613.929688
328     -10640.271484
329     -10666.525391
330     -10692.693359
331     -10718.765625
332     -10744.750000
333     -10770.615234
334     -10796.383789
335     -10822.050781
336     -10847.623047
337     -10873.103516
338     -10898.497070
339     -10923.800781
340     -10949.020508
341     -10974.143555
342     -10999.165039
343     -11024.065430
344     -11048.857422
345     -11073.564453
346     -11098.153320
347     -11122.604492
348     -11146.972656
349     -11171.258789
350     -11195.438477
351     -11219.527344
352     -11243.524414
353     -11267.439453
354     -11291.258789
355     -11314.998047
356     -11338.650391
357     -11362.195312
358     -11385.642578
359     -11408.990234
360     -11432.230469
361     -11455.375000
362     -11478.397461
363     -11501.316406
364     -11524.142578
365     -11546.886719
366     -11569.528320
367     -11592.064453
368     -11614.494141
369     -11636.824219
370     -11659.058594
371     -11681.203125
372     -11703.264648
373     -11725.217773
374     -11747.047852
375     -11768.694336
376     -11790.226562
377     -11811.644531
378     -11832.976562
379     -11854.193359
380     -11875.298828
381     -11896.277344
382     -11917.166992
383     -11937.930664
384     -11958.591797
385     -11979.116211
386     -11999.519531
387     -12019.814453
388     -12039.984375
389     -12060.053711
390     -12080.000977
391     -12099.864258
392     -12119.619141
393     -12139.257812
394     -12158.759766
395     -12178.172852
396     -12197.498047
397     -12216.735352
398     -12235.839844
399     -12254.792969
400     -12273.624023
401     -12292.354492
402     -12311.001953
403     -12329.551758
404     -12347.974609
405     -12366.314453
406     -12384.547852
407     -12402.658203
408     -12420.650391
409     -12438.543945
410     -12456.333008
411     -12473.988281
412     -12491.555664
413     -12509.010742
414     -12526.367188
415     -12543.634766
416     -12560.825195
417     -12577.900391
418     -12594.891602
419     -12611.816406
420     -12628.666992
421     -12645.414062
422     -12662.082031
423     -12678.665039
424     -12695.157227
425     -12711.568359
426     -12727.904297
427     -12744.163086
428     -12760.343750
429     -12776.421875
430     -12792.376953
431     -12808.181641
432     -12823.916992
433     -12839.568359
434     -12855.093750
435     -12870.528320
436     -12885.884766
437     -12901.162109
438     -12916.374023
439     -12931.445312
440     -12946.394531
441     -12961.251953
442     -12976.042969
443     -12990.730469
444     -13005.292969
445     -13019.791016
446     -13034.222656
447     -13048.565430
448     -13062.819336
449     -13076.968750
450     -13091.011719
451     -13104.919922
452     -13118.742188
453     -13132.486328
454     -13146.155273
455     -13159.744141
456     -13173.245117
457     -13186.666016
458     -13199.964844
459     -13213.161133
460     -13226.259766
461     -13239.287109
462     -13252.229492
463     -13265.101562
464     -13277.879883
465     -13290.519531
466     -13303.072266
467     -13315.560547
468     -13327.942383
469     -13340.208984
470     -13352.380859
471     -13364.483398
472     -13376.515625
473     -13388.474609
474     -13400.340820
475     -13412.107422
476     -13423.753906
477     -13435.315430
478     -13446.793945
479     -13458.207031
480     -13469.556641
481     -13480.822266
482     -13492.003906
483     -13503.093750
484     -13514.101562
485     -13525.023438
486     -13535.853516
487     -13546.548828
488     -13557.165039
489     -13567.712891
490     -13578.150391
491     -13588.492188
492     -13598.740234
493     -13608.889648
494     -13618.928711
495     -13628.898438
496     -13638.802734
497     -13648.605469
498     -13658.333984
499     -13667.972656
500     -13677.527344
501     -13686.973633
502     -13696.346680
503     -13705.617188
504     -13714.832031
505     -13723.941406
506     -13733.000000
507     -13741.988281
508     -13750.900391
509     -13759.748047
510     -13768.525391
511     -13777.234375
512     -13785.904297
513     -13794.509766
514     -13803.073242
515     -13811.589844
516     -13820.050781
517     -13828.443359
518     -13836.758789
519     -13845.009766
520     -13853.208984
521     -13861.324219
522     -13869.394531
523     -13877.405273
524     -13885.373047
525     -13893.285156
526     -13901.149414
527     -13908.932617
528     -13916.640625
529     -13924.312500
530     -13931.929688
531     -13939.498047
532     -13947.001953
533     -13954.443359
534     -13961.832031
535     -13969.171875
536     -13976.439453
537     -13983.656250
538     -13990.827148
539     -13997.961914
540     -14005.037109
541     -14012.046875
542     -14019.015625
543     -14025.951172
544     -14032.838867
545     -14039.686523
546     -14046.454102
547     -14053.148438
548     -14059.804688
549     -14066.414062
550     -14072.977539
551     -14079.498047
552     -14085.986328
553     -14092.420898
554     -14098.825195
555     -14105.195312
556     -14111.496094
557     -14117.757812
558     -14123.968750
559     -14130.121094
560     -14136.234375
561     -14142.294922
562     -14148.302734
563     -14154.231445
564     -14160.093750
565     -14165.901367
566     -14171.645508
567     -14177.333008
568     -14182.990234
569     -14188.574219
570     -14194.084961
571     -14199.542969
572     -14204.935547
573     -14210.279297
574     -14215.538086
575     -14220.742188
576     -14225.832031
577     -14230.853516
578     -14235.833984
579     -14240.785156
580     -14245.718750
581     -14250.615234
582     -14255.462891
583     -14260.263672
584     -14265.004883
585     -14269.666992
586     -14274.296875
587     -14278.905273
588     -14283.489258
589     -14288.010742
590     -14292.490234
591     -14296.948242
592     -14301.387695
593     -14305.793945
594     -14310.158203
595     -14314.508789
596     -14318.829102
597     -14323.097656
598     -14327.300781
599     -14331.427734
600     -14335.509766
601     -14339.544922
602     -14343.535156
603     -14347.457031
604     -14351.355469
605     -14355.205078
606     -14359.036133
607     -14362.804688
608     -14366.545898
609     -14370.257812
610     -14373.924805
611     -14377.576172
612     -14381.189453
613     -14384.742188
614     -14388.271484
615     -14391.789062
616     -14395.281250
617     -14398.740234
618     -14402.157227
619     -14405.560547
620     -14408.941406
621     -14412.300781
622     -14415.626953
623     -14418.925781
624     -14422.199219
625     -14425.421875
626     -14428.621094
627     -14431.769531
628     -14434.870117
629     -14437.960938
630     -14441.031250
631     -14444.083984
632     -14447.113281
633     -14450.123047
634     -14453.099609
635     -14456.066406
636     -14459.003906
637     -14461.878906
638     -14464.700195
639     -14467.492188
640     -14470.268555
641     -14473.023438
642     -14475.746094
643     -14478.432617
644     -14481.090820
645     -14483.739258
646     -14486.368164
647     -14488.954102
648     -14491.503906
649     -14494.041992
650     -14496.557617
651     -14499.058594
652     -14501.552734
653     -14504.034180
654     -14506.496094
655     -14508.936523
656     -14511.365234
657     -14513.786133
658     -14516.187500
659     -14518.580078
660     -14520.951172
661     -14523.291016
662     -14525.597656
663     -14527.872070
664     -14530.113281
665     -14532.337891
666     -14534.555664
667     -14536.755859
668     -14538.947266
669     -14541.126953
670     -14543.287109
671     -14545.424805
672     -14547.521484
673     -14549.605469
674     -14551.670898
675     -14553.728516
676     -14555.779297
677     -14557.814453
678     -14559.833984
679     -14561.839844
680     -14563.831055
681     -14565.806641
682     -14567.750000
683     -14569.677734
684     -14571.585938
685     -14573.471680
686     -14575.343750
687     -14577.207031
688     -14579.064453
689     -14580.916992
690     -14582.763672
691     -14584.595703
692     -14586.402344
693     -14588.201172
694     -14589.972656
695     -14591.731445
696     -14593.484375
697     -14595.222656
698     -14596.951172
699     -14598.674805
700     -14600.382812
701     -14602.084961
702     -14603.779297
703     -14605.464844
704     -14607.134766
705     -14608.801758
706     -14610.460938
707     -14612.114258
708     -14613.763672
709     -14615.388672
710     -14616.998047
711     -14618.592773
712     -14620.169922
713     -14621.744141
714     -14623.308594
715     -14624.861328
716     -14626.405273
717     -14627.946289
718     -14629.470703
719     -14630.984375
720     -14632.494141
721     -14633.999023
722     -14635.501953
723     -14637.001953
724     -14638.498047
725     -14639.986328
726     -14641.470703
727     -14642.949219
728     -14644.424805
729     -14645.896484
730     -14647.363281
731     -14648.811523
732     -14650.248047
733     -14651.675781
734     -14653.099609
735     -14654.520508
736     -14655.938477
737     -14657.353516
738     -14658.763672
739     -14660.166016
740     -14661.564453
741     -14662.958984
742     -14664.349609
743     -14665.728516
744     -14667.103516
745     -14668.476562
746     -14669.837891
747     -14671.191406
748     -14672.535156
749     -14673.876953
750     -14675.216797
751     -14676.554688
752     -14677.883789
753     -14679.203125
754     -14680.519531
755     -14681.828125
756     -14683.133789
757     -14684.432617
758     -14685.726562
759     -14687.016602
760     -14688.300781
761     -14689.581055
762     -14690.857422
763     -14692.115234
764     -14693.363281
765     -14694.590820
766     -14695.798828
767     -14696.984375
768     -14698.156250
769     -14699.324219
770     -14700.483398
771     -14701.623047
772     -14702.757812
773     -14703.888672
774     -14704.994141
775     -14706.097656
776     -14707.193359
777     -14708.285156
778     -14709.375000
779     -14710.460938
780     -14711.541016
781     -14712.616211
782     -14713.687500
783     -14714.757812
784     -14715.820312
785     -14716.873047
786     -14717.923828
787     -14718.972656
788     -14720.019531
789     -14721.058594
790     -14722.092773
791     -14723.123047
792     -14724.144531
793     -14725.161133
794     -14726.164062
795     -14727.157227
796     -14728.149414
797     -14729.140625
798     -14730.131836
799     -14731.115234
800     -14732.097656
801     -14733.074219
802     -14734.042969
803     -14735.011719
804     -14735.972656
805     -14736.911133
806     -14737.837891
807     -14738.763672
808     -14739.686523
809     -14740.605469
810     -14741.523438
811     -14742.441406
812     -14743.357422
813     -14744.275391
814     -14745.184570
815     -14746.083984
816     -14746.978516
817     -14747.860352
818     -14748.738281
819     -14749.611328
820     -14750.480469
821     -14751.333984
822     -14752.183594
823     -14753.030273
824     -14753.876953
825     -14754.720703
826     -14755.561523
827     -14756.403320
828     -14757.244141
829     -14758.084961
830     -14758.923828
831     -14759.760742
832     -14760.598633
833     -14761.433594
834     -14762.267578
835     -14763.101562
836     -14763.932617
837     -14764.763672
838     -14765.595703
839     -14766.425781
840     -14767.250000
841     -14768.072266
842     -14768.892578
843     -14769.712891
844     -14770.525391
845     -14771.334961
846     -14772.144531
847     -14772.955078
848     -14773.765625
849     -14774.575195
850     -14775.384766
851     -14776.194336
852     -14777.003906
853     -14777.813477
854     -14778.623047
855     -14779.431641
856     -14780.236328
857     -14781.040039
858     -14781.840820
859     -14782.641602
860     -14783.441406
861     -14784.241211
862     -14785.039062
863     -14785.821289
864     -14786.599609
865     -14787.375000
866     -14788.152344
867     -14788.925781
868     -14789.699219
869     -14790.470703
870     -14791.231445
871     -14791.988281
872     -14792.746094
873     -14793.502930
874     -14794.251953
875     -14794.998047
876     -14795.740234
877     -14796.480469
878     -14797.220703
879     -14797.952148
880     -14798.667969
881     -14799.380859
882     -14800.094727
883     -14800.806641
884     -14801.519531
885     -14802.232422
886     -14802.943359
887     -14803.652344
888     -14804.355469
889     -14805.053711
890     -14805.749023
891     -14806.444336
892     -14807.137695
893     -14807.826172
894     -14808.509766
895     -14809.185547
896     -14809.862305
897     -14810.536133
898     -14811.206055
899     -14811.875000
900     -14812.541992
901     -14813.205078
902     -14813.867188
903     -14814.529297
904     -14815.191406
905     -14815.851562
906     -14816.511719
907     -14817.171875
908     -14817.830078
909     -14818.488281
910     -14819.146484
911     -14819.801758
912     -14820.458984
913     -14821.113281
914     -14821.767578
915     -14822.417969
916     -14823.069336
917     -14823.720703
918     -14824.369141
919     -14825.009766
920     -14825.642578
921     -14826.273438
922     -14826.904297
923     -14827.535156
924     -14828.163086
925     -14828.791992
926     -14829.419922
927     -14830.046875
928     -14830.672852
929     -14831.298828
930     -14831.922852
931     -14832.544922
932     -14833.164062
933     -14833.783203
934     -14834.400391
935     -14835.018555
936     -14835.632812
937     -14836.248047
938     -14836.859375
939     -14837.468750
940     -14838.073242
941     -14838.673828
942     -14839.271484
943     -14839.869141
944     -14840.464844
945     -14841.059570
946     -14841.654297
947     -14842.245117
948     -14842.833984
949     -14843.421875
950     -14844.009766
951     -14844.596680
952     -14845.182617
953     -14845.768555
954     -14846.352539
955     -14846.937500
956     -14847.520508
957     -14848.101562
958     -14848.676758
959     -14849.251953
960     -14849.826172
961     -14850.398438
962     -14850.970703
963     -14851.541992
964     -14852.113281
965     -14852.683594
966     -14853.250000
967     -14853.818359
968     -14854.384766
969     -14854.946289
970     -14855.505859
971     -14856.064453
972     -14856.623047
973     -14857.181641
974     -14857.737305
975     -14858.292969
976     -14858.843750
977     -14859.390625
978     -14859.938477
979     -14860.484375
980     -14861.031250
981     -14861.575195
982     -14862.119141
983     -14862.662109
984     -14863.201172
985     -14863.741211
986     -14864.279297
987     -14864.817383
988     -14865.353516
989     -14865.890625
990     -14866.425781
991     -14866.959961
992     -14867.492188
993     -14868.023438
994     -14868.554688
995     -14869.083984
996     -14869.615234
997     -14870.140625
998     -14870.666016
999     -14871.191406
1000    -14871.714844
1001    -14872.237305
1002    -14872.759766
1003    -14873.281250
1004    -14873.802734
1005    -14874.322266
1006    -14874.842773
1007    -14875.361328
1008    -14875.878906
1009    -14876.396484
1010    -14876.913086
1011    -14877.428711
1012    -14877.943359
1013    -14878.458008
1014    -14878.971680
1015    -14879.484375
1016    -14879.995117
1017    -14880.505859
1018    -14881.013672
1019    -14881.519531
1020    -14882.024414
1021    -14882.529297
1022    -14883.033203
1023    -14883.536133
1024    -14884.039062
1025    -14884.541016
1026    -14885.039062
1027    -14885.535156
1028    -14886.031250
1029    -14886.526367
1030    -14887.018555
1031    -14887.510742
1032    -14888.000000
1033    -14888.489258
1034    -14888.976562
1035    -14889.459961
1036    -14889.943359
1037    -14890.425781
1038    -14890.906250
1039    -14891.386719
1040    -14891.865234
1041    -14892.343750
1042    -14892.821289
1043    -14893.297852
1044    -14893.773438
1045    -14894.243164
1046    -14894.710938
1047    -14895.175781
1048    -14895.642578
1049    -14896.107422
1050    -14896.570312
1051    -14897.033203
1052    -14897.496094
1053    -14897.957031
1054    -14898.416016
1055    -14898.873047
1056    -14899.330078
1057    -14899.785156
1058    -14900.238281
1059    -14900.692383
1060    -14901.145508
1061    -14901.597656
1062    -14902.046875
1063    -14902.496094
1064    -14902.944336
1065    -14903.391602
1066    -14903.837891
1067    -14904.283203
1068    -14904.726562
1069    -14905.168945
1070    -14905.611328
1071    -14906.051758
1072    -14906.492188
1073    -14906.928711
1074    -14907.363281
1075    -14907.795898
1076    -14908.228516
1077    -14908.660156
1078    -14909.091797
1079    -14909.522461
1080    -14909.953125
1081    -14910.380859
1082    -14910.808594
1083    -14911.235352
1084    -14911.661133
1085    -14912.085938
1086    -14912.510742
1087    -14912.929688
1088    -14913.347656
1089    -14913.765625
1090    -14914.181641
1091    -14914.597656
1092    -14915.013672
1093    -14915.427734
1094    -14915.841797
1095    -14916.253906
1096    -14916.666992
1097    -14917.080078
1098    -14917.490234
1099    -14917.900391
1100    -14918.308594
1101    -14918.715820
1102    -14919.121094
1103    -14919.521484
1104    -14919.919922
1105    -14920.318359
1106    -14920.715820
1107    -14921.112305
1108    -14921.508789
1109    -14921.904297
1110    -14922.297852
1111    -14922.689453
1112    -14923.082031
1113    -14923.472656
1114    -14923.863281
1115    -14924.252930
1116    -14924.642578
1117    -14925.031250
1118    -14925.419922
1119    -14925.807617
1120    -14926.194336
1121    -14926.580078
1122    -14926.966797
1123    -14927.350586
1124    -14927.729492
1125    -14928.107422
1126    -14928.481445
1127    -14928.853516
1128    -14929.224609
1129    -14929.595703
1130    -14929.962891
1131    -14930.332031
1132    -14930.701172
1133    -14931.068359
1134    -14931.435547
1135    -14931.800781
1136    -14932.166992
1137    -14932.527344
1138    -14932.886719
1139    -14933.244141
1140    -14933.598633
1141    -14933.953125
1142    -14934.307617
1143    -14934.660156
1144    -14935.013672
1145    -14935.367188
1146    -14935.718750
1147    -14936.068359
1148    -14936.414062
1149    -14936.759766
1150    -14937.100586
1151    -14937.441406
1152    -14937.777344
1153    -14938.113281
1154    -14938.448242
1155    -14938.784180
1156    -14939.118164
1157    -14939.451172
1158    -14939.783203
1159    -14940.115234
1160    -14940.446289
1161    -14940.777344
1162    -14941.107422
1163    -14941.439453
1164    -14941.768555
1165    -14942.098633
1166    -14942.427734
1167    -14942.757812
1168    -14943.085938
1169    -14943.413086
1170    -14943.734375
1171    -14944.056641
1172    -14944.376953
1173    -14944.699219
1174    -14945.019531
1175    -14945.339844
1176    -14945.659180
1177    -14945.978516
1178    -14946.298828
1179    -14946.617188
1180    -14946.935547
1181    -14947.253906
1182    -14947.570312
1183    -14947.888672
1184    -14948.205078
1185    -14948.523438
1186    -14948.839844
1187    -14949.156250
1188    -14949.471680
1189    -14949.787109
1190    -14950.099609
1191    -14950.396484
1192    -14950.695312
1193    -14950.994141
1194    -14951.291016
1195    -14951.588867
1196    -14951.886719
1197    -14952.183594
1198    -14952.480469
1199    -14952.777344
1200    -14953.072266
1201    -14953.367188
1202    -14953.660156
1203    -14953.955078
1204    -14954.248047
1205    -14954.542969
1206    -14954.835938
1207    -14955.127930
1208    -14955.417969
1209    -14955.703125
1210    -14955.988281
1211    -14956.271484
1212    -14956.556641
1213    -14956.839844
1214    -14957.124023
1215    -14957.408203
1216    -14957.691406
1217    -14957.974609
1218    -14958.257812
1219    -14958.541016
1220    -14958.824219
1221    -14959.107422
1222    -14959.388672
1223    -14959.671875
1224    -14959.953125
1225    -14960.236328
1226    -14960.518555
1227    -14960.799805
1228    -14961.080078
1229    -14961.360352
1230    -14961.638672
1231    -14961.917969
1232    -14962.197266
1233    -14962.474609
1234    -14962.753906
1235    -14963.031250
1236    -14963.310547
1237    -14963.587891
1238    -14963.865234
1239    -14964.143555
1240    -14964.420898
1241    -14964.698242
1242    -14964.975586
1243    -14965.251953
1244    -14965.529297
1245    -14965.806641
1246    -14966.083008
1247    -14966.351562
1248    -14966.621094
1249    -14966.890625
1250    -14967.157227
1251    -14967.423828
1252    -14967.690430
1253    -14967.955078
1254    -14968.219727
1255    -14968.484375
1256    -14968.748047
1257    -14969.008789
1258    -14969.260742
1259    -14969.509766
1260    -14969.759766
1261    -14970.007812
1262    -14970.255859
1263    -14970.503906
1264    -14970.751953
1265    -14970.999023
1266    -14971.246094
1267    -14971.494141
1268    -14971.742188
1269    -14971.990234
1270    -14972.238281
1271    -14972.486328
1272    -14972.734375
1273    -14972.982422
1274    -14973.228516
1275    -14973.477539
1276    -14973.724609
1277    -14973.972656
1278    -14974.220703
1279    -14974.468750
1280    -14974.716797
1281    -14974.964844
1282    -14975.210938
1283    -14975.459961
1284    -14975.707031
1285    -14975.954102
1286    -14976.201172
1287    -14976.447266
1288    -14976.693359
1289    -14976.940430
1290    -14977.187500
1291    -14977.433594
1292    -14977.679688
1293    -14977.924805
1294    -14978.169922
1295    -14978.415039
1296    -14978.660156
1297    -14978.906250
1298    -14979.150391
1299    -14979.396484
1300    -14979.639648
1301    -14979.882812
1302    -14980.126953
1303    -14980.370117
1304    -14980.614258
1305    -14980.852539
1306    -14981.091797
1307    -14981.330078
1308    -14981.568359
1309    -14981.807617
1310    -14982.045898
1311    -14982.285156
1312    -14982.523438
1313    -14982.762695
1314    -14983.000977
1315    -14983.240234
1316    -14983.478516
1317    -14983.716797
1318    -14983.957031
1319    -14984.193359
1320    -14984.427734
1321    -14984.663086
1322    -14984.898438
1323    -14985.132812
1324    -14985.365234
1325    -14985.599609
1326    -14985.830078
1327    -14986.058594
1328    -14986.288086
1329    -14986.517578
1330    -14986.745117
1331    -14986.968750
1332    -14987.193359
1333    -14987.417969
1334    -14987.641602
1335    -14987.866211
1336    -14988.089844
1337    -14988.314453
1338    -14988.539062
1339    -14988.763672
1340    -14988.982422
1341    -14989.201172
1342    -14989.420898
1343    -14989.640625
1344    -14989.860352
1345    -14990.079102
1346    -14990.298828
1347    -14990.518555
1348    -14990.738281
1349    -14990.957031
1350    -14991.173828
1351    -14991.390625
1352    -14991.607422
1353    -14991.824219
1354    -14992.041016
1355    -14992.257812
1356    -14992.474609
1357    -14992.692383
1358    -14992.910156
1359    -14993.126953
1360    -14993.344727
1361    -14993.562500
1362    -14993.780273
1363    -14993.999023
1364    -14994.216797
1365    -14994.435547
1366    -14994.653320
1367    -14994.872070
1368    -14995.090820
1369    -14995.308594
1370    -14995.529297
1371    -14995.748047
1372    -14995.966797
1373    -14996.186523
1374    -14996.406250
1375    -14996.625977
1376    -14996.844727
1377    -14997.065430
1378    -14997.285156
1379    -14997.505859
1380    -14997.726562
1381    -14997.945312
1382    -14998.166992
1383    -14998.388672
1384    -14998.609375
1385    -14998.830078
1386    -14999.047852
1387    -14999.266602
1388    -14999.485352
1389    -14999.704102
1390    -14999.922852
1391    -15000.141602
1392    -15000.360352
1393    -15000.579102
1394    -15000.796875
1395    -15001.015625
1396    -15001.234375
1397    -15001.451172
1398    -15001.670898
1399    -15001.890625
1400    -15002.107422
1401    -15002.328125
1402    -15002.545898
1403    -15002.765625
1404    -15002.985352
1405    -15003.205078
1406    -15003.424805
1407    -15003.644531
1408    -15003.864258
1409    -15004.083984
1410    -15004.303711
1411    -15004.524414
1412    -15004.744141
1413    -15004.964844
1414    -15005.185547
1415    -15005.406250
1416    -15005.626953
1417    -15005.847656
1418    -15006.068359
1419    -15006.289062
1420    -15006.509766
1421    -15006.730469
1422    -15006.951172
1423    -15007.172852
1424    -15007.393555
1425    -15007.613281
1426    -15007.833984
1427    -15008.054688
1428    -15008.275391
1429    -15008.496094
1430    -15008.716797
1431    -15008.937500
1432    -15009.158203
1433    -15009.376953
1434    -15009.596680
1435    -15009.816406
1436    -15010.036133
1437    -15010.254883
1438    -15010.473633
1439    -15010.693359
1440    -15010.912109
1441    -15011.130859
1442    -15011.349609
1443    -15011.568359
1444    -15011.787109
1445    -15012.005859
1446    -15012.224609
1447    -15012.442383
1448    -15012.661133
1449    -15012.878906
1450    -15013.097656
1451    -15013.314453
1452    -15013.532227
1453    -15013.750000
1454    -15013.966797
1455    -15014.184570
1456    -15014.402344
1457    -15014.619141
1458    -15014.835938
1459    -15015.051758
1460    -15015.268555
1461    -15015.484375
1462    -15015.700195
1463    -15015.916016
1464    -15016.130859
1465    -15016.346680
1466    -15016.560547
1467    -15016.775391
1468    -15016.990234
1469    -15017.204102
1470    -15017.418945
1471    -15017.630859
1472    -15017.844727
1473    -15018.058594
1474    -15018.270508
1475    -15018.482422
1476    -15018.695312
1477    -15018.906250
1478    -15019.117188
1479    -15019.328125
1480    -15019.539062
1481    -15019.748047
1482    -15019.958984
1483    -15020.167969
1484    -15020.378906
1485    -15020.585938
1486    -15020.795898
1487    -15021.003906
1488    -15021.211914
1489    -15021.419922
1490    -15021.625000
1491    -15021.830078
1492    -15022.034180
1493    -15022.238281
1494    -15022.441406
1495    -15022.645508
1496    -15022.849609
1497    -15023.050781
1498    -15023.253906
1499    -15023.456055
1500    -15023.658203
1501    -15023.859375
1502    -15024.060547
1503    -15024.261719
1504    -15024.461914
1505    -15024.662109
1506    -15024.861328
1507    -15025.060547
1508    -15025.259766
1509    -15025.458984
1510    -15025.658203
1511    -15025.855469
1512    -15026.053711
1513    -15026.250977
1514    -15026.449219
1515    -15026.644531
1516    -15026.841797
1517    -15027.039062
1518    -15027.234375
1519    -15027.431641
1520    -15027.623047
1521    -15027.809570
1522    -15027.998047
1523    -15028.185547
1524    -15028.372070
1525    -15028.558594
1526    -15028.745117
1527    -15028.931641
1528    -15029.115234
1529    -15029.295898
1530    -15029.477539
1531    -15029.658203
1532    -15029.838867
1533    -15030.019531
1534    -15030.200195
1535    -15030.378906
1536    -15030.559570
1537    -15030.738281
1538    -15030.918945
1539    -15031.097656
1540    -15031.274414
1541    -15031.449219
1542    -15031.625000
1543    -15031.800781
1544    -15031.975586
1545    -15032.150391
1546    -15032.325195
1547    -15032.500000
1548    -15032.675781
1549    -15032.849609
1550    -15033.023438
1551    -15033.198242
1552    -15033.371094
1553    -15033.544922
1554    -15033.719727
1555    -15033.892578
1556    -15034.066406
1557    -15034.240234
1558    -15034.414062
1559    -15034.587891
1560    -15034.760742
1561    -15034.933594
1562    -15035.107422
1563    -15035.280273
1564    -15035.453125
1565    -15035.626953
1566    -15035.798828
1567    -15035.971680
1568    -15036.143555
1569    -15036.315430
1570    -15036.488281
1571    -15036.659180
1572    -15036.832031
1573    -15037.003906
1574    -15037.175781
1575    -15037.347656
1576    -15037.519531
1577    -15037.691406
1578    -15037.863281
1579    -15038.035156
1580    -15038.207031
1581    -15038.378906
1582    -15038.550781
1583    -15038.722656
1584    -15038.894531
1585    -15039.067383
1586    -15039.240234
1587    -15039.412109
1588    -15039.583984
1589    -15039.755859
1590    -15039.927734
1591    -15040.097656
1592    -15040.268555
1593    -15040.439453
1594    -15040.609375
1595    -15040.781250
1596    -15040.952148
1597    -15041.121094
1598    -15041.290039
1599    -15041.458008
1600    -15041.625977
1601    -15041.794922
1602    -15041.961914
1603    -15042.128906
1604    -15042.296875
1605    -15042.464844
1606    -15042.632812
1607    -15042.800781
1608    -15042.968750
1609    -15043.136719
1610    -15043.304688
1611    -15043.472656
1612    -15043.640625
1613    -15043.809570
1614    -15043.977539
1615    -15044.146484
1616    -15044.315430
1617    -15044.484375
1618    -15044.652344
1619    -15044.821289
1620    -15044.990234
1621    -15045.160156
1622    -15045.330078
1623    -15045.498047
1624    -15045.667969
1625    -15045.837891
1626    -15046.006836
1627    -15046.175781
1628    -15046.345703
1629    -15046.515625
1630    -15046.685547
1631    -15046.855469
1632    -15047.025391
1633    -15047.194336
1634    -15047.365234
1635    -15047.535156
1636    -15047.706055
1637    -15047.875000
1638    -15048.044922
1639    -15048.215820
1640    -15048.385742
1641    -15048.556641
1642    -15048.726562
1643    -15048.896484
1644    -15049.066406
1645    -15049.236328
1646    -15049.407227
1647    -15049.577148
1648    -15049.748047
1649    -15049.917969
1650    -15050.087891
1651    -15050.257812
1652    -15050.428711
1653    -15050.597656
1654    -15050.768555
1655    -15050.939453
1656    -15051.108398
1657    -15051.278320
1658    -15051.448242
1659    -15051.617188
1660    -15051.787109
1661    -15051.957031
1662    -15052.125977
1663    -15052.295898
1664    -15052.464844
1665    -15052.633789
1666    -15052.800781
1667    -15052.967773
1668    -15053.134766
1669    -15053.294922
1670    -15053.454102
1671    -15053.613281
1672    -15053.773438
1673    -15053.931641
1674    -15054.089844
1675    -15054.250000
1676    -15054.407227
1677    -15054.566406
1678    -15054.722656
1679    -15054.880859
1680    -15055.038086
1681    -15055.195312
1682    -15055.351562
1683    -15055.508789
1684    -15055.666016
1685    -15055.821289
1686    -15055.977539
1687    -15056.132812
1688    -15056.289062
1689    -15056.443359
1690    -15056.598633
1691    -15056.753906
1692    -15056.908203
1693    -15057.062500
1694    -15057.216797
1695    -15057.371094
1696    -15057.524414
1697    -15057.677734
1698    -15057.830078
1699    -15057.982422
1700    -15058.135742
1701    -15058.287109
1702    -15058.439453
1703    -15058.589844
1704    -15058.742188
1705    -15058.892578
1706    -15059.042969
1707    -15059.190430
1708    -15059.335938
1709    -15059.481445
1710    -15059.625000
1711    -15059.769531
1712    -15059.914062
1713    -15060.057617
1714    -15060.197266
1715    -15060.335938
1716    -15060.475586
1717    -15060.613281
1718    -15060.751953
1719    -15060.888672
1720    -15061.026367
1721    -15061.163086
1722    -15061.300781
1723    -15061.435547
1724    -15061.572266
1725    -15061.707031
1726    -15061.841797
1727    -15061.976562
1728    -15062.110352
1729    -15062.244141
1730    -15062.376953
1731    -15062.509766
1732    -15062.642578
1733    -15062.775391
1734    -15062.907227
1735    -15063.039062
1736    -15063.169922
1737    -15063.299805
1738    -15063.429688
1739    -15063.559570
1740    -15063.688477
1741    -15063.817383
1742    -15063.945312
1743    -15064.074219
1744    -15064.201172
1745    -15064.330078
1746    -15064.455078
1747    -15064.582031
1748    -15064.707031
1749    -15064.833984
1750    -15064.958984
1751    -15065.083008
1752    -15065.207031
