Step            Loss
--------------------
1        -413.678528
2        -441.391144
3        -469.115051
4        -496.850739
5        -524.598450
6        -552.358521
7        -580.131592
8        -607.917908
9        -635.718262
10       -663.533081
11       -691.363037
12       -719.208923
13       -747.071533
14       -774.951477
15       -802.849976
16       -830.767700
17       -858.705688
18       -886.664795
19       -914.646301
20       -942.650879
21       -970.679565
22       -998.733643
23      -1026.813965
24      -1054.921753
25      -1083.057861
26      -1111.223511
27      -1139.419434
28      -1167.647217
29      -1195.907715
30      -1224.201904
31      -1252.530640
32      -1280.895264
33      -1309.296631
34      -1337.735840
35      -1366.213867
36      -1394.731323
37      -1423.289673
38      -1451.889526
39      -1480.531860
40      -1509.217651
41      -1537.947998
42      -1566.723145
43      -1595.544312
44      -1624.412476
45      -1653.328369
46      -1682.292603
47      -1711.306030
48      -1740.369629
49      -1769.483887
50      -1798.649414
51      -1827.867554
52      -1857.138672
53      -1886.462891
54      -1915.842041
55      -1945.275879
56      -1974.765137
57      -2004.310669
58      -2033.912964
59      -2063.572510
60      -2093.290039
61      -2123.066162
62      -2152.901123
63      -2182.795654
64      -2212.750244
65      -2242.765137
66      -2272.840820
67      -2302.978027
68      -2333.176758
69      -2363.437744
70      -2393.760986
71      -2424.146973
72      -2454.596191
73      -2485.108643
74      -2515.685059
75      -2546.325195
76      -2577.029785
77      -2607.798340
78      -2638.631836
79      -2669.529785
80      -2700.492676
81      -2731.520996
82      -2762.613770
83      -2793.772217
84      -2824.995605
85      -2856.284668
86      -2887.639160
87      -2919.058594
88      -2950.543701
89      -2982.094238
90      -3013.709961
91      -3045.390869
92      -3077.136719
93      -3108.948242
94      -3140.823975
95      -3172.764893
96      -3204.770020
97      -3236.840332
98      -3268.974365
99      -3301.172363
100     -3333.434326
101     -3365.760010
102     -3398.148926
103     -3430.600586
104     -3463.115479
105     -3495.692871
106     -3528.332031
107     -3561.033203
108     -3593.795654
109     -3626.619385
110     -3659.503662
111     -3692.448242
112     -3725.452637
113     -3758.516113
114     -3791.639160
115     -3824.820312
116     -3858.059814
117     -3891.356445
118     -3924.710205
119     -3958.120605
120     -3991.586914
121     -4025.108887
122     -4058.685303
123     -4092.316162
124     -4125.971191
125     -4159.676758
126     -4193.435547
127     -4227.245117
128     -4261.106445
129     -4295.018555
130     -4328.980469
131     -4362.990723
132     -4397.050293
133     -4431.157227
134     -4465.310547
135     -4499.510742
136     -4533.756836
137     -4568.046875
138     -4602.381348
139     -4636.758789
140     -4671.178711
141     -4705.639648
142     -4740.142090
143     -4774.684082
144     -4809.265625
145     -4843.884766
146     -4878.541504
147     -4913.234863
148     -4947.963867
149     -4982.727539
150     -5017.525391
151     -5052.356445
152     -5087.219238
153     -5122.113281
154     -5157.037109
155     -5191.991211
156     -5226.973633
157     -5261.983398
158     -5297.019531
159     -5332.081543
160     -5367.168457
161     -5402.278809
162     -5437.412109
163     -5472.567383
164     -5507.743164
165     -5542.938965
166     -5578.153320
167     -5613.386230
168     -5648.636230
169     -5683.901855
170     -5719.182617
171     -5754.477539
172     -5789.785156
173     -5825.104980
174     -5860.436035
175     -5895.776855
176     -5931.126953
177     -5966.485352
178     -6001.850586
179     -6037.222168
180     -6072.598633
181     -6107.979004
182     -6143.363281
183     -6178.749023
184     -6214.131836
185     -6249.512695
186     -6284.892578
187     -6320.270508
188     -6355.645996
189     -6391.017578
190     -6426.384766
191     -6461.745605
192     -6497.099609
193     -6532.446289
194     -6567.784180
195     -6603.112793
196     -6638.430664
197     -6673.736328
198     -6709.030273
199     -6744.310547
200     -6779.576172
201     -6814.819336
202     -6850.043945
203     -6885.250977
204     -6920.440430
205     -6955.609375
206     -6990.759766
207     -7025.888672
208     -7060.995605
209     -7096.080078
210     -7131.140625
211     -7166.176270
212     -7201.186035
213     -7236.169922
214     -7271.125977
215     -7306.054199
216     -7340.953125
217     -7375.822266
218     -7410.660156
219     -7445.466309
220     -7480.240234
221     -7514.980469
222     -7549.686523
223     -7584.351074
224     -7618.971191
225     -7653.545410
226     -7688.081055
227     -7722.578125
228     -7757.036621
229     -7791.454102
230     -7825.829102
231     -7860.149414
232     -7894.427246
233     -7928.661621
234     -7962.851562
235     -7996.997070
236     -8031.096680
237     -8065.149902
238     -8099.156250
239     -8133.114258
240     -8167.024414
241     -8200.884766
242     -8234.667969
243     -8268.379883
244     -8302.041016
245     -8335.650391
246     -8369.206055
247     -8402.708008
248     -8436.156250
249     -8469.548828
250     -8502.888672
251     -8536.160156
252     -8569.346680
253     -8602.473633
254     -8635.541016
255     -8668.543945
256     -8701.466797
257     -8734.330078
258     -8767.132812
259     -8799.875000
260     -8832.554688
261     -8865.172852
262     -8897.726562
263     -8930.218750
264     -8962.646484
265     -8995.009766
266     -9027.306641
267     -9059.538086
268     -9091.666992
269     -9123.713867
270     -9155.687500
271     -9187.589844
272     -9219.398438
273     -9251.116211
274     -9282.764648
275     -9314.345703
276     -9345.843750
277     -9377.244141
278     -9408.570312
279     -9439.824219
280     -9471.007812
281     -9502.118164
282     -9533.157227
283     -9564.123047
284     -9595.015625
285     -9625.834961
286     -9656.580078
287     -9687.240234
288     -9717.804688
289     -9748.284180
290     -9778.683594
291     -9809.008789
292     -9839.257812
293     -9869.427734
294     -9899.513672
295     -9929.523438
296     -9959.450195
297     -9989.290039
298     -10019.052734
299     -10048.736328
300     -10078.342773
301     -10107.869141
302     -10137.318359
303     -10166.685547
304     -10195.959961
305     -10225.146484
306     -10254.228516
307     -10283.187500
308     -10312.065430
309     -10340.861328
310     -10369.566406
311     -10398.180664
312     -10426.710938
313     -10455.162109
314     -10483.530273
315     -10511.803711
316     -10539.990234
317     -10568.093750
318     -10596.114258
319     -10624.046875
320     -10651.897461
321     -10679.666016
322     -10707.351562
323     -10734.955078
324     -10762.476562
325     -10789.914062
326     -10817.267578
327     -10844.514648
328     -10871.658203
329     -10898.707031
330     -10925.637695
331     -10952.430664
332     -10979.127930
333     -11005.723633
334     -11032.233398
335     -11058.658203
336     -11085.000000
337     -11111.253906
338     -11137.398438
339     -11163.457031
340     -11189.418945
341     -11215.273438
342     -11241.006836
343     -11266.653320
344     -11292.203125
345     -11317.670898
346     -11343.054688
347     -11368.339844
348     -11393.523438
349     -11418.621094
350     -11443.591797
351     -11468.476562
352     -11493.277344
353     -11517.992188
354     -11542.599609
355     -11567.089844
356     -11591.480469
357     -11615.791016
358     -11640.017578
359     -11664.126953
360     -11688.108398
361     -11712.000000
362     -11735.701172
363     -11759.277344
364     -11782.757812
365     -11806.111328
366     -11829.359375
367     -11852.523438
368     -11875.593750
369     -11898.535156
370     -11921.324219
371     -11943.974609
372     -11966.488281
373     -11988.919922
374     -12011.262695
375     -12033.447266
376     -12055.519531
377     -12077.488281
378     -12099.341797
379     -12121.089844
380     -12142.716797
381     -12164.259766
382     -12185.726562
383     -12207.117188
384     -12228.398438
385     -12249.541016
386     -12270.536133
387     -12291.451172
388     -12312.289062
389     -12333.027344
390     -12353.644531
391     -12374.183594
392     -12394.640625
393     -12415.009766
394     -12435.286133
395     -12455.483398
396     -12475.558594
397     -12495.540039
398     -12515.411133
399     -12535.167969
400     -12554.783203
401     -12574.300781
402     -12593.714844
403     -12613.022461
404     -12632.222656
405     -12651.328125
406     -12670.314453
407     -12689.166016
408     -12707.904297
409     -12726.517578
410     -12745.023438
411     -12763.427734
412     -12781.729492
413     -12799.916016
414     -12817.998047
415     -12835.976562
416     -12853.800781
417     -12871.552734
418     -12889.238281
419     -12906.818359
420     -12924.306641
421     -12941.703125
422     -12959.023438
423     -12976.265625
424     -12993.423828
425     -13010.516602
426     -13027.513672
427     -13044.419922
428     -13061.223633
429     -13077.931641
430     -13094.523438
431     -13111.020508
432     -13127.445312
433     -13143.756836
434     -13159.932617
435     -13176.001953
436     -13191.988281
437     -13207.903320
438     -13223.700195
439     -13239.358398
440     -13254.935547
441     -13270.416016
442     -13285.791016
443     -13301.087891
444     -13316.306641
445     -13331.429688
446     -13346.472656
447     -13361.426758
448     -13376.284180
449     -13391.018555
450     -13405.674805
451     -13420.258789
452     -13434.723633
453     -13449.102539
454     -13463.389648
455     -13477.568359
456     -13491.679688
457     -13505.708008
458     -13519.617188
459     -13533.414062
460     -13547.123047
461     -13560.668945
462     -13574.134766
463     -13587.495117
464     -13600.758789
465     -13613.904297
466     -13626.932617
467     -13639.810547
468     -13652.634766
469     -13665.373047
470     -13677.952148
471     -13690.466797
472     -13702.913086
473     -13715.253906
474     -13727.489258
475     -13739.628906
476     -13751.687500
477     -13763.667969
478     -13775.556641
479     -13787.394531
480     -13799.172852
481     -13810.880859
482     -13822.542969
483     -13834.149414
484     -13845.694336
485     -13857.182617
486     -13868.601562
487     -13879.923828
488     -13891.187500
489     -13902.349609
490     -13913.427734
491     -13924.399414
492     -13935.284180
493     -13946.089844
494     -13956.803711
495     -13967.419922
496     -13977.955078
497     -13988.433594
498     -13998.849609
499     -14009.201172
500     -14019.492188
501     -14029.717773
502     -14039.865234
503     -14049.935547
504     -14059.907227
505     -14069.792969
506     -14079.613281
507     -14089.376953
508     -14099.084961
509     -14108.697266
510     -14118.228516
511     -14127.665039
512     -14137.017578
513     -14146.279297
514     -14155.505859
515     -14164.665039
516     -14173.744141
517     -14182.725586
518     -14191.621094
519     -14200.471680
520     -14209.289062
521     -14218.027344
522     -14226.662109
523     -14235.216797
524     -14243.694336
525     -14252.103516
526     -14260.439453
527     -14268.734375
528     -14276.946289
529     -14285.039062
530     -14293.049805
531     -14301.006836
532     -14308.913086
533     -14316.779297
534     -14324.574219
535     -14332.285156
536     -14339.933594
537     -14347.503906
538     -14355.005859
539     -14362.455078
540     -14369.841797
541     -14377.164062
542     -14384.433594
543     -14391.623047
544     -14398.750000
545     -14405.798828
546     -14412.771484
547     -14419.700195
548     -14426.570312
549     -14433.316406
550     -14440.029297
551     -14446.703125
552     -14453.316406
553     -14459.863281
554     -14466.351562
555     -14472.802734
556     -14479.192383
557     -14485.478516
558     -14491.650391
559     -14497.745117
560     -14503.708984
561     -14509.549805
562     -14515.278320
563     -14520.916016
564     -14526.498047
565     -14532.034180
566     -14537.484375
567     -14542.896484
568     -14548.237305
569     -14553.513672
570     -14558.720703
571     -14563.875977
572     -14568.992188
573     -14574.050781
574     -14579.009766
575     -14583.940430
576     -14588.843750
577     -14593.686523
578     -14598.505859
579     -14603.287109
580     -14608.043945
581     -14612.765625
582     -14617.451172
583     -14622.099609
584     -14626.728516
585     -14631.318359
586     -14635.878906
587     -14640.404297
588     -14644.896484
589     -14649.326172
590     -14653.720703
591     -14658.057617
592     -14662.375000
593     -14666.654297
594     -14670.908203
595     -14675.139648
596     -14679.299805
597     -14683.427734
598     -14687.516602
599     -14691.569336
600     -14695.601562
601     -14699.570312
602     -14703.509766
603     -14707.423828
604     -14711.316406
605     -14715.164062
606     -14718.949219
607     -14722.710938
608     -14726.449219
609     -14730.150391
610     -14733.824219
611     -14737.465820
612     -14741.087891
613     -14744.693359
614     -14748.281250
615     -14751.823242
616     -14755.336914
617     -14758.826172
618     -14762.287109
619     -14765.691406
620     -14769.057617
621     -14772.394531
622     -14775.708984
623     -14778.992188
624     -14782.236328
625     -14785.441406
626     -14788.572266
627     -14791.654297
628     -14794.685547
629     -14797.691406
630     -14800.669922
631     -14803.630859
632     -14806.550781
633     -14809.457031
634     -14812.336914
635     -14815.197266
636     -14818.008789
637     -14820.784180
638     -14823.550781
639     -14826.302734
640     -14829.041016
641     -14831.767578
642     -14834.472656
643     -14837.142578
644     -14839.797852
645     -14842.429688
646     -14845.027344
647     -14847.605469
648     -14850.154297
649     -14852.687500
650     -14855.198242
651     -14857.686523
652     -14860.156250
653     -14862.595703
654     -14865.006836
655     -14867.410156
656     -14869.789062
657     -14872.149414
658     -14874.475586
659     -14876.789062
660     -14879.091797
661     -14881.379883
662     -14883.650391
663     -14885.907227
664     -14888.154297
665     -14890.386719
666     -14892.609375
667     -14894.816406
668     -14897.011719
669     -14899.186523
670     -14901.333984
671     -14903.462891
672     -14905.583984
673     -14907.680664
674     -14909.755859
675     -14911.804688
676     -14913.831055
677     -14915.839844
678     -14917.826172
679     -14919.804688
680     -14921.774414
681     -14923.737305
682     -14925.669922
683     -14927.582031
684     -14929.481445
685     -14931.363281
686     -14933.236328
687     -14935.104492
688     -14936.933594
689     -14938.707031
690     -14940.445312
691     -14942.161133
692     -14943.856445
693     -14945.537109
694     -14947.212891
695     -14948.869141
696     -14950.498047
697     -14952.105469
698     -14953.710938
699     -14955.310547
700     -14956.901367
701     -14958.470703
702     -14960.018555
703     -14961.556641
704     -14963.076172
705     -14964.585938
706     -14966.083008
707     -14967.567383
708     -14969.033203
709     -14970.476562
710     -14971.912109
711     -14973.328125
712     -14974.725586
713     -14976.091797
714     -14977.441406
715     -14978.786133
716     -14980.113281
717     -14981.424805
718     -14982.723633
719     -14984.003906
720     -14985.281250
721     -14986.552734
722     -14987.818359
723     -14989.080078
724     -14990.334961
725     -14991.583984
726     -14992.830078
727     -14994.068359
728     -14995.295898
729     -14996.517578
730     -14997.730469
731     -14998.934570
732     -15000.134766
733     -15001.316406
734     -15002.474609
735     -15003.621094
736     -15004.761719
737     -15005.897461
738     -15007.026367
739     -15008.145508
740     -15009.257812
741     -15010.365234
742     -15011.468750
743     -15012.570312
744     -15013.668945
745     -15014.766602
746     -15015.859375
747     -15016.945312
748     -15018.028320
749     -15019.109375
750     -15020.182617
751     -15021.239258
752     -15022.283203
753     -15023.322266
754     -15024.357422
755     -15025.388672
756     -15026.418945
757     -15027.423828
758     -15028.420898
759     -15029.414062
760     -15030.401367
761     -15031.382812
762     -15032.359375
763     -15033.324219
764     -15034.287109
765     -15035.249023
766     -15036.208984
767     -15037.163086
768     -15038.111328
769     -15039.054688
770     -15039.997070
771     -15040.930664
772     -15041.861328
773     -15042.785156
774     -15043.708984
775     -15044.628906
776     -15045.540039
777     -15046.439453
778     -15047.333984
779     -15048.226562
780     -15049.118164
781     -15050.004883
782     -15050.887695
783     -15051.767578
784     -15052.644531
785     -15053.498047
786     -15054.340820
787     -15055.179688
788     -15056.017578
789     -15056.853516
790     -15057.687500
791     -15058.517578
792     -15059.337891
793     -15060.148438
794     -15060.955078
795     -15061.755859
796     -15062.555664
797     -15063.353516
798     -15064.138672
799     -15064.914062
800     -15065.684570
801     -15066.455078
802     -15067.222656
803     -15067.984375
804     -15068.734375
805     -15069.480469
806     -15070.223633
807     -15070.958008
808     -15071.682617
809     -15072.406250
810     -15073.127930
811     -15073.845703
812     -15074.556641
813     -15075.258789
814     -15075.958008
815     -15076.655273
816     -15077.351562
817     -15078.045898
818     -15078.735352
819     -15079.423828
820     -15080.107422
821     -15080.789062
822     -15081.470703
823     -15082.149414
824     -15082.827148
825     -15083.501953
826     -15084.165039
827     -15084.822266
828     -15085.480469
829     -15086.134766
830     -15086.790039
831     -15087.439453
832     -15088.083984
833     -15088.728516
834     -15089.371094
835     -15090.013672
836     -15090.652344
837     -15091.291992
838     -15091.924805
839     -15092.555664
840     -15093.185547
841     -15093.813477
842     -15094.436523
843     -15095.056641
844     -15095.666016
845     -15096.269531
846     -15096.867188
847     -15097.457031
848     -15098.046875
849     -15098.632812
850     -15099.218750
851     -15099.803711
852     -15100.386719
853     -15100.968750
854     -15101.541016
855     -15102.107422
856     -15102.671875
857     -15103.235352
858     -15103.797852
859     -15104.359375
860     -15104.919922
861     -15105.478516
862     -15106.032227
863     -15106.585938
864     -15107.136719
865     -15107.687500
866     -15108.238281
867     -15108.780273
868     -15109.318359
869     -15109.853516
870     -15110.386719
871     -15110.918945
872     -15111.449219
873     -15111.980469
874     -15112.510742
875     -15113.039062
876     -15113.566406
877     -15114.091797
878     -15114.616211
879     -15115.134766
880     -15115.651367
881     -15116.162109
882     -15116.671875
883     -15117.179688
884     -15117.688477
885     -15118.195312
886     -15118.701172
887     -15119.205078
888     -15119.707031
889     -15120.207031
890     -15120.705078
891     -15121.195312
892     -15121.678711
893     -15122.162109
894     -15122.646484
895     -15123.126953
896     -15123.597656
897     -15124.065430
898     -15124.531250
899     -15124.996094
900     -15125.460938
901     -15125.923828
902     -15126.385742
903     -15126.847656
904     -15127.306641
905     -15127.757812
906     -15128.209961
907     -15128.660156
908     -15129.109375
909     -15129.557617
910     -15130.005859
911     -15130.453125
912     -15130.899414
913     -15131.344727
914     -15131.788086
915     -15132.218750
916     -15132.648438
917     -15133.064453
918     -15133.476562
919     -15133.887695
920     -15134.297852
921     -15134.708008
922     -15135.117188
923     -15135.524414
924     -15135.930664
925     -15136.328125
926     -15136.725586
927     -15137.122070
928     -15137.516602
929     -15137.907227
930     -15138.292969
931     -15138.677734
932     -15139.058594
933     -15139.439453
934     -15139.820312
935     -15140.200195
936     -15140.580078
937     -15140.958008
938     -15141.335938
939     -15141.712891
940     -15142.089844
941     -15142.464844
942     -15142.839844
943     -15143.215820
944     -15143.589844
945     -15143.962891
946     -15144.335938
947     -15144.708984
948     -15145.079102
949     -15145.450195
950     -15145.820312
951     -15146.189453
952     -15146.559570
953     -15146.925781
954     -15147.291016
955     -15147.654297
956     -15148.016602
957     -15148.378906
958     -15148.740234
959     -15149.095703
960     -15149.451172
961     -15149.800781
962     -15150.149414
963     -15150.496094
964     -15150.843750
965     -15151.190430
966     -15151.535156
967     -15151.880859
968     -15152.224609
969     -15152.570312
970     -15152.912109
971     -15153.255859
972     -15153.597656
973     -15153.939453
974     -15154.281250
975     -15154.622070
976     -15154.961914
977     -15155.294922
978     -15155.627930
979     -15155.958984
980     -15156.291016
981     -15156.622070
982     -15156.952148
983     -15157.282227
984     -15157.611328
985     -15157.939453
986     -15158.267578
987     -15158.595703
988     -15158.916016
989     -15159.233398
990     -15159.549805
991     -15159.865234
992     -15160.179688
993     -15160.495117
994     -15160.808594
995     -15161.121094
996     -15161.434570
997     -15161.746094
998     -15162.058594
999     -15162.371094
1000    -15162.681641
1001    -15162.992188
1002    -15163.302734
1003    -15163.613281
1004    -15163.919922
1005    -15164.224609
1006    -15164.528320
1007    -15164.833008
1008    -15165.136719
1009    -15165.439453
1010    -15165.742188
1011    -15166.045898
1012    -15166.343750
1013    -15166.637695
1014    -15166.930664
1015    -15167.224609
1016    -15167.513672
1017    -15167.800781
1018    -15168.088867
1019    -15168.376953
1020    -15168.664062
1021    -15168.949219
1022    -15169.233398
1023    -15169.517578
1024    -15169.796875
1025    -15170.076172
1026    -15170.355469
1027    -15170.634766
1028    -15170.913086
1029    -15171.192383
1030    -15171.470703
1031    -15171.749023
1032    -15172.026367
1033    -15172.301758
1034    -15172.578125
1035    -15172.851562
1036    -15173.126953
1037    -15173.400391
1038    -15173.674805
1039    -15173.949219
1040    -15174.222656
1041    -15174.496094
1042    -15174.770508
1043    -15175.041016
1044    -15175.310547
1045    -15175.580078
1046    -15175.849609
1047    -15176.119141
1048    -15176.387695
1049    -15176.656250
1050    -15176.923828
1051    -15177.192383
1052    -15177.459961
1053    -15177.728516
1054    -15177.996094
1055    -15178.265625
1056    -15178.533203
1057    -15178.800781
1058    -15179.068359
1059    -15179.336914
1060    -15179.605469
1061    -15179.874023
1062    -15180.141602
1063    -15180.408203
1064    -15180.674805
1065    -15180.936523
1066    -15181.198242
1067    -15181.458984
1068    -15181.720703
1069    -15181.981445
1070    -15182.243164
1071    -15182.503906
1072    -15182.765625
1073    -15183.027344
1074    -15183.288086
1075    -15183.549805
1076    -15183.810547
1077    -15184.073242
1078    -15184.334961
1079    -15184.596680
1080    -15184.859375
1081    -15185.121094
1082    -15185.383789
1083    -15185.647461
1084    -15185.910156
1085    -15186.172852
1086    -15186.435547
1087    -15186.697266
1088    -15186.957031
1089    -15187.215820
1090    -15187.475586
1091    -15187.735352
1092    -15187.996094
1093    -15188.255859
1094    -15188.517578
1095    -15188.777344
1096    -15189.033203
1097    -15189.289062
1098    -15189.543945
1099    -15189.798828
1100    -15190.054688
1101    -15190.309570
1102    -15190.565430
1103    -15190.822266
1104    -15191.078125
1105    -15191.333984
1106    -15191.591797
1107    -15191.847656
1108    -15192.105469
1109    -15192.361328
1110    -15192.615234
1111    -15192.867188
1112    -15193.120117
1113    -15193.373047
1114    -15193.625000
1115    -15193.878906
1116    -15194.132812
1117    -15194.385742
1118    -15194.638672
1119    -15194.892578
1120    -15195.146484
1121    -15195.400391
1122    -15195.655273
1123    -15195.910156
1124    -15196.163086
1125    -15196.416016
1126    -15196.669922
1127    -15196.922852
1128    -15197.176758
1129    -15197.430664
1130    -15197.683594
1131    -15197.937500
1132    -15198.191406
1133    -15198.445312
1134    -15198.701172
1135    -15198.954102
1136    -15199.208984
1137    -15199.462891
1138    -15199.716797
1139    -15199.971680
1140    -15200.226562
1141    -15200.480469
1142    -15200.733398
1143    -15200.984375
1144    -15201.230469
1145    -15201.476562
1146    -15201.721680
1147    -15201.966797
1148    -15202.211914
1149    -15202.457031
1150    -15202.701172
1151    -15202.946289
1152    -15203.190430
1153    -15203.435547
1154    -15203.679688
1155    -15203.923828
1156    -15204.168945
1157    -15204.412109
1158    -15204.656250
1159    -15204.900391
1160    -15205.142578
1161    -15205.384766
1162    -15205.628906
1163    -15205.871094
1164    -15206.113281
1165    -15206.355469
1166    -15206.598633
1167    -15206.839844
1168    -15207.083008
1169    -15207.324219
1170    -15207.563477
1171    -15207.801758
1172    -15208.039062
1173    -15208.273438
1174    -15208.506836
1175    -15208.741211
1176    -15208.974609
1177    -15209.207031
1178    -15209.439453
1179    -15209.671875
1180    -15209.905273
1181    -15210.136719
1182    -15210.369141
1183    -15210.600586
1184    -15210.830078
1185    -15211.060547
1186    -15211.289062
1187    -15211.517578
1188    -15211.747070
1189    -15211.974609
1190    -15212.203125
1191    -15212.429688
1192    -15212.657227
1193    -15212.884766
1194    -15213.111328
1195    -15213.337891
1196    -15213.563477
1197    -15213.789062
1198    -15214.013672
1199    -15214.235352
1200    -15214.455078
1201    -15214.673828
1202    -15214.891602
1203    -15215.109375
1204    -15215.326172
1205    -15215.542969
1206    -15215.759766
1207    -15215.976562
1208    -15216.192383
1209    -15216.407227
1210    -15216.622070
1211    -15216.835938
1212    -15217.048828
1213    -15217.259766
1214    -15217.469727
1215    -15217.675781
1216    -15217.881836
1217    -15218.085938
1218    -15218.291992
1219    -15218.496094
1220    -15218.699219
1221    -15218.903320
1222    -15219.105469
1223    -15219.308594
1224    -15219.510742
1225    -15219.711914
1226    -15219.914062
1227    -15220.113281
1228    -15220.310547
1229    -15220.508789
1230    -15220.706055
1231    -15220.902344
1232    -15221.097656
1233    -15221.292969
1234    -15221.489258
1235    -15221.683594
1236    -15221.877930
1237    -15222.072266
1238    -15222.265625
1239    -15222.449219
1240    -15222.632812
1241    -15222.814453
1242    -15222.997070
1243    -15223.177734
1244    -15223.359375
1245    -15223.540039
1246    -15223.720703
1247    -15223.900391
1248    -15224.079102
1249    -15224.258789
1250    -15224.437500
1251    -15224.615234
1252    -15224.793945
1253    -15224.969727
1254    -15225.141602
1255    -15225.310547
1256    -15225.479492
1257    -15225.646484
1258    -15225.814453
1259    -15225.982422
1260    -15226.148438
1261    -15226.314453
1262    -15226.480469
1263    -15226.646484
1264    -15226.810547
1265    -15226.972656
1266    -15227.135742
1267    -15227.297852
1268    -15227.459961
1269    -15227.621094
1270    -15227.781250
1271    -15227.941406
1272    -15228.101562
1273    -15228.260742
1274    -15228.419922
1275    -15228.578125
1276    -15228.736328
1277    -15228.894531
1278    -15229.052734
1279    -15229.208984
1280    -15229.366211
1281    -15229.521484
1282    -15229.676758
1283    -15229.832031
1284    -15229.987305
1285    -15230.142578
1286    -15230.296875
1287    -15230.449219
1288    -15230.603516
1289    -15230.755859
1290    -15230.908203
1291    -15231.060547
1292    -15231.212891
1293    -15231.363281
1294    -15231.513672
1295    -15231.664062
1296    -15231.811523
1297    -15231.958984
1298    -15232.106445
1299    -15232.253906
1300    -15232.400391
1301    -15232.545898
1302    -15232.691406
1303    -15232.836914
1304    -15232.981445
1305    -15233.125000
1306    -15233.269531
1307    -15233.413086
1308    -15233.556641
1309    -15233.699219
1310    -15233.841797
1311    -15233.984375
1312    -15234.126953
1313    -15234.267578
1314    -15234.408203
1315    -15234.548828
1316    -15234.689453
1317    -15234.830078
1318    -15234.969727
1319    -15235.108398
1320    -15235.248047
1321    -15235.385742
1322    -15235.523438
1323    -15235.660156
1324    -15235.798828
1325    -15235.935547
1326    -15236.072266
1327    -15236.207031
1328    -15236.343750
1329    -15236.478516
1330    -15236.614258
1331    -15236.749023
1332    -15236.882812
1333    -15237.017578
1334    -15237.150391
1335    -15237.284180
1336    -15237.416992
1337    -15237.549805
1338    -15237.681641
1339    -15237.812500
1340    -15237.945312
1341    -15238.076172
1342    -15238.207031
1343    -15238.337891
1344    -15238.466797
1345    -15238.597656
1346    -15238.726562
1347    -15238.855469
1348    -15238.980469
1349    -15239.104492
1350    -15239.228516
1351    -15239.349609
1352    -15239.472656
1353    -15239.595703
1354    -15239.714844
1355    -15239.834961
1356    -15239.954102
1357    -15240.072266
1358    -15240.190430
1359    -15240.308594
1360    -15240.423828
1361    -15240.542969
1362    -15240.658203
1363    -15240.775391
1364    -15240.890625
1365    -15241.005859
1366    -15241.121094
1367    -15241.234375
1368    -15241.347656
1369    -15241.461914
1370    -15241.575195
1371    -15241.686523
1372    -15241.799805
1373    -15241.911133
1374    -15242.023438
1375    -15242.134766
1376    -15242.246094
1377    -15242.357422
1378    -15242.467773
1379    -15242.576172
1380    -15242.677734
1381    -15242.777344
1382    -15242.877930
1383    -15242.976562
1384    -15243.076172
1385    -15243.175781
1386    -15243.275391
1387    -15243.373047
1388    -15243.471680
1389    -15243.570312
1390    -15243.667969
1391    -15243.765625
1392    -15243.864258
1393    -15243.960938
1394    -15244.058594
1395    -15244.155273
1396    -15244.251953
1397    -15244.348633
1398    -15244.444336
1399    -15244.541016
1400    -15244.637695
1401    -15244.732422
1402    -15244.828125
1403    -15244.922852
1404    -15245.017578
1405    -15245.109375
1406    -15245.203125
1407    -15245.294922
1408    -15245.386719
1409    -15245.475586
1410    -15245.563477
1411    -15245.650391
1412    -15245.739258
1413    -15245.825195
1414    -15245.910156
1415    -15245.996094
1416    -15246.081055
1417    -15246.166016
1418    -15246.250977
1419    -15246.335938
1420    -15246.419922
1421    -15246.503906
1422    -15246.587891
1423    -15246.671875
1424    -15246.754883
1425    -15246.837891
1426    -15246.921875
1427    -15247.004883
1428    -15247.087891
1429    -15247.169922
1430    -15247.251953
1431    -15247.335938
1432    -15247.416016
1433    -15247.499023
1434    -15247.580078
1435    -15247.662109
1436    -15247.743164
1437    -15247.824219
1438    -15247.905273
1439    -15247.985352
1440    -15248.066406
1441    -15248.147461
1442    -15248.226562
1443    -15248.306641
1444    -15248.385742
1445    -15248.466797
1446    -15248.545898
1447    -15248.625000
1448    -15248.704102
1449    -15248.783203
1450    -15248.861328
1451    -15248.940430
1452    -15249.018555
1453    -15249.096680
1454    -15249.174805
1455    -15249.251953
1456    -15249.330078
1457    -15249.408203
1458    -15249.484375
1459    -15249.561523
1460    -15249.638672
1461    -15249.714844
1462    -15249.791992
1463    -15249.869141
1464    -15249.943359
1465    -15250.017578
1466    -15250.091797
1467    -15250.166016
1468    -15250.240234
1469    -15250.314453
1470    -15250.387695
1471    -15250.462891
1472    -15250.535156
1473    -15250.609375
1474    -15250.681641
1475    -15250.754883
1476    -15250.828125
1477    -15250.900391
1478    -15250.973633
1479    -15251.044922
1480    -15251.117188
1481    -15251.189453
1482    -15251.261719
1483    -15251.333008
1484    -15251.405273
1485    -15251.475586
1486    -15251.546875
1487    -15251.617188
1488    -15251.688477
1489    -15251.755859
1490    -15251.823242
1491    -15251.890625
1492    -15251.957031
1493    -15252.023438
1494    -15252.089844
1495    -15252.156250
1496    -15252.222656
1497    -15252.285156
1498    -15252.347656
1499    -15252.410156
1500    -15252.471680
1501    -15252.533203
1502    -15252.595703
1503    -15252.656250
1504    -15252.717773
1505    -15252.779297
1506    -15252.839844
1507    -15252.900391
1508    -15252.962891
1509    -15253.023438
1510    -15253.083984
1511    -15253.144531
1512    -15253.204102
1513    -15253.265625
1514    -15253.326172
1515    -15253.385742
1516    -15253.445312
1517    -15253.504883
1518    -15253.564453
1519    -15253.625000
1520    -15253.683594
1521    -15253.744141
1522    -15253.801758
1523    -15253.861328
1524    -15253.919922
1525    -15253.977539
1526    -15254.035156
1527    -15254.091797
1528    -15254.148438
1529    -15254.205078
1530    -15254.261719
1531    -15254.318359
1532    -15254.374023
1533    -15254.431641
1534    -15254.486328
1535    -15254.542969
1536    -15254.599609
1537    -15254.656250
1538    -15254.710938
1539    -15254.766602
1540    -15254.822266
1541    -15254.876953
1542    -15254.931641
1543    -15254.987305
1544    -15255.041992
1545    -15255.096680
1546    -15255.152344
1547    -15255.206055
1548    -15255.256836
1549    -15255.308594
1550    -15255.359375
1551    -15255.410156
1552    -15255.460938
1553    -15255.511719
1554    -15255.562500
1555    -15255.612305
1556    -15255.662109
1557    -15255.712891
1558    -15255.763672
1559    -15255.813477
1560    -15255.863281
1561    -15255.914062
1562    -15255.962891
1563    -15256.013672
1564    -15256.062500
1565    -15256.111328
1566    -15256.162109
1567    -15256.210938
1568    -15256.259766
1569    -15256.309570
1570    -15256.358398
1571    -15256.407227
1572    -15256.456055
1573    -15256.504883
1574    -15256.553711
1575    -15256.601562
1576    -15256.650391
1577    -15256.699219
1578    -15256.747070
1579    -15256.795898
1580    -15256.843750
1581    -15256.892578
1582    -15256.940430
1583    -15256.988281
1584    -15257.035156
1585    -15257.083984
1586    -15257.130859
1587    -15257.177734
1588    -15257.226562
1589    -15257.273438
1590    -15257.320312
1591    -15257.367188
1592    -15257.414062
1593    -15257.460938
1594    -15257.507812
1595    -15257.555664
1596    -15257.601562
1597    -15257.648438
1598    -15257.695312
1599    -15257.741211
1600    -15257.788086
1601    -15257.833984
1602    -15257.879883
1603    -15257.926758
1604    -15257.972656
1605    -15258.018555
1606    -15258.064453
1607    -15258.109375
1608    -15258.156250
1609    -15258.202148
1610    -15258.247070
1611    -15258.292969
1612    -15258.337891
1613    -15258.382812
1614    -15258.428711
1615    -15258.473633
1616    -15258.519531
1617    -15258.564453
1618    -15258.609375
1619    -15258.654297
1620    -15258.698242
1621    -15258.744141
1622    -15258.787109
1623    -15258.832031
1624    -15258.876953
1625    -15258.921875
1626    -15258.964844
1627    -15259.009766
1628    -15259.053711
1629    -15259.097656
1630    -15259.142578
1631    -15259.185547
1632    -15259.230469
1633    -15259.273438
1634    -15259.318359
1635    -15259.361328
1636    -15259.406250
1637    -15259.449219
1638    -15259.492188
1639    -15259.536133
1640    -15259.579102
1641    -15259.623047
1642    -15259.666016
1643    -15259.708984
1644    -15259.751953
1645    -15259.795898
1646    -15259.837891
1647    -15259.881836
1648    -15259.923828
1649    -15259.966797
1650    -15260.010742
1651    -15260.052734
1652    -15260.094727
1653    -15260.138672
1654    -15260.179688
1655    -15260.222656
1656    -15260.265625
1657    -15260.308594
1658    -15260.349609
1659    -15260.391602
1660    -15260.434570
1661    -15260.476562
1662    -15260.519531
1663    -15260.560547
1664    -15260.602539
1665    -15260.645508
1666    -15260.687500
1667    -15260.729492
1668    -15260.770508
1669    -15260.812500
1670    -15260.853516
1671    -15260.895508
1672    -15260.937500
1673    -15260.979492
1674    -15261.020508
1675    -15261.061523
1676    -15261.103516
1677    -15261.144531
1678    -15261.185547
1679    -15261.226562
1680    -15261.267578
1681    -15261.309570
1682    -15261.349609
1683    -15261.391602
1684    -15261.433594
1685    -15261.473633
1686    -15261.514648
1687    -15261.555664
1688    -15261.597656
1689    -15261.637695
1690    -15261.678711
1691    -15261.718750
1692    -15261.759766
1693    -15261.800781
1694    -15261.841797
1695    -15261.881836
1696    -15261.922852
1697    -15261.962891
1698    -15262.002930
1699    -15262.044922
1700    -15262.083984
1701    -15262.125000
1702    -15262.166016
1703    -15262.205078
1704    -15262.246094
1705    -15262.285156
1706    -15262.326172
1707    -15262.367188
1708    -15262.406250
1709    -15262.447266
1710    -15262.487305
1711    -15262.527344
1712    -15262.568359
1713    -15262.608398
1714    -15262.647461
1715    -15262.687500
1716    -15262.727539
1717    -15262.767578
1718    -15262.806641
1719    -15262.847656
1720    -15262.886719
1721    -15262.925781
1722    -15262.966797
1723    -15263.006836
1724    -15263.046875
1725    -15263.085938
1726    -15263.125977
1727    -15263.166016
1728    -15263.206055
1729    -15263.244141
1730    -15263.285156
1731    -15263.324219
1732    -15263.363281
1733    -15263.402344
1734    -15263.443359
1735    -15263.482422
1736    -15263.521484
1737    -15263.561523
1738    -15263.601562
1739    -15263.641602
1740    -15263.680664
1741    -15263.719727
1742    -15263.759766
1743    -15263.798828
1744    -15263.837891
1745    -15263.877930
1746    -15263.917969
1747    -15263.957031
1748    -15263.996094
1749    -15264.035156
1750    -15264.074219
1751    -15264.113281
1752    -15264.153320
1753    -15264.192383
1754    -15264.232422
1755    -15264.271484
1756    -15264.310547
1757    -15264.349609
1758    -15264.388672
1759    -15264.427734
1760    -15264.467773
1761    -15264.506836
1762    -15264.545898
1763    -15264.585938
1764    -15264.625000
1765    -15264.663086
1766    -15264.701172
1767    -15264.740234
1768    -15264.778320
1769    -15264.817383
1770    -15264.855469
1771    -15264.894531
1772    -15264.933594
1773    -15264.971680
1774    -15265.009766
1775    -15265.048828
1776    -15265.085938
1777    -15265.125977
1778    -15265.164062
1779    -15265.203125
1780    -15265.241211
1781    -15265.279297
1782    -15265.318359
1783    -15265.357422
1784    -15265.394531
1785    -15265.433594
1786    -15265.472656
1787    -15265.511719
1788    -15265.549805
1789    -15265.588867
1790    -15265.626953
1791    -15265.666016
1792    -15265.705078
1793    -15265.742188
1794    -15265.781250
1795    -15265.820312
1796    -15265.859375
1797    -15265.898438
1798    -15265.935547
1799    -15265.974609
1800    -15266.013672
1801    -15266.052734
1802    -15266.090820
1803    -15266.128906
1804    -15266.167969
1805    -15266.207031
1806    -15266.246094
1807    -15266.285156
1808    -15266.324219
1809    -15266.362305
1810    -15266.401367
1811    -15266.439453
1812    -15266.478516
1813    -15266.517578
1814    -15266.556641
1815    -15266.595703
1816    -15266.634766
1817    -15266.673828
1818    -15266.712891
1819    -15266.751953
1820    -15266.791016
1821    -15266.829102
1822    -15266.868164
1823    -15266.908203
1824    -15266.947266
1825    -15266.986328
1826    -15267.024414
1827    -15267.064453
1828    -15267.103516
1829    -15267.142578
1830    -15267.181641
1831    -15267.220703
1832    -15267.259766
1833    -15267.298828
1834    -15267.338867
1835    -15267.377930
1836    -15267.417969
1837    -15267.457031
1838    -15267.497070
1839    -15267.535156
1840    -15267.574219
1841    -15267.613281
1842    -15267.652344
1843    -15267.692383
1844    -15267.731445
1845    -15267.771484
1846    -15267.809570
1847    -15267.849609
1848    -15267.888672
1849    -15267.927734
1850    -15267.966797
1851    -15268.005859
1852    -15268.044922
1853    -15268.085938
1854    -15268.125000
1855    -15268.164062
1856    -15268.203125
1857    -15268.243164
1858    -15268.283203
1859    -15268.322266
1860    -15268.362305
1861    -15268.401367
1862    -15268.441406
1863    -15268.481445
1864    -15268.521484
1865    -15268.561523
1866    -15268.601562
1867    -15268.640625
1868    -15268.680664
1869    -15268.721680
1870    -15268.761719
1871    -15268.800781
1872    -15268.841797
1873    -15268.881836
1874    -15268.921875
1875    -15268.962891
1876    -15269.001953
1877    -15269.042969
1878    -15269.083984
1879    -15269.123047
1880    -15269.164062
1881    -15269.205078
1882    -15269.246094
1883    -15269.286133
1884    -15269.326172
1885    -15269.367188
1886    -15269.408203
1887    -15269.449219
1888    -15269.490234
1889    -15269.531250
1890    -15269.572266
1891    -15269.613281
1892    -15269.654297
1893    -15269.695312
1894    -15269.736328
1895    -15269.777344
1896    -15269.818359
1897    -15269.860352
1898    -15269.901367
1899    -15269.943359
1900    -15269.984375
1901    -15270.025391
1902    -15270.067383
1903    -15270.109375
1904    -15270.150391
1905    -15270.193359
1906    -15270.234375
1907    -15270.275391
1908    -15270.318359
1909    -15270.360352
1910    -15270.402344
1911    -15270.445312
1912    -15270.486328
1913    -15270.528320
1914    -15270.570312
1915    -15270.613281
1916    -15270.656250
1917    -15270.697266
1918    -15270.740234
1919    -15270.783203
1920    -15270.826172
1921    -15270.869141
1922    -15270.912109
1923    -15270.954102
1924    -15270.997070
1925    -15271.041016
1926    -15271.083008
1927    -15271.125977
1928    -15271.167969
1929    -15271.211914
1930    -15271.253906
1931    -15271.296875
1932    -15271.339844
1933    -15271.382812
1934    -15271.425781
1935    -15271.469727
1936    -15271.512695
1937    -15271.556641
1938    -15271.599609
1939    -15271.642578
1940    -15271.686523
1941    -15271.729492
1942    -15271.773438
1943    -15271.817383
1944    -15271.860352
1945    -15271.904297
1946    -15271.949219
1947    -15271.992188
1948    -15272.036133
1949    -15272.080078
1950    -15272.125000
1951    -15272.168945
1952    -15272.212891
1953    -15272.257812
1954    -15272.302734
1955    -15272.347656
1956    -15272.391602
1957    -15272.435547
1958    -15272.480469
1959    -15272.525391
1960    -15272.570312
1961    -15272.616211
1962    -15272.661133
1963    -15272.707031
1964    -15272.750977
1965    -15272.796875
1966    -15272.841797
1967    -15272.886719
1968    -15272.932617
1969    -15272.978516
1970    -15273.024414
1971    -15273.070312
1972    -15273.116211
1973    -15273.162109
1974    -15273.208984
1975    -15273.254883
1976    -15273.300781
1977    -15273.346680
1978    -15273.392578
1979    -15273.437500
1980    -15273.484375
1981    -15273.529297
1982    -15273.576172
1983    -15273.622070
1984    -15273.668945
1985    -15273.713867
1986    -15273.761719
1987    -15273.806641
1988    -15273.853516
1989    -15273.900391
1990    -15273.947266
1991    -15273.993164
1992    -15274.041016
1993    -15274.087891
1994    -15274.134766
1995    -15274.181641
1996    -15274.228516
1997    -15274.276367
1998    -15274.324219
1999    -15274.371094
2000    -15274.418945
2001    -15274.464844
2002    -15274.513672
2003    -15274.562500
2004    -15274.609375
2005    -15274.657227
2006    -15274.705078
2007    -15274.753906
2008    -15274.801758
2009    -15274.849609
2010    -15274.898438
2011    -15274.946289
2012    -15274.996094
2013    -15275.043945
2014    -15275.092773
2015    -15275.141602
2016    -15275.190430
2017    -15275.240234
2018    -15275.289062
2019    -15275.337891
2020    -15275.387695
2021    -15275.437500
2022    -15275.486328
2023    -15275.536133
2024    -15275.585938
2025    -15275.635742
2026    -15275.684570
2027    -15275.735352
2028    -15275.785156
2029    -15275.834961
2030    -15275.884766
2031    -15275.935547
2032    -15275.985352
2033    -15276.036133
2034    -15276.087891
2035    -15276.137695
2036    -15276.187500
2037    -15276.238281
2038    -15276.290039
2039    -15276.339844
2040    -15276.391602
2041    -15276.443359
2042    -15276.494141
2043    -15276.544922
2044    -15276.596680
2045    -15276.649414
2046    -15276.699219
2047    -15276.751953
2048    -15276.802734
2049    -15276.855469
2050    -15276.907227
2051    -15276.958984
2052    -15277.010742
2053    -15277.062500
2054    -15277.115234
2055    -15277.167969
2056    -15277.220703
2057    -15277.272461
2058    -15277.326172
2059    -15277.377930
2060    -15277.430664
2061    -15277.483398
2062    -15277.535156
2063    -15277.588867
2064    -15277.642578
2065    -15277.695312
2066    -15277.748047
2067    -15277.800781
2068    -15277.854492
2069    -15277.908203
2070    -15277.961914
2071    -15278.014648
2072    -15278.068359
2073    -15278.123047
2074    -15278.175781
2075    -15278.228516
2076    -15278.283203
2077    -15278.336914
2078    -15278.391602
2079    -15278.445312
2080    -15278.499023
2081    -15278.553711
2082    -15278.608398
2083    -15278.663086
2084    -15278.715820
2085    -15278.771484
2086    -15278.826172
2087    -15278.880859
2088    -15278.934570
2089    -15278.990234
2090    -15279.044922
2091    -15279.098633
2092    -15279.154297
2093    -15279.208984
2094    -15279.263672
2095    -15279.318359
2096    -15279.374023
2097    -15279.428711
2098    -15279.484375
2099    -15279.539062
2100    -15279.594727
2101    -15279.650391
2102    -15279.705078
2103    -15279.761719
2104    -15279.816406
2105    -15279.871094
2106    -15279.927734
2107    -15279.982422
2108    -15280.037109
2109    -15280.092773
2110    -15280.148438
2111    -15280.203125
2112    -15280.258789
2113    -15280.314453
2114    -15280.369141
2115    -15280.423828
2116    -15280.480469
2117    -15280.535156
2118    -15280.589844
2119    -15280.645508
2120    -15280.701172
2121    -15280.755859
2122    -15280.812500
2123    -15280.868164
2124    -15280.923828
2125    -15280.978516
2126    -15281.035156
2127    -15281.089844
2128    -15281.146484
2129    -15281.201172
2130    -15281.256836
2131    -15281.312500
2132    -15281.367188
2133    -15281.423828
2134    -15281.479492
2135    -15281.534180
2136    -15281.590820
2137    -15281.645508
2138    -15281.701172
2139    -15281.755859
2140    -15281.810547
2141    -15281.865234
2142    -15281.917969
2143    -15281.970703
2144    -15282.023438
2145    -15282.077148
2146    -15282.130859
2147    -15282.183594
2148    -15282.236328
2149    -15282.291016
2150    -15282.343750
2151    -15282.396484
2152    -15282.450195
2153    -15282.502930
2154    -15282.556641
2155    -15282.609375
2156    -15282.662109
2157    -15282.715820
2158    -15282.768555
2159    -15282.821289
2160    -15282.875000
2161    -15282.927734
2162    -15282.981445
2163    -15283.034180
2164    -15283.087891
2165    -15283.139648
2166    -15283.193359
2167    -15283.246094
2168    -15283.298828
2169    -15283.352539
2170    -15283.405273
2171    -15283.458008
2172    -15283.509766
2173    -15283.563477
2174    -15283.615234
2175    -15283.668945
2176    -15283.720703
2177    -15283.773438
2178    -15283.826172
2179    -15283.878906
2180    -15283.931641
2181    -15283.983398
2182    -15284.034180
2183    -15284.085938
2184    -15284.135742
2185    -15284.186523
2186    -15284.237305
2187    -15284.287109
2188    -15284.337891
2189    -15284.388672
2190    -15284.439453
2191    -15284.490234
2192    -15284.541016
2193    -15284.590820
2194    -15284.640625
2195    -15284.691406
2196    -15284.742188
2197    -15284.791992
2198    -15284.842773
2199    -15284.892578
2200    -15284.942383
2201    -15284.992188
2202    -15285.042969
2203    -15285.092773
2204    -15285.142578
2205    -15285.193359
2206    -15285.242188
2207    -15285.291992
2208    -15285.342773
2209    -15285.392578
2210    -15285.441406
2211    -15285.491211
2212    -15285.541016
2213    -15285.590820
2214    -15285.640625
2215    -15285.690430
2216    -15285.740234
2217    -15285.788086
2218    -15285.837891
2219    -15285.886719
2220    -15285.935547
2221    -15285.984375
2222    -15286.033203
2223    -15286.082031
2224    -15286.129883
2225    -15286.177734
2226    -15286.227539
2227    -15286.275391
2228    -15286.324219
2229    -15286.372070
2230    -15286.421875
2231    -15286.468750
2232    -15286.517578
2233    -15286.566406
2234    -15286.613281
2235    -15286.662109
2236    -15286.708984
2237    -15286.757812
2238    -15286.804688
2239    -15286.853516
2240    -15286.900391
2241    -15286.949219
2242    -15286.996094
2243    -15287.042969
2244    -15287.089844
2245    -15287.136719
2246    -15287.184570
2247    -15287.231445
2248    -15287.277344
2249    -15287.324219
2250    -15287.370117
2251    -15287.417969
2252    -15287.463867
2253    -15287.510742
2254    -15287.556641
2255    -15287.603516
2256    -15287.650391
2257    -15287.696289
2258    -15287.742188
2259    -15287.789062
2260    -15287.833984
2261    -15287.879883
2262    -15287.926758
2263    -15287.972656
2264    -15288.018555
2265    -15288.064453
2266    -15288.109375
2267    -15288.156250
2268    -15288.201172
2269    -15288.247070
2270    -15288.292969
2271    -15288.338867
2272    -15288.383789
2273    -15288.429688
2274    -15288.474609
2275    -15288.519531
2276    -15288.565430
2277    -15288.610352
2278    -15288.656250
2279    -15288.701172
2280    -15288.746094
2281    -15288.791016
2282    -15288.835938
2283    -15288.880859
2284    -15288.925781
2285    -15288.970703
2286    -15289.015625
2287    -15289.060547
2288    -15289.105469
2289    -15289.150391
2290    -15289.194336
2291    -15289.240234
2292    -15289.283203
2293    -15289.329102
2294    -15289.373047
2295    -15289.417969
2296    -15289.460938
2297    -15289.505859
2298    -15289.548828
2299    -15289.591797
2300    -15289.636719
2301    -15289.679688
2302    -15289.722656
2303    -15289.767578
2304    -15289.810547
2305    -15289.852539
2306    -15289.896484
2307    -15289.940430
2308    -15289.983398
2309    -15290.027344
2310    -15290.070312
2311    -15290.113281
2312    -15290.157227
2313    -15290.200195
2314    -15290.243164
2315    -15290.286133
2316    -15290.330078
2317    -15290.373047
2318    -15290.416016
2319    -15290.458984
2320    -15290.501953
2321    -15290.545898
2322    -15290.588867
2323    -15290.631836
2324    -15290.675781
2325    -15290.717773
2326    -15290.760742
2327    -15290.803711
2328    -15290.846680
2329    -15290.889648
2330    -15290.932617
2331    -15290.975586
2332    -15291.018555
2333    -15291.062500
2334    -15291.104492
2335    -15291.148438
2336    -15291.191406
2337    -15291.234375
2338    -15291.277344
2339    -15291.320312
2340    -15291.363281
2341    -15291.406250
2342    -15291.449219
2343    -15291.492188
2344    -15291.535156
2345    -15291.578125
2346    -15291.621094
2347    -15291.665039
2348    -15291.708008
2349    -15291.750977
2350    -15291.793945
2351    -15291.837891
2352    -15291.880859
2353    -15291.923828
2354    -15291.966797
2355    -15292.010742
2356    -15292.054688
2357    -15292.097656
2358    -15292.140625
2359    -15292.183594
2360    -15292.227539
2361    -15292.270508
2362    -15292.314453
2363    -15292.357422
2364    -15292.398438
2365    -15292.438477
2366    -15292.478516
2367    -15292.519531
2368    -15292.560547
2369    -15292.600586
2370    -15292.640625
2371    -15292.681641
2372    -15292.721680
2373    -15292.762695
2374    -15292.802734
2375    -15292.844727
2376    -15292.884766
2377    -15292.925781
2378    -15292.966797
2379    -15293.007812
2380    -15293.048828
2381    -15293.089844
2382    -15293.130859
2383    -15293.172852
2384    -15293.212891
2385    -15293.254883
2386    -15293.296875
2387    -15293.337891
2388    -15293.378906
2389    -15293.420898
2390    -15293.462891
2391    -15293.504883
2392    -15293.546875
2393    -15293.587891
2394    -15293.630859
2395    -15293.671875
2396    -15293.714844
2397    -15293.757812
2398    -15293.798828
2399    -15293.841797
2400    -15293.884766
2401    -15293.927734
2402    -15293.968750
2403    -15294.011719
2404    -15294.054688
2405    -15294.097656
2406    -15294.140625
2407    -15294.183594
2408    -15294.226562
2409    -15294.269531
2410    -15294.313477
2411    -15294.356445
2412    -15294.400391
2413    -15294.444336
2414    -15294.487305
2415    -15294.531250
2416    -15294.574219
2417    -15294.618164
2418    -15294.660156
2419    -15294.705078
2420    -15294.748047
2421    -15294.791016
2422    -15294.835938
2423    -15294.879883
2424    -15294.923828
2425    -15294.968750
2426    -15295.012695
2427    -15295.056641
2428    -15295.100586
2429    -15295.145508
2430    -15295.190430
2431    -15295.234375
2432    -15295.280273
2433    -15295.324219
2434    -15295.369141
2435    -15295.414062
2436    -15295.458984
2437    -15295.504883
2438    -15295.550781
2439    -15295.595703
2440    -15295.640625
2441    -15295.687500
2442    -15295.732422
2443    -15295.779297
2444    -15295.824219
2445    -15295.871094
2446    -15295.916992
2447    -15295.962891
2448    -15296.008789
2449    -15296.055664
2450    -15296.102539
2451    -15296.148438
2452    -15296.195312
2453    -15296.242188
2454    -15296.289062
2455    -15296.335938
2456    -15296.382812
2457    -15296.429688
2458    -15296.476562
2459    -15296.523438
2460    -15296.571289
2461    -15296.619141
2462    -15296.666016
2463    -15296.712891
2464    -15296.761719
2465    -15296.808594
2466    -15296.856445
2467    -15296.903320
2468    -15296.949219
2469    -15296.998047
2470    -15297.044922
2471    -15297.091797
2472    -15297.139648
2473    -15297.187500
2474    -15297.233398
2475    -15297.281250
2476    -15297.330078
2477    -15297.376953
2478    -15297.423828
2479    -15297.472656
2480    -15297.520508
2481    -15297.568359
2482    -15297.615234
2483    -15297.664062
2484    -15297.712891
2485    -15297.759766
2486    -15297.808594
2487    -15297.855469
2488    -15297.904297
2489    -15297.953125
2490    -15298.000977
2491    -15298.048828
2492    -15298.096680
2493    -15298.145508
2494    -15298.193359
2495    -15298.242188
2496    -15298.290039
2497    -15298.338867
2498    -15298.386719
2499    -15298.435547
2500    -15298.484375
2501    -15298.532227
2502    -15298.580078
2503    -15298.628906
2504    -15298.677734
2505    -15298.726562
2506    -15298.774414
2507    -15298.822266
2508    -15298.871094
2509    -15298.918945
2510    -15298.967773
2511    -15299.015625
2512    -15299.064453
2513    -15299.113281
2514    -15299.160156
2515    -15299.208008
2516    -15299.255859
2517    -15299.304688
2518    -15299.351562
2519    -15299.398438
2520    -15299.447266
2521    -15299.494141
2522    -15299.541992
2523    -15299.589844
2524    -15299.636719
2525    -15299.684570
2526    -15299.731445
2527    -15299.779297
2528    -15299.826172
2529    -15299.874023
2530    -15299.920898
2531    -15299.968750
2532    -15300.015625
2533    -15300.061523
2534    -15300.109375
2535    -15300.155273
2536    -15300.202148
2537    -15300.249023
2538    -15300.295898
2539    -15300.341797
2540    -15300.387695
2541    -15300.434570
2542    -15300.481445
2543    -15300.527344
2544    -15300.573242
2545    -15300.619141
2546    -15300.666016
2547    -15300.710938
2548    -15300.756836
2549    -15300.802734
2550    -15300.847656
2551    -15300.892578
2552    -15300.939453
2553    -15300.984375
2554    -15301.029297
2555    -15301.074219
2556    -15301.119141
2557    -15301.164062
2558    -15301.208984
2559    -15301.253906
2560    -15301.298828
2561    -15301.341797
2562    -15301.386719
2563    -15301.431641
2564    -15301.474609
2565    -15301.518555
2566    -15301.562500
2567    -15301.605469
2568    -15301.650391
2569    -15301.692383
2570    -15301.736328
2571    -15301.779297
2572    -15301.822266
2573    -15301.865234
2574    -15301.909180
2575    -15301.951172
2576    -15301.994141
2577    -15302.036133
2578    -15302.078125
2579    -15302.121094
2580    -15302.163086
2581    -15302.205078
2582    -15302.246094
2583    -15302.288086
2584    -15302.330078
2585    -15302.371094
2586    -15302.412109
2587    -15302.453125
2588    -15302.494141
2589    -15302.535156
2590    -15302.576172
2591    -15302.617188
2592    -15302.656250
2593    -15302.697266
2594    -15302.738281
2595    -15302.777344
2596    -15302.818359
2597    -15302.855469
2598    -15302.892578
2599    -15302.929688
2600    -15302.966797
2601    -15303.002930
2602    -15303.040039
2603    -15303.076172
2604    -15303.113281
2605    -15303.150391
2606    -15303.186523
2607    -15303.221680
2608    -15303.258789
2609    -15303.292969
2610    -15303.328125
2611    -15303.364258
2612    -15303.400391
2613    -15303.435547
2614    -15303.470703
2615    -15303.505859
2616    -15303.540039
2617    -15303.575195
2618    -15303.609375
2619    -15303.645508
2620    -15303.679688
2621    -15303.712891
2622    -15303.748047
2623    -15303.781250
2624    -15303.816406
2625    -15303.849609
2626    -15303.883789
2627    -15303.916992
2628    -15303.950195
2629    -15303.982422
2630    -15304.017578
2631    -15304.050781
2632    -15304.083984
2633    -15304.116211
2634    -15304.148438
2635    -15304.181641
2636    -15304.212891
2637    -15304.247070
2638    -15304.279297
2639    -15304.311523
2640    -15304.343750
2641    -15304.375000
2642    -15304.407227
2643    -15304.439453
2644    -15304.470703
2645    -15304.501953
2646    -15304.533203
2647    -15304.564453
2648    -15304.595703
2649    -15304.626953
2650    -15304.658203
2651    -15304.688477
2652    -15304.719727
2653    -15304.750000
2654    -15304.781250
2655    -15304.812500
2656    -15304.841797
2657    -15304.873047
2658    -15304.902344
2659    -15304.933594
2660    -15304.962891
2661    -15304.992188
2662    -15305.023438
2663    -15305.052734
2664    -15305.082031
2665    -15305.111328
2666    -15305.140625
2667    -15305.169922
2668    -15305.199219
2669    -15305.228516
2670    -15305.258789
2671    -15305.287109
2672    -15305.316406
2673    -15305.345703
2674    -15305.374023
2675    -15305.402344
2676    -15305.430664
2677    -15305.458984
2678    -15305.488281
2679    -15305.515625
2680    -15305.544922
2681    -15305.573242
2682    -15305.600586
2683    -15305.628906
2684    -15305.656250
2685    -15305.683594
2686    -15305.712891
2687    -15305.739258
2688    -15305.767578
2689    -15305.794922
2690    -15305.822266
2691    -15305.849609
2692    -15305.876953
2693    -15305.904297
2694    -15305.931641
2695    -15305.958984
2696    -15305.986328
2697    -15306.011719
2698    -15306.039062
2699    -15306.066406
2700    -15306.092773
2701    -15306.120117
2702    -15306.146484
2703    -15306.171875
2704    -15306.199219
2705    -15306.225586
2706    -15306.251953
2707    -15306.277344
2708    -15306.304688
2709    -15306.330078
2710    -15306.356445
2711    -15306.382812
2712    -15306.409180
2713    -15306.433594
2714    -15306.460938
2715    -15306.486328
2716    -15306.511719
2717    -15306.537109
2718    -15306.562500
2719    -15306.587891
2720    -15306.613281
2721    -15306.638672
2722    -15306.664062
2723    -15306.689453
2724    -15306.714844
2725    -15306.740234
2726    -15306.765625
2727    -15306.791016
2728    -15306.815430
2729    -15306.840820
2730    -15306.865234
2731    -15306.890625
2732    -15306.915039
2733    -15306.939453
2734    -15306.963867
2735    -15306.989258
2736    -15307.013672
2737    -15307.038086
2738    -15307.062500
2739    -15307.087891
2740    -15307.111328
2741    -15307.136719
2742    -15307.160156
2743    -15307.184570
2744    -15307.208008
2745    -15307.232422
2746    -15307.256836
2747    -15307.280273
2748    -15307.303711
2749    -15307.326172
2750    -15307.349609
2751    -15307.373047
2752    -15307.396484
2753    -15307.418945
2754    -15307.441406
2755    -15307.464844
2756    -15307.488281
2757    -15307.509766
2758    -15307.533203
2759    -15307.556641
2760    -15307.580078
2761    -15307.601562
2762    -15307.624023
2763    -15307.646484
2764    -15307.667969
2765    -15307.691406
2766    -15307.712891
2767    -15307.733398
2768    -15307.753906
2769    -15307.773438
2770    -15307.792969
2771    -15307.813477
2772    -15307.833008
2773    -15307.853516
2774    -15307.873047
2775    -15307.892578
2776    -15307.912109
2777    -15307.931641
2778    -15307.951172
2779    -15307.970703
2780    -15307.990234
2781    -15308.009766
2782    -15308.029297
2783    -15308.048828
2784    -15308.068359
2785    -15308.087891
2786    -15308.107422
2787    -15308.126953
2788    -15308.146484
2789    -15308.166016
2790    -15308.184570
2791    -15308.205078
2792    -15308.222656
2793    -15308.242188
2794    -15308.260742
2795    -15308.281250
2796    -15308.299805
2797    -15308.319336
2798    -15308.337891
2799    -15308.357422
2800    -15308.376953
2801    -15308.394531
2802    -15308.414062
2803    -15308.432617
2804    -15308.451172
2805    -15308.470703
2806    -15308.488281
2807    -15308.507812
2808    -15308.526367
2809    -15308.544922
2810    -15308.563477
2811    -15308.582031
2812    -15308.600586
2813    -15308.619141
2814    -15308.637695
2815    -15308.656250
2816    -15308.675781
2817    -15308.694336
2818    -15308.711914
2819    -15308.731445
2820    -15308.749023
2821    -15308.767578
2822    -15308.786133
2823    -15308.803711
2824    -15308.822266
2825    -15308.839844
2826    -15308.859375
2827    -15308.875977
2828    -15308.894531
2829    -15308.913086
2830    -15308.931641
2831    -15308.949219
2832    -15308.966797
2833    -15308.985352
2834    -15309.002930
2835    -15309.020508
2836    -15309.039062
2837    -15309.054688
2838    -15309.070312
2839    -15309.086914
2840    -15309.102539
2841    -15309.119141
2842    -15309.134766
2843    -15309.150391
2844    -15309.166016
2845    -15309.183594
2846    -15309.198242
2847    -15309.214844
2848    -15309.230469
2849    -15309.246094
2850    -15309.261719
2851    -15309.277344
2852    -15309.293945
2853    -15309.308594
2854    -15309.323242
2855    -15309.339844
2856    -15309.355469
2857    -15309.370117
2858    -15309.386719
2859    -15309.402344
2860    -15309.416992
2861    -15309.432617
2862    -15309.447266
2863    -15309.463867
2864    -15309.478516
2865    -15309.494141
2866    -15309.509766
2867    -15309.525391
2868    -15309.541016
2869    -15309.555664
2870    -15309.570312
2871    -15309.585938
2872    -15309.600586
2873    -15309.617188
2874    -15309.631836
2875    -15309.646484
2876    -15309.662109
2877    -15309.675781
2878    -15309.691406
2879    -15309.707031
2880    -15309.721680
2881    -15309.737305
2882    -15309.751953
2883    -15309.767578
2884    -15309.782227
2885    -15309.796875
2886    -15309.812500
2887    -15309.826172
2888    -15309.840820
2889    -15309.856445
2890    -15309.871094
2891    -15309.885742
2892    -15309.900391
2893    -15309.916016
2894    -15309.929688
2895    -15309.945312
2896    -15309.958984
2897    -15309.974609
2898    -15309.989258
2899    -15310.003906
2900    -15310.019531
2901    -15310.033203
2902    -15310.048828
2903    -15310.062500
2904    -15310.077148
2905    -15310.091797
2906    -15310.106445
2907    -15310.121094
2908    -15310.134766
2909    -15310.150391
2910    -15310.164062
2911    -15310.178711
2912    -15310.193359
2913    -15310.208008
2914    -15310.222656
2915    -15310.236328
2916    -15310.251953
2917    -15310.265625
2918    -15310.279297
2919    -15310.294922
2920    -15310.308594
2921    -15310.322266
2922    -15310.337891
2923    -15310.351562
2924    -15310.367188
2925    -15310.380859
2926    -15310.394531
2927    -15310.408203
2928    -15310.423828
2929    -15310.437500
2930    -15310.452148
2931    -15310.466797
2932    -15310.480469
2933    -15310.494141
2934    -15310.508789
2935    -15310.523438
2936    -15310.539062
2937    -15310.551758
2938    -15310.566406
2939    -15310.581055
2940    -15310.594727
2941    -15310.609375
2942    -15310.623047
2943    -15310.637695
2944    -15310.652344
2945    -15310.666016
2946    -15310.680664
2947    -15310.694336
2948    -15310.708984
2949    -15310.723633
2950    -15310.736328
2951    -15310.751953
2952    -15310.763672
2953    -15310.776367
2954    -15310.787109
