Step            Loss
--------------------
1       -10069.914062
2       -13467.839844
3       -16866.900391
4       -20262.041016
5       -23658.138672
6       -27059.210938
7       -30459.882812
8       -33857.847656
9       -37258.453125
10      -40658.281250
11      -44056.765625
12      -47457.695312
13      -50858.015625
14      -54263.152344
15      -57668.187500
16      -61070.718750
17      -64475.328125
18      -67883.718750
19      -71291.765625
20      -74699.937500
21      -78114.171875
22      -81526.218750
23      -84943.664062
24      -88355.046875
25      -91781.070312
26      -95199.898438
27      -98624.640625
28      -102052.382812
29      -105483.335938
30      -108915.062500
31      -112346.804688
32      -115788.156250
33      -119232.203125
34      -122675.859375
35      -126126.234375
36      -129577.585938
37      -133032.203125
38      -136496.531250
39      -139958.625000
40      -143425.468750
41      -146900.937500
42      -150380.296875
43      -153860.031250
44      -157350.000000
45      -160840.609375
46      -164336.750000
47      -167843.218750
48      -171345.750000
49      -174858.562500
50      -178376.718750
51      -181901.281250
52      -185425.546875
53      -188964.312500
54      -192504.859375
55      -196052.890625
56      -199605.031250
57      -203160.875000
58      -206729.734375
59      -210301.625000
60      -213881.281250
61      -217464.531250
62      -221055.750000
63      -224654.937500
64      -228258.484375
65      -231870.343750
66      -235487.125000
67      -239113.968750
68      -242744.750000
69      -246386.734375
70      -250032.687500
71      -253688.500000
72      -257349.343750
73      -261013.781250
74      -264693.250000
75      -268374.531250
76      -272065.250000
77      -275761.312500
78      -279470.062500
79      -283184.312500
80      -286904.437500
81      -290634.812500
82      -294370.562500
83      -298110.250000
84      -301865.937500
85      -305625.968750
86      -309395.250000
87      -313168.156250
88      -316952.000000
89      -320742.937500
90      -324537.156250
91      -328349.812500
92      -332159.750000
93      -335985.750000
94      -339815.750000
95      -343652.031250
96      -347496.656250
97      -351352.812500
98      -355211.531250
99      -359081.125000
100     -362957.562500
101     -366842.718750
102     -370735.437500
103     -374636.343750
104     -378542.437500
105     -382455.625000
106     -386383.625000
107     -390312.156250
108     -394250.250000
109     -398199.500000
110     -402148.562500
111     -406108.687500
112     -410081.375000
113     -414055.187500
114     -418035.062500
115     -422033.437500
116     -426027.437500
117     -430030.375000
118     -434045.718750
119     -438065.250000
120     -442095.656250
121     -446120.687500
122     -450163.843750
123     -454212.093750
124     -458261.875000
125     -462325.312500
126     -466394.531250
127     -470463.750000
128     -474550.375000
129     -478635.000000
130     -482726.937500
131     -486826.250000
132     -490930.312500
133     -495043.500000
134     -499163.843750
135     -503284.312500
136     -507418.187500
137     -511549.375000
138     -515697.187500
139     -519840.031250
140     -523996.375000
141     -528152.812500
142     -532316.937500
143     -536488.937500
144     -540661.125000
145     -544838.437500
146     -549028.125000
147     -553212.250000
148     -557407.187500
149     -561601.375000
150     -565813.625000
151     -570018.375000
152     -574228.375000
153     -578443.500000
154     -582664.000000
155     -586894.000000
156     -591121.125000
157     -595349.500000
158     -599586.937500
159     -603824.062500
160     -608073.500000
161     -612317.687500
162     -616569.687500
163     -620812.625000
164     -625076.250000
165     -629332.375000
166     -633596.937500
167     -637857.625000
168     -642125.500000
169     -646393.375000
170     -650664.937500
171     -654943.000000
172     -659218.437500
173     -663495.812500
174     -667768.687500
175     -672056.750000
176     -676337.937500
177     -680624.125000
178     -684910.500000
179     -689196.312500
180     -693488.062500
181     -697773.625000
182     -702061.625000
183     -706353.625000
184     -710644.562500
185     -714937.312500
186     -719232.250000
187     -723520.375000
188     -727809.500000
189     -732104.500000
190     -736399.250000
191     -740687.875000
192     -744975.875000
193     -749268.875000
194     -753558.750000
195     -757849.125000
196     -762137.250000
197     -766421.750000
198     -770712.000000
199     -774989.750000
200     -779277.000000
201     -783559.062500
202     -787838.375000
203     -792112.250000
204     -796383.625000
205     -800665.375000
206     -804937.875000
207     -809203.937500
208     -813475.000000
209     -817739.562500
210     -821998.875000
211     -826259.000000
212     -830514.000000
213     -834767.000000
214     -839014.625000
215     -843261.437500
216     -847502.250000
217     -851744.437500
218     -855978.625000
219     -860206.375000
220     -864431.500000
221     -868657.250000
222     -872879.375000
223     -877092.437500
224     -881301.375000
225     -885509.500000
226     -889708.437500
227     -893910.375000
228     -898099.750000
229     -902290.625000
230     -906470.187500
231     -910646.000000
232     -914822.875000
233     -918983.562500
234     -923142.250000
235     -927299.375000
236     -931447.000000
237     -935589.500000
238     -939728.812500
239     -943859.875000
240     -947978.250000
241     -952103.125000
242     -956208.062500
243     -960315.625000
244     -964419.875000
245     -968507.625000
246     -972592.687500
247     -976668.812500
248     -980742.875000
249     -984810.437500
250     -988866.562500
251     -992915.062500
252     -996964.875000
253     -1000995.750000
254     -1005021.312500
255     -1009039.000000
256     -1013051.437500
257     -1017054.625000
258     -1021049.312500
259     -1025038.937500
260     -1029017.062500
261     -1032986.375000
262     -1036952.125000
263     -1040911.375000
264     -1044853.750000
265     -1048788.750000
266     -1052718.250000
267     -1056645.750000
268     -1060551.875000
269     -1064452.875000
270     -1068352.000000
271     -1072229.500000
272     -1076107.500000
273     -1079973.500000
274     -1083838.250000
275     -1087675.000000
276     -1091514.500000
277     -1095343.750000
278     -1099170.500000
279     -1102981.125000
280     -1106782.625000
281     -1110570.250000
282     -1114352.250000
283     -1118122.750000
284     -1121879.750000
285     -1125636.250000
286     -1129380.250000
287     -1133107.375000
288     -1136826.750000
289     -1140535.000000
290     -1144233.875000
291     -1147928.500000
292     -1151600.125000
293     -1155269.000000
294     -1158928.750000
295     -1162574.500000
296     -1166210.500000
297     -1169838.500000
298     -1173454.000000
299     -1177060.250000
300     -1180649.000000
301     -1184229.000000
302     -1187805.000000
303     -1191364.250000
304     -1194909.500000
305     -1198449.375000
306     -1201975.750000
307     -1205487.125000
308     -1208989.625000
309     -1212478.250000
310     -1215964.125000
311     -1219424.375000
312     -1222887.375000
313     -1226330.000000
314     -1229767.500000
315     -1233187.250000
316     -1236597.250000
317     -1240002.250000
318     -1243381.875000
319     -1246759.875000
320     -1250118.875000
321     -1253467.125000
322     -1256817.875000
323     -1260146.375000
324     -1263460.000000
325     -1266758.875000
326     -1270054.125000
327     -1273332.750000
328     -1276600.750000
329     -1279850.250000
330     -1283100.250000
331     -1286321.750000
332     -1289544.250000
333     -1292745.125000
334     -1295936.500000
335     -1299121.750000
336     -1302288.625000
337     -1305446.000000
338     -1308588.125000
339     -1311713.500000
340     -1314833.000000
341     -1317939.625000
342     -1321030.625000
343     -1324114.000000
344     -1327178.500000
345     -1330237.625000
346     -1333276.375000
347     -1336309.250000
348     -1339325.625000
349     -1342332.125000
350     -1345327.750000
351     -1348317.250000
352     -1351279.500000
353     -1354238.500000
354     -1357179.125000
355     -1360109.000000
356     -1363028.500000
357     -1365934.500000
358     -1368822.875000
359     -1371705.500000
360     -1374575.500000
361     -1377426.000000
362     -1380275.875000
363     -1383109.250000
364     -1385932.750000
365     -1388732.000000
366     -1391521.750000
367     -1394304.750000
368     -1397068.625000
369     -1399816.750000
370     -1402561.500000
371     -1405289.000000
372     -1408001.500000
373     -1410704.000000
374     -1413396.000000
375     -1416066.500000
376     -1418735.250000
377     -1421383.000000
378     -1424013.500000
379     -1426641.875000
380     -1429246.750000
381     -1431846.750000
382     -1434435.000000
383     -1437013.125000
384     -1439570.500000
385     -1442122.000000
386     -1444647.750000
387     -1447170.625000
388     -1449678.750000
389     -1452173.000000
390     -1454658.500000
391     -1457128.125000
392     -1459581.750000
393     -1462024.125000
394     -1464452.875000
395     -1466871.375000
396     -1469276.875000
397     -1471665.500000
398     -1474041.625000
399     -1476406.875000
400     -1478758.250000
401     -1481099.250000
402     -1483423.625000
403     -1485734.750000
404     -1488034.000000
405     -1490321.500000
406     -1492593.000000
407     -1494862.875000
408     -1497116.250000
409     -1499359.750000
410     -1501578.500000
411     -1503789.000000
412     -1505992.000000
413     -1508180.750000
414     -1510358.375000
415     -1512523.125000
416     -1514674.125000
417     -1516811.250000
418     -1518942.750000
419     -1521052.000000
420     -1523149.500000
421     -1525239.000000
422     -1527318.250000
423     -1529387.750000
424     -1531438.125000
425     -1533481.250000
426     -1535510.500000
427     -1537522.000000
428     -1539521.000000
429     -1541514.750000
430     -1543496.000000
431     -1545458.500000
432     -1547415.250000
433     -1549363.250000
434     -1551293.375000
435     -1553206.875000
436     -1555113.750000
437     -1557008.000000
438     -1558886.125000
439     -1560756.750000
440     -1562614.250000
441     -1564457.000000
442     -1566289.500000
443     -1568108.750000
444     -1569921.625000
445     -1571723.500000
446     -1573509.750000
447     -1575287.250000
448     -1577044.250000
449     -1578803.250000
450     -1580542.750000
451     -1582270.250000
452     -1583987.750000
453     -1585700.375000
454     -1587394.750000
455     -1589072.750000
456     -1590749.250000
457     -1592412.750000
458     -1594056.375000
459     -1595696.750000
460     -1597332.625000
461     -1598943.250000
462     -1600548.250000
463     -1602138.125000
464     -1603718.125000
465     -1605286.500000
466     -1606842.500000
467     -1608383.750000
468     -1609923.500000
469     -1611450.000000
470     -1612963.500000
471     -1614467.250000
472     -1615958.875000
473     -1617440.125000
474     -1618903.250000
475     -1620363.750000
476     -1621814.500000
477     -1623248.500000
478     -1624675.250000
479     -1626094.000000
480     -1627502.000000
481     -1628893.750000
482     -1630276.750000
483     -1631649.000000
484     -1633011.750000
485     -1634367.125000
486     -1635705.375000
487     -1637036.000000
488     -1638359.750000
489     -1639672.250000
490     -1640972.250000
491     -1642272.125000
492     -1643548.500000
493     -1644816.000000
494     -1646075.875000
495     -1647328.750000
496     -1648572.875000
497     -1649807.625000
498     -1651026.500000
499     -1652238.500000
500     -1653446.125000
501     -1654639.000000
502     -1655824.750000
503     -1656999.625000
504     -1658170.250000
505     -1659331.375000
506     -1660480.250000
507     -1661625.500000
508     -1662755.375000
509     -1663869.000000
510     -1664992.375000
511     -1666091.000000
512     -1667187.250000
513     -1668268.875000
514     -1669348.250000
515     -1670417.500000
516     -1671469.375000
517     -1672525.750000
518     -1673565.000000
519     -1674596.125000
520     -1675620.375000
521     -1676635.750000
522     -1677643.750000
523     -1678648.000000
524     -1679638.625000
525     -1680624.500000
526     -1681603.125000
527     -1682564.125000
528     -1683517.250000
529     -1684471.250000
530     -1685408.125000
531     -1686345.375000
532     -1687274.125000
533     -1688194.500000
534     -1689101.500000
535     -1690002.000000
536     -1690899.000000
537     -1691788.500000
538     -1692663.250000
539     -1693532.500000
540     -1694391.875000
541     -1695250.875000
542     -1696103.750000
543     -1696938.250000
544     -1697771.500000
545     -1698597.875000
546     -1699422.000000
547     -1700228.000000
548     -1701040.250000
549     -1701836.750000
550     -1702632.000000
551     -1703419.750000
552     -1704198.125000
553     -1704973.500000
554     -1705736.250000
555     -1706498.500000
556     -1707260.500000
557     -1708002.750000
558     -1708743.250000
559     -1709475.000000
560     -1710199.000000
561     -1710919.375000
562     -1711632.500000
563     -1712342.500000
564     -1713037.250000
565     -1713729.250000
566     -1714420.000000
567     -1715104.000000
568     -1715774.625000
569     -1716446.750000
570     -1717105.000000
571     -1717761.875000
572     -1718413.750000
573     -1719058.750000
574     -1719697.750000
575     -1720329.125000
576     -1720960.500000
577     -1721586.375000
578     -1722199.250000
579     -1722810.750000
580     -1723418.250000
581     -1724015.250000
582     -1724608.625000
583     -1725198.250000
584     -1725778.875000
585     -1726356.000000
586     -1726931.500000
587     -1727495.250000
588     -1728057.250000
589     -1728612.375000
590     -1729168.250000
591     -1729716.000000
592     -1730256.625000
593     -1730792.500000
594     -1731328.500000
595     -1731856.250000
596     -1732375.750000
597     -1732895.750000
598     -1733410.000000
599     -1733919.875000
600     -1734425.000000
601     -1734927.375000
602     -1735421.500000
603     -1735915.500000
604     -1736407.625000
605     -1736886.000000
606     -1737369.000000
607     -1737844.000000
608     -1738315.625000
609     -1738783.750000
610     -1739245.250000
611     -1739701.500000
612     -1740159.125000
613     -1740604.500000
614     -1741052.125000
615     -1741491.000000
616     -1741930.750000
617     -1742363.250000
618     -1742785.750000
619     -1743214.875000
620     -1743632.375000
621     -1744049.250000
622     -1744459.500000
623     -1744865.750000
624     -1745274.625000
625     -1745673.625000
626     -1746072.000000
627     -1746468.000000
628     -1746859.125000
629     -1747246.500000
630     -1747630.750000
631     -1748011.875000
632     -1748391.750000
633     -1748763.750000
634     -1749135.625000
635     -1749504.000000
636     -1749867.250000
637     -1750230.875000
638     -1750586.500000
639     -1750941.750000
640     -1751295.000000
641     -1751641.500000
642     -1751983.500000
643     -1752324.750000
644     -1752664.875000
645     -1753000.000000
646     -1753333.750000
647     -1753660.875000
648     -1753989.750000
649     -1754315.625000
650     -1754636.125000
651     -1754955.000000
652     -1755269.375000
653     -1755582.750000
654     -1755894.250000
655     -1756202.500000
656     -1756504.875000
657     -1756809.250000
658     -1757107.000000
659     -1757405.250000
660     -1757697.750000
661     -1757989.125000
662     -1758280.250000
663     -1758567.250000
664     -1758851.250000
665     -1759134.500000
666     -1759412.250000
667     -1759691.000000
668     -1759967.250000
669     -1760238.875000
670     -1760509.875000
671     -1760777.500000
672     -1761042.375000
673     -1761306.375000
674     -1761570.750000
675     -1761828.250000
676     -1762085.250000
677     -1762340.375000
678     -1762593.750000
679     -1762844.500000
680     -1763091.250000
681     -1763340.125000
682     -1763582.750000
683     -1763830.250000
684     -1764070.000000
685     -1764309.250000
686     -1764548.000000
687     -1764783.250000
688     -1765018.875000
689     -1765250.750000
690     -1765483.000000
691     -1765711.750000
692     -1765939.750000
693     -1766165.875000
694     -1766392.250000
695     -1766615.250000
696     -1766837.500000
697     -1767057.625000
698     -1767277.250000
699     -1767494.000000
700     -1767709.125000
701     -1767921.750000
702     -1768133.500000
703     -1768343.375000
704     -1768550.750000
705     -1768758.750000
706     -1768965.000000
707     -1769167.500000
708     -1769371.500000
709     -1769571.500000
710     -1769770.875000
711     -1769966.500000
712     -1770164.500000
713     -1770357.750000
714     -1770550.500000
715     -1770742.500000
716     -1770931.500000
717     -1771121.750000
718     -1771308.625000
719     -1771496.125000
720     -1771679.875000
721     -1771862.250000
722     -1772046.750000
723     -1772227.000000
724     -1772408.250000
725     -1772587.000000
726     -1772765.875000
727     -1772941.625000
728     -1773117.875000
729     -1773292.125000
730     -1773465.500000
731     -1773637.625000
732     -1773809.750000
733     -1773979.500000
734     -1774146.250000
735     -1774315.500000
736     -1774481.000000
737     -1774647.000000
738     -1774812.000000
739     -1774974.250000
740     -1775136.000000
741     -1775297.250000
742     -1775456.250000
743     -1775614.750000
744     -1775771.750000
745     -1775929.875000
746     -1776085.750000
747     -1776239.375000
748     -1776393.000000
749     -1776547.375000
750     -1776697.750000
751     -1776849.625000
752     -1776998.875000
753     -1777149.375000
754     -1777296.625000
755     -1777445.000000
756     -1777592.000000
757     -1777738.000000
758     -1777884.250000
759     -1778029.000000
760     -1778173.250000
761     -1778316.125000
762     -1778459.625000
763     -1778599.750000
764     -1778739.750000
765     -1778879.875000
766     -1779020.000000
767     -1779157.500000
768     -1779295.000000
769     -1779432.000000
770     -1779567.750000
771     -1779702.875000
772     -1779837.125000
773     -1779970.250000
774     -1780104.250000
775     -1780235.500000
776     -1780365.500000
777     -1780497.375000
778     -1780627.250000
779     -1780756.375000
780     -1780883.375000
781     -1781011.125000
782     -1781138.250000
783     -1781265.000000
784     -1781389.875000
785     -1781516.000000
786     -1781639.125000
787     -1781763.375000
788     -1781886.500000
789     -1782008.000000
790     -1782129.500000
791     -1782251.000000
792     -1782370.500000
793     -1782489.250000
794     -1782609.125000
795     -1782727.250000
796     -1782843.875000
797     -1782960.000000
798     -1783076.000000
799     -1783191.125000
800     -1783305.250000
801     -1783420.000000
802     -1783532.250000
803     -1783644.625000
804     -1783755.625000
