Step            Loss
--------------------
1        -410.110596
2        -437.855774
3        -465.613220
4        -493.384033
5        -521.169189
6        -548.969849
7        -576.787109
8        -604.621765
9        -632.475342
10       -660.348328
11       -688.241821
12       -716.156799
13       -744.094055
14       -772.054260
15       -800.038452
16       -828.047485
17       -856.082275
18       -884.143677
19       -912.232605
20       -940.350098
21       -968.497009
22       -996.674438
23      -1024.883423
24      -1053.125244
25      -1081.400879
26      -1109.711426
27      -1138.057983
28      -1166.441650
29      -1194.863525
30      -1223.324951
31      -1251.826782
32      -1280.370239
33      -1308.956543
34      -1337.586426
35      -1366.261230
36      -1394.981934
37      -1423.749878
38      -1452.565674
39      -1481.430786
40      -1510.345947
41      -1539.312256
42      -1568.331055
43      -1597.402710
44      -1626.528564
45      -1655.709473
46      -1684.946411
47      -1714.240234
48      -1743.592041
49      -1773.002441
50      -1802.472412
51      -1832.002441
52      -1861.594116
53      -1891.247314
54      -1920.963379
55      -1950.742920
56      -1980.586548
57      -2010.495239
58      -2040.469238
59      -2070.509766
60      -2100.616699
61      -2130.791260
62      -2161.033691
63      -2191.344727
64      -2221.724854
65      -2252.174805
66      -2282.694824
67      -2313.285156
68      -2343.946777
69      -2374.679688
70      -2405.484863
71      -2436.361572
72      -2467.311035
73      -2498.333496
74      -2529.429443
75      -2560.598633
76      -2591.841797
77      -2623.158936
78      -2654.550537
79      -2686.016602
80      -2717.557617
81      -2749.173828
82      -2780.864746
83      -2812.631348
84      -2844.473145
85      -2876.390869
86      -2908.384033
87      -2940.453125
88      -2972.598145
89      -3004.818848
90      -3037.115723
91      -3069.488525
92      -3101.937256
93      -3134.461914
94      -3167.062744
95      -3199.739258
96      -3232.491211
97      -3265.319092
98      -3298.222656
99      -3331.201416
100     -3364.255371
101     -3397.384277
102     -3430.588379
103     -3463.866699
104     -3497.219482
105     -3530.646729
106     -3564.147461
107     -3597.721680
108     -3631.368896
109     -3665.089355
110     -3698.881836
111     -3732.747070
112     -3766.683350
113     -3800.690918
114     -3834.769775
115     -3868.918457
116     -3903.137207
117     -3937.425049
118     -3971.781738
119     -4006.206787
120     -4040.699951
121     -4075.259766
122     -4109.886230
123     -4144.578613
124     -4179.336426
125     -4214.158691
126     -4249.045410
127     -4283.995117
128     -4319.007324
129     -4354.082031
130     -4389.217773
131     -4424.414062
132     -4459.669922
133     -4494.984375
134     -4530.357910
135     -4565.788086
136     -4601.275391
137     -4636.818359
138     -4672.416992
139     -4708.068848
140     -4743.773926
141     -4779.532227
142     -4815.341797
143     -4851.201660
144     -4887.111328
145     -4923.070312
146     -4959.077148
147     -4995.130859
148     -5031.230469
149     -5067.375488
150     -5103.564941
151     -5139.797852
152     -5176.072266
153     -5212.387695
154     -5248.744629
155     -5285.140137
156     -5321.574219
157     -5358.044922
158     -5394.552734
159     -5431.095215
160     -5467.671875
161     -5504.282227
162     -5540.924316
163     -5577.597656
164     -5614.301270
165     -5651.033691
166     -5687.793945
167     -5724.580566
168     -5761.382812
169     -5798.209473
170     -5835.059570
171     -5871.933594
172     -5908.827148
173     -5945.742188
174     -5982.675781
175     -6019.628418
176     -6056.597656
177     -6093.583008
178     -6130.583008
179     -6167.596680
180     -6204.623047
181     -6241.661133
182     -6278.709961
183     -6315.767578
184     -6352.833008
185     -6389.906250
186     -6426.984863
187     -6464.068848
188     -6501.156250
189     -6538.246094
190     -6575.338379
191     -6612.430664
192     -6649.521484
193     -6686.611328
194     -6723.698242
195     -6760.781250
196     -6797.853516
197     -6834.899414
198     -6871.937988
199     -6908.967773
200     -6945.988770
201     -6982.999023
202     -7019.997559
203     -7056.983398
204     -7093.955078
205     -7130.912109
206     -7167.853027
207     -7204.776855
208     -7241.679688
209     -7278.562988
210     -7315.425293
211     -7352.266602
212     -7389.086914
213     -7425.881836
214     -7462.653320
215     -7499.399414
216     -7536.118652
217     -7572.810059
218     -7609.474121
219     -7646.106934
220     -7682.709961
221     -7719.281250
222     -7755.820312
223     -7792.325195
224     -7828.796387
225     -7865.231445
226     -7901.628906
227     -7937.981445
228     -7974.295898
229     -8010.570312
230     -8046.804688
231     -8082.998047
232     -8119.148926
233     -8155.256836
234     -8191.320801
235     -8227.339844
236     -8263.298828
237     -8299.201172
238     -8335.056641
239     -8370.863281
240     -8406.621094
241     -8442.322266
242     -8477.956055
243     -8513.537109
244     -8549.065430
245     -8584.527344
246     -8619.929688
247     -8655.268555
248     -8690.550781
249     -8725.776367
250     -8760.945312
251     -8796.054688
252     -8831.091797
253     -8866.058594
254     -8900.962891
255     -8935.804688
256     -8970.581055
257     -9005.286133
258     -9039.925781
259     -9074.497070
260     -9108.999023
261     -9143.436523
262     -9177.806641
263     -9212.105469
264     -9246.335938
265     -9280.498047
266     -9314.591797
267     -9348.617188
268     -9382.572266
269     -9416.450195
270     -9450.251953
271     -9483.980469
272     -9517.637695
273     -9551.222656
274     -9584.718750
275     -9618.136719
276     -9651.476562
277     -9684.742188
278     -9717.931641
279     -9751.044922
280     -9784.082031
281     -9817.042969
282     -9849.927734
283     -9882.733398
284     -9915.461914
285     -9948.099609
286     -9980.658203
287     -10013.125000
288     -10045.479492
289     -10077.753906
290     -10109.929688
291     -10142.023438
292     -10174.001953
293     -10205.882812
294     -10237.679688
295     -10269.396484
296     -10301.029297
297     -10332.580078
298     -10364.046875
299     -10395.429688
300     -10426.730469
301     -10457.945312
302     -10489.052734
303     -10520.022461
304     -10550.883789
305     -10581.655273
306     -10612.340820
307     -10642.914062
308     -10673.386719
309     -10703.773438
310     -10734.042969
311     -10764.205078
312     -10794.272461
313     -10824.238281
314     -10854.095703
315     -10883.845703
316     -10913.489258
317     -10942.995117
318     -10972.406250
319     -11001.712891
320     -11030.896484
321     -11059.988281
322     -11088.990234
323     -11117.890625
324     -11146.642578
325     -11175.244141
326     -11203.740234
327     -11232.149414
328     -11260.462891
329     -11288.684570
330     -11316.818359
331     -11344.816406
332     -11372.667969
333     -11400.400391
334     -11427.979492
335     -11455.466797
336     -11482.867188
337     -11510.179688
338     -11537.398438
339     -11564.487305
340     -11591.458008
341     -11618.340820
342     -11645.114258
343     -11671.773438
344     -11698.292969
345     -11724.705078
346     -11751.017578
347     -11777.234375
348     -11803.353516
349     -11829.378906
350     -11855.296875
351     -11881.105469
352     -11906.807617
353     -11932.367188
354     -11957.824219
355     -11983.160156
356     -12008.347656
357     -12033.449219
358     -12058.462891
359     -12083.387695
360     -12108.215820
361     -12132.937500
362     -12157.550781
363     -12182.045898
364     -12206.441406
365     -12230.720703
366     -12254.898438
367     -12278.976562
368     -12302.958984
369     -12326.856445
370     -12350.650391
371     -12374.312500
372     -12397.849609
373     -12421.267578
374     -12444.570312
375     -12467.748047
376     -12490.838867
377     -12513.798828
378     -12536.671875
379     -12559.425781
380     -12582.048828
381     -12604.566406
382     -12626.962891
383     -12649.278320
384     -12671.486328
385     -12693.592773
386     -12715.605469
387     -12737.505859
388     -12759.265625
389     -12780.892578
390     -12802.410156
391     -12823.826172
392     -12845.097656
393     -12866.257812
394     -12887.335938
395     -12908.335938
396     -12929.181641
397     -12949.879883
398     -12970.466797
399     -12990.949219
400     -13011.330078
401     -13031.601562
402     -13051.751953
403     -13071.803711
404     -13091.759766
405     -13111.615234
406     -13131.382812
407     -13151.036133
408     -13170.605469
409     -13190.094727
410     -13209.500977
411     -13228.832031
412     -13248.054688
413     -13267.185547
414     -13286.222656
415     -13305.144531
416     -13323.922852
417     -13342.580078
418     -13361.134766
419     -13379.592773
420     -13397.970703
421     -13416.232422
422     -13434.396484
423     -13452.474609
424     -13470.464844
425     -13488.377930
426     -13506.189453
427     -13523.894531
428     -13541.478516
429     -13558.937500
430     -13576.279297
431     -13593.478516
432     -13610.592773
433     -13627.585938
434     -13644.426758
435     -13661.116211
436     -13677.695312
437     -13694.173828
438     -13710.541016
439     -13726.825195
440     -13742.972656
441     -13759.001953
442     -13774.941406
443     -13790.810547
444     -13806.603516
445     -13822.271484
446     -13837.859375
447     -13853.367188
448     -13868.783203
449     -13884.100586
450     -13899.314453
451     -13914.441406
452     -13929.489258
453     -13944.404297
454     -13959.194336
455     -13973.888672
456     -13988.486328
457     -14003.009766
458     -14017.416016
459     -14031.726562
460     -14045.938477
461     -14060.082031
462     -14074.143555
463     -14088.100586
464     -14101.984375
465     -14115.797852
466     -14129.551758
467     -14143.250000
468     -14156.878906
469     -14170.433594
470     -14183.917969
471     -14197.306641
472     -14210.597656
473     -14223.798828
474     -14236.917969
475     -14249.977539
476     -14262.986328
477     -14275.924805
478     -14288.800781
479     -14301.585938
480     -14314.250000
481     -14326.810547
482     -14339.312500
483     -14351.736328
484     -14364.042969
485     -14376.287109
486     -14388.419922
487     -14400.438477
488     -14412.335938
489     -14424.136719
490     -14435.849609
491     -14447.511719
492     -14459.111328
493     -14470.652344
494     -14482.138672
495     -14493.574219
496     -14504.939453
497     -14516.212891
498     -14527.402344
499     -14538.519531
500     -14549.555664
501     -14560.461914
502     -14571.201172
503     -14581.759766
504     -14592.255859
505     -14602.654297
506     -14612.917969
507     -14623.121094
508     -14633.264648
509     -14643.353516
510     -14653.361328
511     -14663.283203
512     -14673.085938
513     -14682.802734
514     -14692.396484
515     -14701.923828
516     -14711.349609
517     -14720.688477
518     -14729.957031
519     -14739.130859
520     -14748.242188
521     -14757.289062
522     -14766.281250
523     -14775.199219
524     -14784.050781
525     -14792.857422
526     -14801.621094
527     -14810.314453
528     -14818.932617
529     -14827.475586
530     -14835.951172
531     -14844.304688
532     -14852.611328
533     -14860.863281
534     -14869.041016
535     -14877.151367
536     -14885.200195
537     -14893.187500
538     -14901.111328
539     -14908.978516
540     -14916.773438
541     -14924.523438
542     -14932.216797
543     -14939.855469
544     -14947.447266
545     -14954.998047
546     -14962.505859
547     -14969.970703
548     -14977.365234
549     -14984.644531
550     -14991.834961
551     -14998.952148
552     -15005.974609
553     -15012.892578
554     -15019.732422
555     -15026.498047
556     -15033.220703
557     -15039.882812
558     -15046.505859
559     -15053.083008
560     -15059.589844
561     -15066.043945
562     -15072.404297
563     -15078.692383
564     -15084.932617
565     -15091.132812
566     -15097.267578
567     -15103.344727
568     -15109.384766
569     -15115.384766
570     -15121.330078
571     -15127.208008
572     -15133.027344
573     -15138.782227
574     -15144.478516
575     -15150.099609
576     -15155.675781
577     -15161.214844
578     -15166.675781
579     -15172.060547
580     -15177.414062
581     -15182.712891
582     -15187.968750
583     -15193.191406
584     -15198.386719
585     -15203.549805
586     -15208.688477
587     -15213.769531
588     -15218.775391
589     -15223.745117
590     -15228.657227
591     -15233.506836
592     -15238.324219
593     -15243.112305
594     -15247.871094
595     -15252.582031
596     -15257.222656
597     -15261.808594
598     -15266.323242
599     -15270.812500
600     -15275.261719
601     -15279.657227
602     -15283.972656
603     -15288.271484
604     -15292.546875
605     -15296.791016
606     -15300.976562
607     -15305.087891
608     -15309.136719
609     -15313.147461
610     -15317.123047
611     -15321.056641
612     -15324.935547
613     -15328.779297
614     -15332.601562
615     -15336.410156
616     -15340.173828
617     -15343.916016
618     -15347.633789
619     -15351.331055
620     -15354.987305
621     -15358.628906
622     -15362.226562
623     -15365.781250
624     -15369.284180
625     -15372.745117
626     -15376.167969
627     -15379.576172
628     -15382.951172
629     -15386.311523
630     -15389.644531
631     -15392.942383
632     -15396.216797
633     -15399.469727
634     -15402.689453
635     -15405.836914
636     -15408.947266
637     -15412.025391
638     -15415.089844
639     -15418.146484
640     -15421.190430
641     -15424.181641
642     -15427.124023
643     -15430.020508
644     -15432.896484
645     -15435.714844
646     -15438.508789
647     -15441.251953
648     -15443.981445
649     -15446.691406
650     -15449.381836
651     -15452.058594
652     -15454.722656
653     -15457.363281
654     -15459.957031
655     -15462.502930
656     -15465.031250
657     -15467.549805
658     -15470.048828
659     -15472.505859
660     -15474.938477
661     -15477.363281
662     -15479.782227
663     -15482.183594
664     -15484.546875
665     -15486.882812
666     -15489.213867
667     -15491.527344
668     -15493.825195
669     -15496.111328
670     -15498.390625
671     -15500.664062
672     -15502.931641
673     -15505.193359
674     -15507.427734
675     -15509.642578
676     -15511.842773
677     -15514.035156
678     -15516.212891
679     -15518.367188
680     -15520.494141
681     -15522.604492
682     -15524.708984
683     -15526.806641
684     -15528.901367
685     -15530.989258
686     -15533.061523
687     -15535.109375
688     -15537.149414
689     -15539.174805
690     -15541.156250
691     -15543.132812
692     -15545.103516
693     -15547.063477
694     -15549.009766
695     -15550.949219
696     -15552.861328
697     -15554.756836
698     -15556.626953
699     -15558.490234
700     -15560.348633
701     -15562.173828
702     -15563.961914
703     -15565.732422
704     -15567.501953
705     -15569.265625
706     -15571.008789
707     -15572.726562
708     -15574.426758
709     -15576.117188
710     -15577.797852
711     -15579.460938
712     -15581.119141
713     -15582.775391
714     -15584.427734
715     -15586.065430
716     -15587.697266
717     -15589.316406
718     -15590.912109
719     -15592.500000
720     -15594.075195
721     -15595.644531
722     -15597.208984
723     -15598.769531
724     -15600.315430
725     -15601.859375
726     -15603.392578
727     -15604.909180
728     -15606.423828
729     -15607.933594
730     -15609.437500
731     -15610.922852
732     -15612.399414
733     -15613.873047
734     -15615.339844
735     -15616.797852
736     -15618.253906
737     -15619.697266
738     -15621.121094
739     -15622.535156
740     -15623.937500
741     -15625.324219
742     -15626.703125
743     -15628.079102
744     -15629.454102
745     -15630.810547
746     -15632.139648
747     -15633.458984
748     -15634.768555
749     -15636.073242
750     -15637.375000
751     -15638.666016
752     -15639.950195
753     -15641.231445
754     -15642.505859
755     -15643.761719
756     -15644.993164
757     -15646.212891
758     -15647.423828
759     -15648.631836
760     -15649.836914
761     -15651.029297
762     -15652.214844
763     -15653.398438
764     -15654.573242
765     -15655.739258
766     -15656.897461
767     -15658.046875
768     -15659.193359
769     -15660.331055
770     -15661.456055
771     -15662.570312
772     -15663.680664
773     -15664.789062
774     -15665.877930
775     -15666.956055
776     -15668.023438
777     -15669.073242
778     -15670.119141
779     -15671.165039
780     -15672.207031
781     -15673.245117
782     -15674.280273
783     -15675.313477
784     -15676.341797
785     -15677.370117
786     -15678.395508
787     -15679.414062
788     -15680.421875
789     -15681.427734
790     -15682.431641
791     -15683.433594
792     -15684.433594
793     -15685.432617
794     -15686.423828
795     -15687.406250
796     -15688.384766
797     -15689.361328
798     -15690.335938
799     -15691.308594
800     -15692.269531
801     -15693.216797
802     -15694.160156
803     -15695.100586
804     -15696.039062
805     -15696.972656
806     -15697.907227
807     -15698.837891
808     -15699.766602
809     -15700.686523
810     -15701.601562
811     -15702.512695
812     -15703.417969
813     -15704.312500
814     -15705.202148
815     -15706.081055
816     -15706.959961
817     -15707.835938
818     -15708.707031
819     -15709.578125
820     -15710.443359
821     -15711.299805
822     -15712.154297
823     -15713.008789
824     -15713.861328
825     -15714.708984
826     -15715.553711
827     -15716.399414
828     -15717.242188
829     -15718.083984
830     -15718.925781
831     -15719.764648
832     -15720.600586
833     -15721.426758
834     -15722.251953
835     -15723.076172
836     -15723.898438
837     -15724.716797
838     -15725.522461
839     -15726.327148
840     -15727.129883
841     -15727.931641
842     -15728.732422
843     -15729.529297
844     -15730.310547
845     -15731.082031
846     -15731.854492
847     -15732.625000
848     -15733.394531
849     -15734.163086
850     -15734.929688
851     -15735.695312
852     -15736.460938
853     -15737.224609
854     -15737.985352
855     -15738.745117
856     -15739.501953
857     -15740.251953
858     -15741.000000
859     -15741.743164
860     -15742.482422
861     -15743.220703
862     -15743.958008
863     -15744.692383
864     -15745.426758
865     -15746.160156
866     -15746.893555
867     -15747.625000
868     -15748.354492
869     -15749.083984
870     -15749.813477
871     -15750.541016
872     -15751.267578
873     -15751.989258
874     -15752.702148
875     -15753.399414
876     -15754.091797
877     -15754.783203
878     -15755.473633
879     -15756.162109
880     -15756.849609
881     -15757.535156
882     -15758.220703
883     -15758.904297
884     -15759.585938
885     -15760.261719
886     -15760.937500
887     -15761.605469
888     -15762.272461
889     -15762.933594
890     -15763.592773
891     -15764.251953
892     -15764.910156
893     -15765.566406
894     -15766.218750
895     -15766.858398
896     -15767.497070
897     -15768.131836
898     -15768.763672
899     -15769.395508
900     -15770.027344
901     -15770.648438
902     -15771.269531
903     -15771.888672
904     -15772.505859
905     -15773.123047
906     -15773.729492
907     -15774.334961
908     -15774.940430
909     -15775.542969
910     -15776.143555
911     -15776.744141
912     -15777.341797
913     -15777.940430
914     -15778.533203
915     -15779.126953
916     -15779.718750
917     -15780.310547
918     -15780.902344
919     -15781.492188
920     -15782.081055
921     -15782.669922
922     -15783.257812
923     -15783.843750
924     -15784.426758
925     -15785.010742
926     -15785.593750
927     -15786.166016
928     -15786.736328
929     -15787.304688
930     -15787.875000
931     -15788.442383
932     -15789.008789
933     -15789.575195
934     -15790.142578
935     -15790.707031
936     -15791.271484
937     -15791.831055
938     -15792.378906
939     -15792.921875
940     -15793.465820
941     -15794.008789
942     -15794.550781
943     -15795.091797
944     -15795.633789
945     -15796.173828
946     -15796.711914
947     -15797.251953
948     -15797.789062
949     -15798.322266
950     -15798.853516
951     -15799.379883
952     -15799.897461
953     -15800.409180
954     -15800.919922
955     -15801.430664
956     -15801.941406
957     -15802.451172
958     -15802.959961
959     -15803.466797
960     -15803.975586
961     -15804.482422
962     -15804.990234
963     -15805.496094
964     -15806.002930
965     -15806.507812
966     -15807.011719
967     -15807.515625
968     -15808.019531
969     -15808.522461
970     -15809.025391
971     -15809.528320
972     -15810.029297
973     -15810.531250
974     -15811.031250
975     -15811.529297
976     -15812.029297
977     -15812.529297
978     -15813.027344
979     -15813.525391
980     -15814.021484
981     -15814.517578
982     -15815.011719
983     -15815.505859
984     -15816.000000
985     -15816.493164
986     -15816.986328
987     -15817.474609
988     -15817.964844
989     -15818.453125
990     -15818.939453
991     -15819.425781
992     -15819.912109
993     -15820.396484
994     -15820.880859
995     -15821.365234
996     -15821.848633
997     -15822.332031
998     -15822.815430
999     -15823.294922
1000    -15823.771484
1001    -15824.249023
1002    -15824.724609
1003    -15825.199219
1004    -15825.674805
1005    -15826.148438
1006    -15826.617188
1007    -15827.085938
1008    -15827.554688
1009    -15828.022461
1010    -15828.490234
1011    -15828.958008
1012    -15829.425781
1013    -15829.890625
1014    -15830.355469
1015    -15830.820312
1016    -15831.283203
1017    -15831.747070
1018    -15832.209961
1019    -15832.673828
1020    -15833.135742
1021    -15833.597656
1022    -15834.060547
1023    -15834.521484
1024    -15834.983398
1025    -15835.445312
1026    -15835.906250
1027    -15836.367188
1028    -15836.828125
1029    -15837.287109
1030    -15837.745117
1031    -15838.203125
1032    -15838.663086
1033    -15839.121094
1034    -15839.576172
1035    -15840.032227
1036    -15840.486328
1037    -15840.939453
1038    -15841.388672
1039    -15841.837891
1040    -15842.287109
1041    -15842.738281
1042    -15843.187500
1043    -15843.635742
1044    -15844.076172
1045    -15844.516602
1046    -15844.955078
1047    -15845.395508
1048    -15845.833984
1049    -15846.273438
1050    -15846.712891
1051    -15847.152344
1052    -15847.590820
1053    -15848.030273
1054    -15848.464844
1055    -15848.898438
1056    -15849.330078
1057    -15849.760742
1058    -15850.191406
1059    -15850.619141
1060    -15851.047852
1061    -15851.477539
1062    -15851.904297
1063    -15852.333008
1064    -15852.758789
1065    -15853.178711
1066    -15853.595703
1067    -15854.013672
1068    -15854.429688
1069    -15854.846680
1070    -15855.263672
1071    -15855.678711
1072    -15856.093750
1073    -15856.506836
1074    -15856.919922
1075    -15857.333008
1076    -15857.746094
1077    -15858.156250
1078    -15858.560547
1079    -15858.962891
1080    -15859.367188
1081    -15859.771484
1082    -15860.173828
1083    -15860.576172
1084    -15860.978516
1085    -15861.378906
1086    -15861.780273
1087    -15862.181641
1088    -15862.582031
1089    -15862.982422
1090    -15863.383789
1091    -15863.783203
1092    -15864.183594
1093    -15864.583984
1094    -15864.984375
1095    -15865.383789
1096    -15865.782227
1097    -15866.181641
1098    -15866.581055
1099    -15866.978516
1100    -15867.376953
1101    -15867.775391
1102    -15868.173828
1103    -15868.570312
1104    -15868.967773
1105    -15869.363281
1106    -15869.760742
1107    -15870.156250
1108    -15870.550781
1109    -15870.943359
1110    -15871.332031
1111    -15871.723633
1112    -15872.113281
1113    -15872.504883
1114    -15872.894531
1115    -15873.277344
1116    -15873.658203
1117    -15874.035156
1118    -15874.412109
1119    -15874.787109
1120    -15875.162109
1121    -15875.537109
1122    -15875.910156
1123    -15876.285156
1124    -15876.656250
1125    -15877.030273
1126    -15877.400391
1127    -15877.771484
1128    -15878.140625
1129    -15878.511719
1130    -15878.878906
1131    -15879.248047
1132    -15879.615234
1133    -15879.982422
1134    -15880.343750
1135    -15880.705078
1136    -15881.064453
1137    -15881.423828
1138    -15881.782227
1139    -15882.140625
1140    -15882.497070
1141    -15882.853516
1142    -15883.208984
1143    -15883.564453
1144    -15883.919922
1145    -15884.272461
1146    -15884.625000
1147    -15884.976562
1148    -15885.329102
1149    -15885.678711
1150    -15886.029297
1151    -15886.376953
1152    -15886.725586
1153    -15887.067383
1154    -15887.406250
1155    -15887.744141
1156    -15888.080078
1157    -15888.414062
1158    -15888.749023
1159    -15889.083984
1160    -15889.416992
1161    -15889.749023
1162    -15890.080078
1163    -15890.411133
1164    -15890.741211
1165    -15891.068359
1166    -15891.396484
1167    -15891.722656
1168    -15892.047852
1169    -15892.371094
1170    -15892.693359
1171    -15893.016602
1172    -15893.335938
1173    -15893.656250
1174    -15893.976562
1175    -15894.294922
1176    -15894.609375
1177    -15894.925781
1178    -15895.239258
1179    -15895.552734
1180    -15895.865234
1181    -15896.175781
1182    -15896.486328
1183    -15896.795898
1184    -15897.103516
1185    -15897.411133
1186    -15897.718750
1187    -15898.024414
1188    -15898.327148
1189    -15898.631836
1190    -15898.934570
1191    -15899.236328
1192    -15899.537109
1193    -15899.835938
1194    -15900.134766
1195    -15900.432617
1196    -15900.728516
1197    -15901.023438
1198    -15901.316406
1199    -15901.610352
1200    -15901.902344
1201    -15902.192383
1202    -15902.482422
1203    -15902.771484
1204    -15903.059570
1205    -15903.345703
1206    -15903.632812
1207    -15903.916992
1208    -15904.199219
1209    -15904.480469
1210    -15904.759766
1211    -15905.038086
1212    -15905.316406
1213    -15905.592773
1214    -15905.869141
1215    -15906.144531
1216    -15906.417969
1217    -15906.691406
1218    -15906.962891
1219    -15907.235352
1220    -15907.503906
1221    -15907.772461
1222    -15908.040039
1223    -15908.306641
1224    -15908.572266
1225    -15908.835938
1226    -15909.099609
1227    -15909.361328
1228    -15909.624023
1229    -15909.884766
1230    -15910.144531
1231    -15910.402344
1232    -15910.660156
1233    -15910.916992
1234    -15911.173828
1235    -15911.428711
1236    -15911.681641
1237    -15911.927734
1238    -15912.175781
1239    -15912.421875
1240    -15912.666992
1241    -15912.910156
1242    -15913.152344
1243    -15913.394531
1244    -15913.636719
1245    -15913.877930
1246    -15914.115234
1247    -15914.353516
1248    -15914.587891
1249    -15914.820312
1250    -15915.049805
1251    -15915.277344
1252    -15915.504883
1253    -15915.729492
1254    -15915.944336
1255    -15916.159180
1256    -15916.371094
1257    -15916.584961
1258    -15916.796875
1259    -15917.007812
1260    -15917.218750
1261    -15917.427734
1262    -15917.636719
1263    -15917.845703
1264    -15918.053711
1265    -15918.257812
1266    -15918.462891
1267    -15918.665039
1268    -15918.869141
1269    -15919.069336
1270    -15919.267578
1271    -15919.465820
1272    -15919.662109
1273    -15919.857422
1274    -15920.052734
1275    -15920.248047
1276    -15920.442383
1277    -15920.634766
1278    -15920.828125
1279    -15921.019531
1280    -15921.210938
1281    -15921.400391
1282    -15921.589844
1283    -15921.779297
1284    -15921.966797
1285    -15922.154297
1286    -15922.340820
1287    -15922.527344
1288    -15922.710938
1289    -15922.896484
1290    -15923.080078
1291    -15923.263672
1292    -15923.445312
1293    -15923.626953
1294    -15923.806641
1295    -15923.988281
1296    -15924.166016
1297    -15924.345703
1298    -15924.524414
1299    -15924.701172
1300    -15924.880859
1301    -15925.057617
1302    -15925.234375
1303    -15925.410156
1304    -15925.585938
1305    -15925.761719
1306    -15925.937500
1307    -15926.111328
1308    -15926.286133
1309    -15926.460938
1310    -15926.630859
1311    -15926.795898
1312    -15926.960938
1313    -15927.125977
1314    -15927.291016
1315    -15927.455078
1316    -15927.619141
1317    -15927.782227
1318    -15927.946289
1319    -15928.109375
1320    -15928.273438
1321    -15928.435547
1322    -15928.597656
1323    -15928.759766
1324    -15928.922852
1325    -15929.083984
1326    -15929.246094
1327    -15929.407227
1328    -15929.568359
1329    -15929.730469
1330    -15929.890625
1331    -15930.051758
1332    -15930.209961
1333    -15930.368164
1334    -15930.526367
1335    -15930.684570
1336    -15930.841797
1337    -15931.000000
1338    -15931.156250
1339    -15931.305664
1340    -15931.456055
1341    -15931.606445
1342    -15931.756836
1343    -15931.906250
1344    -15932.053711
1345    -15932.202148
1346    -15932.351562
1347    -15932.498047
1348    -15932.646484
1349    -15932.793945
1350    -15932.942383
1351    -15933.089844
1352    -15933.238281
1353    -15933.388672
1354    -15933.535156
1355    -15933.685547
1356    -15933.833008
1357    -15933.981445
1358    -15934.129883
1359    -15934.279297
1360    -15934.427734
1361    -15934.577148
1362    -15934.726562
1363    -15934.873047
1364    -15935.022461
1365    -15935.169922
1366    -15935.319336
1367    -15935.467773
1368    -15935.617188
1369    -15935.766602
1370    -15935.916016
1371    -15936.066406
1372    -15936.214844
1373    -15936.365234
1374    -15936.514648
1375    -15936.666016
1376    -15936.816406
1377    -15936.969727
1378    -15937.119141
1379    -15937.271484
1380    -15937.423828
1381    -15937.574219
1382    -15937.726562
1383    -15937.875000
1384    -15938.026367
1385    -15938.177734
1386    -15938.328125
1387    -15938.480469
1388    -15938.631836
1389    -15938.784180
1390    -15938.937500
1391    -15939.089844
1392    -15939.242188
1393    -15939.395508
1394    -15939.547852
1395    -15939.702148
1396    -15939.857422
1397    -15940.011719
1398    -15940.166016
1399    -15940.321289
1400    -15940.478516
1401    -15940.634766
1402    -15940.792969
1403    -15940.949219
1404    -15941.107422
1405    -15941.265625
1406    -15941.425781
1407    -15941.583984
1408    -15941.744141
1409    -15941.906250
1410    -15942.065430
1411    -15942.227539
1412    -15942.388672
1413    -15942.550781
1414    -15942.712891
1415    -15942.876953
1416    -15943.041016
1417    -15943.206055
1418    -15943.371094
1419    -15943.537109
1420    -15943.703125
1421    -15943.870117
1422    -15944.038086
1423    -15944.205078
1424    -15944.373047
1425    -15944.542969
1426    -15944.712891
1427    -15944.883789
1428    -15945.054688
1429    -15945.226562
1430    -15945.398438
1431    -15945.572266
1432    -15945.744141
1433    -15945.917969
1434    -15946.091797
1435    -15946.267578
1436    -15946.443359
1437    -15946.619141
1438    -15946.794922
1439    -15946.972656
1440    -15947.149414
1441    -15947.328125
1442    -15947.507812
1443    -15947.686523
1444    -15947.867188
1445    -15948.041016
1446    -15948.210938
1447    -15948.383789
1448    -15948.554688
1449    -15948.726562
1450    -15948.899414
1451    -15949.072266
1452    -15949.247070
1453    -15949.420898
1454    -15949.595703
1455    -15949.770508
1456    -15949.947266
1457    -15950.122070
1458    -15950.292969
1459    -15950.460938
1460    -15950.631836
1461    -15950.802734
1462    -15950.972656
1463    -15951.143555
1464    -15951.316406
1465    -15951.489258
1466    -15951.662109
1467    -15951.834961
1468    -15952.007812
1469    -15952.181641
1470    -15952.356445
1471    -15952.527344
1472    -15952.697266
1473    -15952.867188
1474    -15953.037109
1475    -15953.207031
1476    -15953.375977
1477    -15953.546875
1478    -15953.716797
1479    -15953.887695
1480    -15954.059570
1481    -15954.230469
1482    -15954.400391
1483    -15954.569336
1484    -15954.736328
1485    -15954.906250
1486    -15955.074219
1487    -15955.244141
1488    -15955.412109
1489    -15955.580078
1490    -15955.748047
1491    -15955.916992
1492    -15956.083984
1493    -15956.250977
1494    -15956.416992
1495    -15956.583984
1496    -15956.751953
1497    -15956.917969
1498    -15957.085938
1499    -15957.253906
1500    -15957.421875
1501    -15957.587891
1502    -15957.755859
1503    -15957.923828
1504    -15958.091797
1505    -15958.260742
1506    -15958.427734
1507    -15958.596680
1508    -15958.765625
1509    -15958.932617
1510    -15959.101562
1511    -15959.270508
1512    -15959.439453
1513    -15959.607422
1514    -15959.775391
1515    -15959.941406
1516    -15960.105469
1517    -15960.269531
1518    -15960.433594
1519    -15960.597656
1520    -15960.761719
1521    -15960.927734
1522    -15961.091797
1523    -15961.255859
1524    -15961.421875
1525    -15961.585938
1526    -15961.750000
1527    -15961.914062
1528    -15962.077148
1529    -15962.242188
1530    -15962.406250
1531    -15962.572266
1532    -15962.736328
1533    -15962.900391
1534    -15963.065430
1535    -15963.228516
1536    -15963.393555
1537    -15963.557617
1538    -15963.721680
1539    -15963.885742
1540    -15964.050781
1541    -15964.213867
1542    -15964.378906
1543    -15964.542969
1544    -15964.707031
1545    -15964.871094
1546    -15965.035156
1547    -15965.199219
1548    -15965.364258
1549    -15965.528320
1550    -15965.691406
1551    -15965.856445
1552    -15966.020508
1553    -15966.183594
1554    -15966.348633
1555    -15966.511719
1556    -15966.675781
1557    -15966.839844
1558    -15967.002930
1559    -15967.166992
1560    -15967.330078
1561    -15967.494141
1562    -15967.658203
1563    -15967.822266
1564    -15967.984375
1565    -15968.149414
1566    -15968.312500
1567    -15968.475586
1568    -15968.639648
1569    -15968.802734
1570    -15968.965820
1571    -15969.130859
1572    -15969.292969
1573    -15969.456055
1574    -15969.619141
1575    -15969.782227
1576    -15969.945312
1577    -15970.108398
1578    -15970.271484
1579    -15970.435547
1580    -15970.597656
1581    -15970.761719
1582    -15970.923828
1583    -15971.087891
1584    -15971.250000
1585    -15971.412109
1586    -15971.575195
1587    -15971.737305
1588    -15971.900391
1589    -15972.063477
1590    -15972.225586
1591    -15972.388672
1592    -15972.550781
1593    -15972.713867
1594    -15972.875977
1595    -15973.039062
1596    -15973.200195
1597    -15973.362305
1598    -15973.525391
1599    -15973.687500
1600    -15973.848633
1601    -15974.011719
1602    -15974.173828
1603    -15974.333984
1604    -15974.495117
1605    -15974.655273
1606    -15974.814453
1607    -15974.973633
1608    -15975.131836
1609    -15975.291016
1610    -15975.450195
1611    -15975.608398
1612    -15975.767578
1613    -15975.925781
1614    -15976.083984
1615    -15976.242188
1616    -15976.400391
1617    -15976.558594
1618    -15976.716797
1619    -15976.875000
1620    -15977.031250
1621    -15977.190430
1622    -15977.346680
1623    -15977.503906
1624    -15977.660156
1625    -15977.818359
1626    -15977.974609
1627    -15978.130859
1628    -15978.288086
1629    -15978.444336
1630    -15978.600586
1631    -15978.755859
1632    -15978.912109
1633    -15979.068359
1634    -15979.224609
1635    -15979.379883
1636    -15979.535156
1637    -15979.690430
1638    -15979.842773
1639    -15979.998047
1640    -15980.152344
1641    -15980.306641
1642    -15980.458984
1643    -15980.613281
1644    -15980.765625
1645    -15980.919922
1646    -15981.072266
1647    -15981.224609
1648    -15981.375000
1649    -15981.528320
1650    -15981.680664
1651    -15981.832031
1652    -15981.983398
1653    -15982.134766
1654    -15982.285156
1655    -15982.436523
1656    -15982.587891
1657    -15982.733398
1658    -15982.877930
1659    -15983.023438
1660    -15983.166992
1661    -15983.310547
1662    -15983.455078
1663    -15983.597656
1664    -15983.742188
1665    -15983.884766
1666    -15984.027344
1667    -15984.171875
1668    -15984.311523
1669    -15984.453125
1670    -15984.595703
1671    -15984.737305
1672    -15984.878906
1673    -15985.018555
1674    -15985.160156
1675    -15985.298828
1676    -15985.439453
1677    -15985.578125
1678    -15985.717773
1679    -15985.857422
1680    -15985.994141
1681    -15986.132812
1682    -15986.270508
1683    -15986.408203
1684    -15986.544922
1685    -15986.683594
1686    -15986.819336
1687    -15986.956055
1688    -15987.089844
1689    -15987.226562
1690    -15987.361328
1691    -15987.496094
1692    -15987.630859
1693    -15987.763672
1694    -15987.898438
1695    -15988.031250
1696    -15988.165039
1697    -15988.296875
1698    -15988.429688
1699    -15988.561523
1700    -15988.692383
1701    -15988.824219
1702    -15988.955078
1703    -15989.084961
1704    -15989.213867
1705    -15989.344727
1706    -15989.474609
1707    -15989.602539
1708    -15989.730469
1709    -15989.859375
1710    -15989.986328
1711    -15990.113281
1712    -15990.241211
1713    -15990.367188
1714    -15990.494141
1715    -15990.619141
1716    -15990.745117
1717    -15990.870117
1718    -15990.995117
1719    -15991.119141
1720    -15991.243164
1721    -15991.361328
1722    -15991.480469
1723    -15991.599609
1724    -15991.718750
1725    -15991.835938
1726    -15991.954102
1727    -15992.071289
1728    -15992.187500
1729    -15992.301758
1730    -15992.416016
1731    -15992.530273
1732    -15992.643555
1733    -15992.757812
1734    -15992.870117
1735    -15992.983398
1736    -15993.095703
1737    -15993.207031
1738    -15993.319336
1739    -15993.430664
1740    -15993.541016
1741    -15993.652344
1742    -15993.762695
1743    -15993.873047
1744    -15993.983398
1745    -15994.091797
1746    -15994.201172
1747    -15994.310547
1748    -15994.418945
1749    -15994.525391
1750    -15994.634766
1751    -15994.742188
1752    -15994.849609
1753    -15994.955078
1754    -15995.062500
1755    -15995.168945
1756    -15995.275391
1757    -15995.380859
1758    -15995.486328
1759    -15995.592773
1760    -15995.696289
1761    -15995.800781
1762    -15995.905273
1763    -15996.010742
1764    -15996.113281
1765    -15996.216797
1766    -15996.320312
1767    -15996.422852
1768    -15996.525391
1769    -15996.628906
1770    -15996.731445
1771    -15996.833008
1772    -15996.935547
1773    -15997.037109
1774    -15997.137695
1775    -15997.238281
1776    -15997.334961
1777    -15997.429688
1778    -15997.525391
1779    -15997.619141
1780    -15997.714844
1781    -15997.807617
1782    -15997.902344
1783    -15997.996094
1784    -15998.089844
1785    -15998.183594
1786    -15998.275391
1787    -15998.369141
1788    -15998.462891
1789    -15998.554688
1790    -15998.646484
1791    -15998.740234
1792    -15998.830078
1793    -15998.923828
1794    -15999.010742
1795    -15999.095703
1796    -15999.179688
1797    -15999.263672
1798    -15999.349609
1799    -15999.433594
1800    -15999.518555
1801    -15999.602539
1802    -15999.685547
1803    -15999.771484
1804    -15999.854492
1805    -15999.938477
1806    -16000.021484
1807    -16000.105469
1808    -16000.188477
1809    -16000.270508
1810    -16000.354492
1811    -16000.436523
1812    -16000.519531
1813    -16000.602539
1814    -16000.684570
1815    -16000.766602
1816    -16000.848633
1817    -16000.931641
1818    -16001.012695
1819    -16001.095703
1820    -16001.175781
1821    -16001.257812
1822    -16001.339844
1823    -16001.420898
1824    -16001.500977
1825    -16001.583008
1826    -16001.663086
1827    -16001.744141
1828    -16001.824219
1829    -16001.905273
1830    -16001.984375
1831    -16002.066406
1832    -16002.145508
1833    -16002.225586
1834    -16002.304688
1835    -16002.384766
1836    -16002.462891
1837    -16002.542969
1838    -16002.622070
1839    -16002.701172
1840    -16002.779297
1841    -16002.856445
1842    -16002.931641
1843    -16003.008789
1844    -16003.083984
1845    -16003.159180
1846    -16003.232422
1847    -16003.308594
1848    -16003.382812
1849    -16003.457031
1850    -16003.531250
1851    -16003.606445
1852    -16003.679688
1853    -16003.753906
1854    -16003.827148
1855    -16003.900391
1856    -16003.972656
1857    -16004.046875
1858    -16004.120117
1859    -16004.192383
1860    -16004.265625
1861    -16004.337891
1862    -16004.412109
1863    -16004.484375
1864    -16004.556641
1865    -16004.626953
1866    -16004.701172
1867    -16004.769531
1868    -16004.837891
1869    -16004.906250
1870    -16004.974609
1871    -16005.042969
1872    -16005.110352
1873    -16005.177734
1874    -16005.246094
1875    -16005.313477
1876    -16005.380859
1877    -16005.449219
1878    -16005.515625
1879    -16005.583008
1880    -16005.649414
1881    -16005.715820
1882    -16005.783203
1883    -16005.849609
1884    -16005.916016
1885    -16005.982422
1886    -16006.048828
1887    -16006.114258
1888    -16006.179688
1889    -16006.246094
1890    -16006.310547
1891    -16006.375977
1892    -16006.436523
1893    -16006.498047
1894    -16006.557617
1895    -16006.619141
1896    -16006.679688
1897    -16006.740234
1898    -16006.800781
1899    -16006.860352
1900    -16006.919922
1901    -16006.980469
1902    -16007.039062
1903    -16007.099609
1904    -16007.159180
1905    -16007.218750
1906    -16007.277344
1907    -16007.336914
1908    -16007.396484
1909    -16007.455078
1910    -16007.513672
1911    -16007.572266
1912    -16007.631836
1913    -16007.690430
1914    -16007.750000
1915    -16007.807617
1916    -16007.865234
1917    -16007.922852
1918    -16007.980469
1919    -16008.039062
1920    -16008.097656
1921    -16008.155273
1922    -16008.211914
1923    -16008.270508
1924    -16008.328125
1925    -16008.384766
1926    -16008.441406
1927    -16008.499023
1928    -16008.556641
1929    -16008.613281
1930    -16008.669922
1931    -16008.727539
1932    -16008.783203
1933    -16008.840820
1934    -16008.897461
1935    -16008.954102
1936    -16009.008789
1937    -16009.062500
1938    -16009.117188
1939    -16009.169922
1940    -16009.224609
1941    -16009.277344
1942    -16009.333008
1943    -16009.384766
1944    -16009.438477
1945    -16009.492188
1946    -16009.545898
1947    -16009.599609
1948    -16009.652344
1949    -16009.706055
1950    -16009.759766
1951    -16009.812500
1952    -16009.865234
1953    -16009.918945
1954    -16009.970703
1955    -16010.024414
1956    -16010.076172
1957    -16010.130859
1958    -16010.182617
1959    -16010.236328
1960    -16010.289062
1961    -16010.339844
1962    -16010.393555
1963    -16010.445312
1964    -16010.498047
1965    -16010.550781
1966    -16010.603516
1967    -16010.655273
1968    -16010.707031
1969    -16010.759766
1970    -16010.812500
1971    -16010.863281
1972    -16010.912109
1973    -16010.959961
1974    -16011.007812
1975    -16011.056641
1976    -16011.103516
1977    -16011.151367
1978    -16011.200195
1979    -16011.248047
1980    -16011.295898
1981    -16011.342773
1982    -16011.391602
1983    -16011.440430
1984    -16011.486328
1985    -16011.535156
1986    -16011.582031
1987    -16011.630859
1988    -16011.677734
1989    -16011.726562
1990    -16011.773438
1991    -16011.822266
1992    -16011.869141
1993    -16011.916992
1994    -16011.963867
1995    -16012.011719
1996    -16012.058594
1997    -16012.107422
1998    -16012.153320
1999    -16012.201172
2000    -16012.249023
2001    -16012.295898
2002    -16012.342773
2003    -16012.388672
2004    -16012.435547
2005    -16012.482422
2006    -16012.528320
2007    -16012.576172
2008    -16012.623047
2009    -16012.667969
2010    -16012.715820
2011    -16012.762695
2012    -16012.808594
2013    -16012.855469
2014    -16012.900391
2015    -16012.949219
2016    -16012.994141
2017    -16013.041016
2018    -16013.087891
2019    -16013.133789
2020    -16013.179688
2021    -16013.226562
2022    -16013.272461
2023    -16013.318359
2024    -16013.365234
2025    -16013.410156
2026    -16013.456055
2027    -16013.501953
2028    -16013.548828
2029    -16013.595703
2030    -16013.640625
2031    -16013.687500
2032    -16013.732422
2033    -16013.778320
2034    -16013.824219
2035    -16013.869141
2036    -16013.916016
2037    -16013.962891
2038    -16014.006836
2039    -16014.053711
2040    -16014.098633
2041    -16014.144531
2042    -16014.190430
2043    -16014.234375
2044    -16014.279297
2045    -16014.327148
2046    -16014.371094
2047    -16014.417969
2048    -16014.461914
2049    -16014.507812
2050    -16014.552734
2051    -16014.597656
2052    -16014.643555
2053    -16014.688477
2054    -16014.733398
2055    -16014.778320
2056    -16014.823242
2057    -16014.867188
2058    -16014.912109
2059    -16014.957031
2060    -16015.002930
2061    -16015.046875
2062    -16015.091797
2063    -16015.136719
2064    -16015.180664
2065    -16015.225586
2066    -16015.269531
2067    -16015.314453
2068    -16015.358398
2069    -16015.404297
2070    -16015.447266
2071    -16015.492188
2072    -16015.535156
2073    -16015.580078
2074    -16015.625000
2075    -16015.666016
2076    -16015.708984
2077    -16015.750977
2078    -16015.791016
2079    -16015.832031
2080    -16015.872070
2081    -16015.912109
2082    -16015.954102
2083    -16015.993164
2084    -16016.033203
2085    -16016.074219
2086    -16016.114258
2087    -16016.154297
2088    -16016.195312
2089    -16016.235352
2090    -16016.275391
2091    -16016.314453
2092    -16016.353516
2093    -16016.394531
2094    -16016.433594
2095    -16016.472656
2096    -16016.513672
2097    -16016.552734
2098    -16016.592773
2099    -16016.632812
2100    -16016.671875
2101    -16016.710938
2102    -16016.750000
2103    -16016.789062
2104    -16016.829102
2105    -16016.868164
2106    -16016.908203
2107    -16016.947266
2108    -16016.985352
2109    -16017.025391
2110    -16017.063477
2111    -16017.102539
2112    -16017.141602
2113    -16017.179688
2114    -16017.218750
2115    -16017.258789
2116    -16017.296875
2117    -16017.334961
2118    -16017.373047
2119    -16017.412109
2120    -16017.451172
2121    -16017.488281
2122    -16017.527344
2123    -16017.566406
2124    -16017.603516
2125    -16017.642578
2126    -16017.679688
2127    -16017.718750
2128    -16017.756836
2129    -16017.794922
2130    -16017.832031
2131    -16017.871094
2132    -16017.908203
2133    -16017.946289
2134    -16017.983398
2135    -16018.021484
2136    -16018.059570
2137    -16018.096680
2138    -16018.134766
2139    -16018.172852
2140    -16018.209961
2141    -16018.247070
2142    -16018.284180
2143    -16018.321289
2144    -16018.356445
2145    -16018.392578
2146    -16018.427734
2147    -16018.462891
2148    -16018.499023
2149    -16018.533203
2150    -16018.569336
2151    -16018.605469
2152    -16018.640625
2153    -16018.676758
2154    -16018.710938
2155    -16018.745117
2156    -16018.780273
2157    -16018.815430
2158    -16018.849609
2159    -16018.886719
2160    -16018.919922
2161    -16018.955078
2162    -16018.990234
2163    -16019.024414
2164    -16019.058594
2165    -16019.093750
2166    -16019.127930
2167    -16019.162109
2168    -16019.197266
2169    -16019.231445
2170    -16019.267578
2171    -16019.300781
2172    -16019.334961
2173    -16019.370117
2174    -16019.403320
2175    -16019.438477
2176    -16019.471680
2177    -16019.505859
2178    -16019.541016
2179    -16019.573242
2180    -16019.608398
2181    -16019.642578
2182    -16019.675781
2183    -16019.708984
2184    -16019.744141
2185    -16019.777344
2186    -16019.811523
2187    -16019.844727
2188    -16019.878906
2189    -16019.912109
2190    -16019.947266
2191    -16019.980469
2192    -16020.013672
2193    -16020.046875
2194    -16020.080078
2195    -16020.114258
2196    -16020.148438
2197    -16020.181641
2198    -16020.214844
2199    -16020.248047
2200    -16020.281250
2201    -16020.314453
2202    -16020.347656
2203    -16020.379883
2204    -16020.413086
2205    -16020.445312
2206    -16020.478516
2207    -16020.510742
2208    -16020.542969
2209    -16020.575195
2210    -16020.608398
2211    -16020.640625
2212    -16020.673828
2213    -16020.706055
2214    -16020.738281
2215    -16020.770508
2216    -16020.802734
2217    -16020.833984
2218    -16020.863281
2219    -16020.894531
2220    -16020.923828
2221    -16020.953125
2222    -16020.984375
2223    -16021.013672
2224    -16021.042969
2225    -16021.074219
2226    -16021.103516
2227    -16021.133789
2228    -16021.163086
2229    -16021.194336
2230    -16021.223633
2231    -16021.253906
2232    -16021.283203
2233    -16021.313477
2234    -16021.342773
2235    -16021.373047
2236    -16021.402344
2237    -16021.432617
2238    -16021.462891
2239    -16021.492188
2240    -16021.521484
2241    -16021.551758
2242    -16021.581055
2243    -16021.611328
2244    -16021.640625
2245    -16021.670898
2246    -16021.699219
2247    -16021.730469
2248    -16021.758789
2249    -16021.789062
2250    -16021.819336
2251    -16021.847656
2252    -16021.878906
2253    -16021.908203
2254    -16021.937500
2255    -16021.967773
2256    -16021.997070
2257    -16022.027344
2258    -16022.056641
2259    -16022.085938
2260    -16022.115234
2261    -16022.146484
2262    -16022.175781
2263    -16022.205078
2264    -16022.235352
2265    -16022.264648
2266    -16022.294922
2267    -16022.324219
2268    -16022.353516
2269    -16022.384766
2270    -16022.412109
2271    -16022.443359
2272    -16022.472656
2273    -16022.502930
2274    -16022.531250
2275    -16022.562500
2276    -16022.591797
2277    -16022.621094
2278    -16022.651367
2279    -16022.681641
2280    -16022.710938
2281    -16022.740234
2282    -16022.771484
2283    -16022.800781
2284    -16022.830078
2285    -16022.860352
2286    -16022.890625
2287    -16022.920898
2288    -16022.950195
2289    -16022.980469
2290    -16023.009766
2291    -16023.040039
2292    -16023.070312
2293    -16023.099609
2294    -16023.130859
2295    -16023.160156
2296    -16023.191406
2297    -16023.221680
2298    -16023.250000
2299    -16023.281250
2300    -16023.310547
2301    -16023.341797
2302    -16023.371094
2303    -16023.402344
2304    -16023.431641
2305    -16023.461914
2306    -16023.492188
2307    -16023.523438
2308    -16023.553711
2309    -16023.583984
2310    -16023.614258
2311    -16023.644531
2312    -16023.675781
2313    -16023.705078
2314    -16023.736328
2315    -16023.766602
2316    -16023.796875
2317    -16023.827148
2318    -16023.858398
2319    -16023.889648
2320    -16023.919922
2321    -16023.951172
2322    -16023.981445
2323    -16024.011719
2324    -16024.042969
2325    -16024.074219
2326    -16024.105469
2327    -16024.136719
2328    -16024.166016
2329    -16024.197266
2330    -16024.228516
2331    -16024.259766
2332    -16024.291016
2333    -16024.322266
2334    -16024.352539
2335    -16024.384766
2336    -16024.416016
2337    -16024.446289
2338    -16024.478516
2339    -16024.508789
2340    -16024.540039
2341    -16024.572266
2342    -16024.603516
2343    -16024.634766
2344    -16024.666016
2345    -16024.697266
2346    -16024.728516
2347    -16024.761719
2348    -16024.791992
2349    -16024.825195
2350    -16024.855469
2351    -16024.887695
2352    -16024.919922
2353    -16024.950195
2354    -16024.981445
2355    -16025.014648
2356    -16025.046875
2357    -16025.078125
2358    -16025.109375
2359    -16025.141602
2360    -16025.173828
2361    -16025.206055
2362    -16025.238281
2363    -16025.270508
2364    -16025.300781
2365    -16025.333984
2366    -16025.367188
2367    -16025.398438
2368    -16025.430664
2369    -16025.462891
2370    -16025.495117
2371    -16025.527344
2372    -16025.558594
2373    -16025.592773
2374    -16025.625000
2375    -16025.656250
2376    -16025.689453
2377    -16025.720703
2378    -16025.753906
2379    -16025.787109
2380    -16025.818359
2381    -16025.849609
2382    -16025.882812
2383    -16025.915039
2384    -16025.946289
2385    -16025.979492
2386    -16026.011719
2387    -16026.042969
2388    -16026.076172
2389    -16026.107422
2390    -16026.139648
2391    -16026.172852
2392    -16026.204102
2393    -16026.237305
2394    -16026.268555
2395    -16026.300781
2396    -16026.333984
2397    -16026.366211
2398    -16026.398438
2399    -16026.431641
2400    -16026.463867
2401    -16026.495117
2402    -16026.527344
2403    -16026.560547
2404    -16026.592773
2405    -16026.625000
2406    -16026.657227
2407    -16026.689453
2408    -16026.722656
2409    -16026.755859
2410    -16026.786133
2411    -16026.819336
2412    -16026.850586
2413    -16026.882812
2414    -16026.915039
2415    -16026.948242
2416    -16026.980469
2417    -16027.012695
2418    -16027.043945
2419    -16027.076172
2420    -16027.109375
2421    -16027.140625
2422    -16027.172852
2423    -16027.205078
2424    -16027.237305
2425    -16027.269531
2426    -16027.300781
2427    -16027.332031
2428    -16027.365234
2429    -16027.397461
2430    -16027.427734
2431    -16027.460938
2432    -16027.492188
2433    -16027.524414
2434    -16027.555664
2435    -16027.586914
2436    -16027.619141
2437    -16027.650391
2438    -16027.682617
2439    -16027.713867
2440    -16027.746094
2441    -16027.777344
2442    -16027.808594
2443    -16027.837891
2444    -16027.870117
2445    -16027.902344
2446    -16027.933594
2447    -16027.964844
2448    -16027.994141
2449    -16028.026367
2450    -16028.056641
2451    -16028.087891
2452    -16028.119141
2453    -16028.148438
2454    -16028.179688
2455    -16028.209961
2456    -16028.242188
2457    -16028.271484
2458    -16028.302734
2459    -16028.332031
2460    -16028.363281
2461    -16028.392578
2462    -16028.422852
2463    -16028.453125
2464    -16028.483398
2465    -16028.513672
2466    -16028.542969
2467    -16028.572266
2468    -16028.602539
2469    -16028.631836
2470    -16028.662109
2471    -16028.691406
2472    -16028.720703
2473    -16028.750000
2474    -16028.779297
2475    -16028.808594
2476    -16028.835938
2477    -16028.867188
2478    -16028.895508
2479    -16028.923828
2480    -16028.953125
2481    -16028.981445
2482    -16029.009766
2483    -16029.038086
2484    -16029.067383
2485    -16029.094727
2486    -16029.124023
2487    -16029.152344
2488    -16029.177734
2489    -16029.205078
2490    -16029.232422
2491    -16029.258789
2492    -16029.285156
2493    -16029.312500
2494    -16029.337891
2495    -16029.364258
2496    -16029.390625
2497    -16029.416992
2498    -16029.443359
2499    -16029.468750
2500    -16029.494141
2501    -16029.519531
2502    -16029.545898
2503    -16029.572266
2504    -16029.597656
2505    -16029.623047
2506    -16029.648438
2507    -16029.672852
2508    -16029.697266
2509    -16029.723633
2510    -16029.748047
2511    -16029.774414
2512    -16029.798828
2513    -16029.822266
2514    -16029.847656
2515    -16029.871094
2516    -16029.896484
2517    -16029.919922
2518    -16029.945312
2519    -16029.968750
2520    -16029.993164
2521    -16030.017578
2522    -16030.041016
2523    -16030.064453
2524    -16030.087891
2525    -16030.111328
2526    -16030.135742
2527    -16030.158203
2528    -16030.182617
2529    -16030.206055
2530    -16030.228516
2531    -16030.252930
2532    -16030.275391
2533    -16030.298828
2534    -16030.321289
2535    -16030.344727
2536    -16030.367188
2537    -16030.388672
2538    -16030.411133
2539    -16030.433594
2540    -16030.456055
2541    -16030.478516
2542    -16030.500000
2543    -16030.520508
2544    -16030.541016
2545    -16030.560547
2546    -16030.580078
2547    -16030.598633
2548    -16030.619141
2549    -16030.638672
2550    -16030.657227
2551    -16030.677734
2552    -16030.696289
2553    -16030.714844
2554    -16030.734375
2555    -16030.753906
2556    -16030.773438
2557    -16030.791016
2558    -16030.810547
2559    -16030.829102
2560    -16030.847656
2561    -16030.866211
2562    -16030.884766
2563    -16030.903320
2564    -16030.921875
2565    -16030.939453
2566    -16030.958984
2567    -16030.977539
2568    -16030.994141
2569    -16031.011719
2570    -16031.030273
2571    -16031.048828
2572    -16031.066406
2573    -16031.083984
2574    -16031.101562
2575    -16031.120117
2576    -16031.136719
2577    -16031.153320
2578    -16031.171875
2579    -16031.188477
2580    -16031.205078
2581    -16031.222656
2582    -16031.241211
2583    -16031.257812
2584    -16031.275391
2585    -16031.291992
2586    -16031.308594
2587    -16031.325195
2588    -16031.343750
2589    -16031.359375
2590    -16031.375000
2591    -16031.392578
2592    -16031.408203
2593    -16031.424805
2594    -16031.441406
2595    -16031.458984
2596    -16031.474609
2597    -16031.491211
2598    -16031.506836
2599    -16031.523438
2600    -16031.539062
2601    -16031.555664
2602    -16031.571289
2603    -16031.585938
2604    -16031.603516
2605    -16031.619141
2606    -16031.634766
2607    -16031.649414
2608    -16031.666016
2609    -16031.680664
2610    -16031.697266
2611    -16031.712891
2612    -16031.727539
2613    -16031.742188
2614    -16031.757812
2615    -16031.773438
2616    -16031.789062
2617    -16031.804688
2618    -16031.819336
2619    -16031.833984
2620    -16031.848633
2621    -16031.864258
2622    -16031.878906
2623    -16031.894531
2624    -16031.908203
2625    -16031.923828
2626    -16031.938477
2627    -16031.954102
2628    -16031.967773
2629    -16031.982422
2630    -16031.997070
2631    -16032.011719
2632    -16032.027344
2633    -16032.041016
2634    -16032.054688
2635    -16032.069336
2636    -16032.083984
2637    -16032.097656
2638    -16032.111328
2639    -16032.126953
2640    -16032.140625
2641    -16032.155273
2642    -16032.167969
2643    -16032.182617
2644    -16032.197266
2645    -16032.210938
2646    -16032.224609
2647    -16032.239258
2648    -16032.252930
2649    -16032.266602
2650    -16032.281250
2651    -16032.293945
2652    -16032.307617
2653    -16032.322266
2654    -16032.333984
2655    -16032.349609
2656    -16032.362305
2657    -16032.376953
2658    -16032.388672
2659    -16032.403320
2660    -16032.416016
2661    -16032.429688
2662    -16032.443359
2663    -16032.457031
2664    -16032.469727
2665    -16032.482422
2666    -16032.496094
2667    -16032.510742
2668    -16032.522461
2669    -16032.535156
2670    -16032.549805
2671    -16032.562500
2672    -16032.576172
2673    -16032.588867
2674    -16032.602539
2675    -16032.615234
2676    -16032.626953
2677    -16032.641602
2678    -16032.654297
2679    -16032.666016
