Step            Loss
--------------------
1        -637.860352
2        -665.737610
3        -693.626465
4        -721.527588
5        -749.441772
6        -777.370544
7        -805.315125
8        -833.276428
9        -861.254883
10       -889.251709
11       -917.267517
12       -945.303406
13       -973.360107
14      -1001.438843
15      -1029.540405
16      -1057.665649
17      -1085.815674
18      -1113.991699
19      -1142.194336
20      -1170.425171
21      -1198.685059
22      -1226.975220
23      -1255.297119
24      -1283.651367
25      -1312.039795
26      -1340.463379
27      -1368.922974
28      -1397.420166
29      -1425.955811
30      -1454.531250
31      -1483.147339
32      -1511.805298
33      -1540.506348
34      -1569.251099
35      -1598.041138
36      -1626.876953
37      -1655.760010
38      -1684.691162
39      -1713.670898
40      -1742.700928
41      -1771.781738
42      -1800.914551
43      -1830.099976
44      -1859.339233
45      -1888.633057
46      -1917.982422
47      -1947.387939
48      -1976.850952
49      -2006.371826
50      -2035.951538
51      -2065.590820
52      -2095.290527
53      -2125.051758
54      -2154.874512
55      -2184.760254
56      -2214.709473
57      -2244.722656
58      -2274.800293
59      -2304.943359
60      -2335.152344
61      -2365.428223
62      -2395.770996
63      -2426.181641
64      -2456.660156
65      -2487.208008
66      -2517.824707
67      -2548.511719
68      -2579.268311
69      -2610.095947
70      -2640.994141
71      -2671.964355
72      -2703.006104
73      -2734.120117
74      -2765.306641
75      -2796.565918
76      -2827.898438
77      -2859.304443
78      -2890.784180
79      -2922.337891
80      -2953.965820
81      -2985.667969
82      -3017.445312
83      -3049.296875
84      -3081.223633
85      -3113.225586
86      -3145.302734
87      -3177.455078
88      -3209.683105
89      -3241.986816
90      -3274.366211
91      -3306.820801
92      -3339.351807
93      -3371.957764
94      -3404.639648
95      -3437.397461
96      -3470.230469
97      -3503.139404
98      -3536.123291
99      -3569.182861
100     -3602.317627
101     -3635.527344
102     -3668.812012
103     -3702.171387
104     -3735.605225
105     -3769.113281
106     -3802.695312
107     -3836.351074
108     -3870.080566
109     -3903.883301
110     -3937.758545
111     -3971.706299
112     -4005.726074
113     -4039.817871
114     -4073.980957
115     -4108.214844
116     -4142.519043
117     -4176.894043
118     -4211.337891
119     -4245.847656
120     -4280.408691
121     -4315.038086
122     -4349.733887
123     -4384.497559
124     -4419.327148
125     -4454.222656
126     -4489.183594
127     -4524.208008
128     -4559.297363
129     -4594.449707
130     -4629.664062
131     -4664.941406
132     -4700.278809
133     -4735.676758
134     -4771.134766
135     -4806.651367
136     -4842.226562
137     -4877.858887
138     -4913.547852
139     -4949.291992
140     -4985.091797
141     -5020.946289
142     -5056.853516
143     -5092.812500
144     -5128.823730
145     -5164.885742
146     -5200.997070
147     -5237.157715
148     -5273.366211
149     -5309.621582
150     -5345.923340
151     -5382.270508
152     -5418.661133
153     -5455.095215
154     -5491.571289
155     -5528.088867
156     -5564.646973
157     -5601.244141
158     -5637.879395
159     -5674.551758
160     -5711.260254
161     -5748.003906
162     -5784.781738
163     -5821.592773
164     -5858.435547
165     -5895.309082
166     -5932.211914
167     -5969.144043
168     -6006.104004
169     -6043.089844
170     -6080.102051
171     -6117.137695
172     -6154.197266
173     -6191.278320
174     -6228.380371
175     -6265.501953
176     -6302.643066
177     -6339.801758
178     -6376.976562
179     -6414.166504
180     -6451.371094
181     -6488.587891
182     -6525.817871
183     -6563.058105
184     -6600.307617
185     -6637.565918
186     -6674.831055
187     -6712.103027
188     -6749.379883
189     -6786.660645
190     -6823.944336
191     -6861.228027
192     -6898.513672
193     -6935.798340
194     -6973.080566
195     -7010.360352
196     -7047.635742
197     -7084.905762
198     -7122.168945
199     -7159.424805
200     -7196.671875
201     -7233.909180
202     -7271.135254
203     -7308.348633
204     -7345.546875
205     -7382.728516
206     -7419.894043
207     -7457.043457
208     -7494.174805
209     -7531.274414
210     -7568.333008
211     -7605.354980
212     -7642.351074
213     -7679.310547
214     -7716.240723
215     -7753.144531
216     -7790.021484
217     -7826.870605
218     -7863.691406
219     -7900.481445
220     -7937.240234
221     -7973.968262
222     -8010.661133
223     -8047.321289
224     -8083.945312
225     -8120.534180
226     -8157.083984
227     -8193.597656
228     -8230.070312
229     -8266.502930
230     -8302.894531
231     -8339.244141
232     -8375.548828
233     -8411.810547
234     -8448.027344
235     -8484.197266
236     -8520.320312
237     -8556.392578
238     -8592.404297
239     -8628.365234
240     -8664.276367
241     -8700.136719
242     -8735.943359
243     -8771.696289
244     -8807.384766
245     -8843.016602
246     -8878.592773
247     -8914.111328
248     -8949.572266
249     -8984.974609
250     -9020.318359
251     -9055.593750
252     -9090.808594
253     -9125.961914
254     -9161.052734
255     -9196.079102
256     -9231.042969
257     -9265.940430
258     -9300.770508
259     -9335.531250
260     -9370.227539
261     -9404.853516
262     -9439.414062
263     -9473.888672
264     -9508.291992
265     -9542.614258
266     -9576.863281
267     -9611.031250
268     -9645.112305
269     -9679.121094
270     -9713.027344
271     -9746.861328
272     -9780.619141
273     -9814.302734
274     -9847.906250
275     -9881.431641
276     -9914.861328
277     -9948.183594
278     -9981.414062
279     -10014.566406
280     -10047.640625
281     -10080.634766
282     -10113.548828
283     -10146.381836
284     -10179.129883
285     -10211.773438
286     -10244.335938
287     -10276.816406
288     -10309.202148
289     -10341.466797
290     -10373.632812
291     -10405.713867
292     -10437.698242
293     -10469.570312
294     -10501.349609
295     -10533.035156
296     -10564.627930
297     -10596.127930
298     -10627.543945
299     -10658.873047
300     -10690.116211
301     -10721.272461
302     -10752.328125
303     -10783.292969
304     -10814.164062
305     -10844.945312
306     -10875.631836
307     -10906.227539
308     -10936.736328
309     -10967.144531
310     -10997.435547
311     -11027.638672
312     -11057.746094
313     -11087.751953
314     -11117.660156
315     -11147.449219
316     -11177.146484
317     -11206.739258
318     -11236.211914
319     -11265.558594
320     -11294.812500
321     -11323.974609
322     -11353.044922
323     -11382.017578
324     -11410.900391
325     -11439.691406
326     -11468.367188
327     -11496.884766
328     -11525.296875
329     -11553.614258
330     -11581.839844
331     -11609.969727
332     -11637.995117
333     -11665.902344
334     -11693.693359
335     -11721.365234
336     -11748.917969
337     -11776.347656
338     -11803.685547
339     -11830.928711
340     -11858.080078
341     -11885.138672
342     -11912.081055
343     -11938.869141
344     -11965.562500
345     -11992.164062
346     -12018.675781
347     -12045.097656
348     -12071.423828
349     -12097.650391
350     -12123.771484
351     -12149.773438
352     -12175.611328
353     -12201.345703
354     -12226.989258
355     -12252.503906
356     -12277.923828
357     -12303.220703
358     -12328.393555
359     -12353.461914
360     -12378.392578
361     -12403.174805
362     -12427.814453
363     -12452.315430
364     -12476.668945
365     -12500.913086
366     -12525.050781
367     -12549.101562
368     -12573.050781
369     -12596.904297
370     -12620.655273
371     -12644.298828
372     -12667.835938
373     -12691.260742
374     -12714.541016
375     -12737.704102
376     -12760.712891
377     -12783.605469
378     -12806.380859
379     -12829.051758
380     -12851.625000
381     -12874.092773
382     -12896.448242
383     -12918.689453
384     -12940.795898
385     -12962.767578
386     -12984.638672
387     -13006.401367
388     -13028.041992
389     -13049.559570
390     -13070.960938
391     -13092.276367
392     -13113.489258
393     -13134.587891
394     -13155.591797
395     -13176.479492
396     -13197.239258
397     -13217.915039
398     -13238.476562
399     -13258.905273
400     -13279.218750
401     -13299.418945
402     -13319.492188
403     -13339.416992
404     -13359.197266
405     -13378.798828
406     -13398.308594
407     -13417.639648
408     -13436.849609
409     -13455.951172
410     -13474.947266
411     -13493.772461
412     -13512.503906
413     -13531.161133
414     -13549.726562
415     -13568.167969
416     -13586.494141
417     -13604.715820
418     -13622.864258
419     -13640.896484
420     -13658.809570
421     -13676.631836
422     -13694.375000
423     -13712.024414
424     -13729.589844
425     -13747.068359
426     -13764.453125
427     -13781.763672
428     -13798.984375
429     -13816.084961
430     -13833.060547
431     -13849.888672
432     -13866.585938
433     -13883.199219
434     -13899.732422
435     -13916.142578
436     -13932.451172
437     -13948.660156
438     -13964.758789
439     -13980.750000
440     -13996.625977
441     -14012.398438
442     -14028.107422
443     -14043.740234
444     -14059.279297
445     -14074.656250
446     -14089.912109
447     -14105.062500
448     -14120.072266
449     -14134.964844
450     -14149.764648
451     -14164.479492
452     -14179.075195
453     -14193.584961
454     -14208.009766
455     -14222.357422
456     -14236.648438
457     -14250.885742
458     -14265.058594
459     -14279.162109
460     -14293.183594
461     -14307.091797
462     -14320.874023
463     -14334.577148
464     -14348.210938
465     -14361.757812
466     -14375.201172
467     -14388.504883
468     -14401.732422
469     -14414.859375
470     -14427.859375
471     -14440.716797
472     -14453.439453
473     -14466.083984
474     -14478.634766
475     -14491.114258
476     -14503.500000
477     -14515.753906
478     -14527.892578
479     -14539.962891
480     -14551.968750
481     -14563.876953
482     -14575.726562
483     -14587.498047
484     -14599.175781
485     -14610.763672
486     -14622.267578
487     -14633.701172
488     -14645.069336
489     -14656.383789
490     -14667.611328
491     -14678.711914
492     -14689.714844
493     -14700.625000
494     -14711.470703
495     -14722.253906
496     -14732.942383
497     -14743.577148
498     -14754.148438
499     -14764.626953
500     -14775.003906
501     -14785.320312
502     -14795.579102
503     -14805.783203
504     -14815.939453
505     -14826.051758
506     -14836.037109
507     -14845.912109
508     -14855.708984
509     -14865.414062
510     -14875.041016
511     -14884.548828
512     -14893.974609
513     -14903.307617
514     -14912.568359
515     -14921.757812
516     -14930.897461
517     -14939.966797
518     -14948.971680
519     -14957.882812
520     -14966.731445
521     -14975.510742
522     -14984.227539
523     -14992.885742
524     -15001.459961
525     -15009.960938
526     -15018.370117
527     -15026.732422
528     -15035.026367
529     -15043.246094
530     -15051.383789
531     -15059.458984
532     -15067.458008
533     -15075.390625
534     -15083.274414
535     -15091.130859
536     -15098.958984
537     -15106.740234
538     -15114.444336
539     -15122.087891
540     -15129.683594
541     -15137.208008
542     -15144.686523
543     -15152.097656
544     -15159.446289
545     -15166.730469
546     -15173.936523
547     -15181.109375
548     -15188.239258
549     -15195.272461
550     -15202.259766
551     -15209.125977
552     -15215.894531
553     -15222.621094
554     -15229.303711
555     -15235.919922
556     -15242.496094
557     -15249.006836
558     -15255.478516
559     -15261.891602
560     -15268.244141
561     -15274.538086
562     -15280.757812
563     -15286.946289
564     -15293.072266
565     -15299.116211
566     -15305.111328
567     -15311.071289
568     -15316.994141
569     -15322.850586
570     -15328.628906
571     -15334.337891
572     -15340.017578
573     -15345.665039
574     -15351.270508
575     -15356.796875
576     -15362.248047
577     -15367.622070
578     -15372.925781
579     -15378.188477
580     -15383.404297
581     -15388.522461
582     -15393.590820
583     -15398.624023
584     -15403.629883
585     -15408.599609
586     -15413.528320
587     -15418.417969
588     -15423.268555
589     -15428.083008
590     -15432.792969
591     -15437.435547
592     -15442.019531
593     -15446.587891
594     -15451.125000
595     -15455.626953
596     -15460.100586
597     -15464.548828
598     -15468.958008
599     -15473.323242
600     -15477.671875
601     -15481.971680
602     -15486.199219
603     -15490.366211
604     -15494.490234
605     -15498.587891
606     -15502.639648
607     -15506.638672
608     -15510.605469
609     -15514.530273
610     -15518.425781
611     -15522.294922
612     -15526.136719
613     -15529.929688
614     -15533.654297
615     -15537.350586
616     -15541.010742
617     -15544.617188
618     -15548.179688
619     -15551.701172
620     -15555.208008
621     -15558.705078
622     -15562.159180
623     -15565.575195
624     -15568.928711
625     -15572.217773
626     -15575.472656
627     -15578.691406
628     -15581.878906
629     -15585.032227
630     -15588.154297
631     -15591.231445
632     -15594.275391
633     -15597.289062
634     -15600.271484
635     -15603.234375
636     -15606.185547
637     -15609.067383
638     -15611.858398
639     -15614.613281
640     -15617.334961
641     -15620.044922
642     -15622.741211
643     -15625.412109
644     -15628.068359
645     -15630.714844
646     -15633.341797
647     -15635.896484
648     -15638.382812
649     -15640.845703
650     -15643.284180
651     -15645.685547
652     -15648.042969
653     -15650.387695
654     -15652.717773
655     -15655.040039
656     -15657.347656
657     -15659.634766
658     -15661.899414
659     -15664.135742
660     -15666.351562
661     -15668.549805
662     -15670.740234
663     -15672.898438
664     -15675.007812
665     -15677.095703
666     -15679.150391
667     -15681.193359
668     -15683.209961
669     -15685.214844
670     -15687.208984
671     -15689.188477
672     -15691.118164
673     -15692.994141
674     -15694.837891
675     -15696.666016
676     -15698.487305
677     -15700.300781
678     -15702.102539
679     -15703.898438
680     -15705.687500
681     -15707.456055
682     -15709.219727
683     -15710.970703
684     -15712.703125
685     -15714.417969
686     -15716.110352
687     -15717.789062
688     -15719.456055
689     -15721.089844
690     -15722.712891
691     -15724.331055
692     -15725.939453
693     -15727.541016
694     -15729.137695
695     -15730.729492
696     -15732.294922
697     -15733.851562
698     -15735.384766
699     -15736.892578
700     -15738.369141
701     -15739.835938
702     -15741.296875
703     -15742.750000
704     -15744.189453
705     -15745.623047
706     -15747.043945
707     -15748.452148
708     -15749.843750
709     -15751.224609
710     -15752.599609
711     -15753.970703
712     -15755.329102
713     -15756.680664
714     -15758.028320
715     -15759.372070
716     -15760.712891
717     -15762.046875
718     -15763.361328
719     -15764.658203
720     -15765.940430
721     -15767.213867
722     -15768.472656
723     -15769.725586
724     -15770.975586
725     -15772.214844
726     -15773.439453
727     -15774.653320
728     -15775.855469
729     -15777.043945
730     -15778.224609
731     -15779.384766
732     -15780.525391
733     -15781.658203
734     -15782.776367
735     -15783.872070
736     -15784.960938
737     -15786.048828
738     -15787.134766
739     -15788.216797
740     -15789.296875
741     -15790.371094
742     -15791.442383
743     -15792.508789
744     -15793.574219
745     -15794.632812
746     -15795.689453
747     -15796.739258
748     -15797.785156
749     -15798.828125
750     -15799.869141
751     -15800.907227
752     -15801.936523
753     -15802.964844
754     -15803.986328
755     -15804.995117
756     -15806.000000
757     -15806.992188
758     -15807.986328
759     -15808.967773
760     -15809.947266
761     -15810.924805
762     -15811.894531
763     -15812.859375
764     -15813.818359
765     -15814.777344
766     -15815.733398
767     -15816.685547
768     -15817.633789
769     -15818.580078
770     -15819.524414
771     -15820.466797
772     -15821.408203
773     -15822.343750
774     -15823.280273
775     -15824.209961
776     -15825.132812
777     -15826.048828
778     -15826.958984
779     -15827.869141
780     -15828.774414
781     -15829.670898
782     -15830.563477
783     -15831.453125
784     -15832.339844
785     -15833.226562
786     -15834.111328
787     -15834.994141
788     -15835.875000
789     -15836.744141
790     -15837.604492
791     -15838.453125
792     -15839.298828
793     -15840.143555
794     -15840.972656
795     -15841.794922
796     -15842.616211
797     -15843.436523
798     -15844.252930
799     -15845.064453
800     -15845.875000
801     -15846.683594
802     -15847.488281
803     -15848.288086
804     -15849.078125
805     -15849.862305
806     -15850.633789
807     -15851.401367
808     -15852.159180
809     -15852.902344
810     -15853.639648
811     -15854.373047
812     -15855.095703
813     -15855.801758
814     -15856.501953
815     -15857.201172
816     -15857.895508
817     -15858.581055
818     -15859.265625
819     -15859.949219
820     -15860.632812
821     -15861.312500
822     -15861.984375
823     -15862.652344
824     -15863.318359
825     -15863.976562
826     -15864.628906
827     -15865.279297
828     -15865.925781
829     -15866.570312
830     -15867.208984
831     -15867.839844
832     -15868.466797
833     -15869.092773
834     -15869.716797
835     -15870.335938
836     -15870.952148
837     -15871.568359
838     -15872.180664
839     -15872.792969
840     -15873.404297
841     -15874.013672
842     -15874.622070
843     -15875.230469
844     -15875.836914
845     -15876.439453
846     -15877.033203
847     -15877.621094
848     -15878.203125
849     -15878.781250
850     -15879.360352
851     -15879.938477
852     -15880.513672
853     -15881.089844
854     -15881.661133
855     -15882.224609
856     -15882.787109
857     -15883.345703
858     -15883.904297
859     -15884.460938
860     -15885.016602
861     -15885.570312
862     -15886.122070
863     -15886.669922
864     -15887.216797
865     -15887.757812
866     -15888.291016
867     -15888.823242
868     -15889.351562
869     -15889.879883
870     -15890.408203
871     -15890.933594
872     -15891.458984
873     -15891.982422
874     -15892.505859
875     -15893.025391
876     -15893.539062
877     -15894.049805
878     -15894.560547
879     -15895.068359
880     -15895.576172
881     -15896.080078
882     -15896.580078
883     -15897.080078
884     -15897.577148
885     -15898.072266
886     -15898.565430
887     -15899.057617
888     -15899.548828
889     -15900.040039
890     -15900.529297
891     -15901.018555
892     -15901.506836
893     -15901.990234
894     -15902.472656
895     -15902.953125
896     -15903.427734
897     -15903.902344
898     -15904.373047
899     -15904.842773
900     -15905.311523
901     -15905.777344
902     -15906.243164
903     -15906.706055
904     -15907.169922
905     -15907.632812
906     -15908.095703
907     -15908.555664
908     -15909.015625
909     -15909.474609
910     -15909.930664
911     -15910.379883
912     -15910.828125
913     -15911.275391
914     -15911.721680
915     -15912.161133
916     -15912.597656
917     -15913.033203
918     -15913.466797
919     -15913.899414
920     -15914.333008
921     -15914.765625
922     -15915.196289
923     -15915.625000
924     -15916.048828
925     -15916.470703
926     -15916.891602
927     -15917.306641
928     -15917.715820
929     -15918.122070
930     -15918.527344
931     -15918.931641
932     -15919.331055
933     -15919.726562
934     -15920.122070
935     -15920.516602
936     -15920.911133
937     -15921.302734
938     -15921.695312
939     -15922.086914
940     -15922.475586
941     -15922.863281
942     -15923.251953
943     -15923.637695
944     -15924.024414
945     -15924.408203
946     -15924.793945
947     -15925.174805
948     -15925.550781
949     -15925.927734
950     -15926.303711
951     -15926.677734
952     -15927.052734
953     -15927.421875
954     -15927.787109
955     -15928.153320
956     -15928.517578
957     -15928.879883
958     -15929.242188
959     -15929.605469
960     -15929.965820
961     -15930.321289
962     -15930.668945
963     -15931.016602
964     -15931.363281
965     -15931.708984
966     -15932.052734
967     -15932.397461
968     -15932.741211
969     -15933.083984
970     -15933.427734
971     -15933.769531
972     -15934.109375
973     -15934.450195
974     -15934.789062
975     -15935.128906
976     -15935.461914
977     -15935.794922
978     -15936.125977
979     -15936.456055
980     -15936.783203
981     -15937.110352
982     -15937.435547
983     -15937.762695
984     -15938.085938
985     -15938.408203
986     -15938.727539
987     -15939.046875
988     -15939.365234
989     -15939.682617
990     -15940.000000
991     -15940.317383
992     -15940.632812
993     -15940.946289
994     -15941.259766
995     -15941.572266
996     -15941.883789
997     -15942.191406
998     -15942.500000
999     -15942.806641
1000    -15943.113281
1001    -15943.415039
1002    -15943.707031
1003    -15943.997070
1004    -15944.289062
1005    -15944.579102
1006    -15944.866211
1007    -15945.152344
1008    -15945.437500
1009    -15945.722656
1010    -15946.007812
1011    -15946.291016
1012    -15946.573242
1013    -15946.854492
1014    -15947.132812
1015    -15947.412109
1016    -15947.690430
1017    -15947.968750
1018    -15948.246094
1019    -15948.519531
1020    -15948.789062
1021    -15949.056641
1022    -15949.326172
1023    -15949.588867
1024    -15949.851562
1025    -15950.113281
1026    -15950.375000
1027    -15950.636719
1028    -15950.896484
1029    -15951.153320
1030    -15951.410156
1031    -15951.666992
1032    -15951.920898
1033    -15952.173828
1034    -15952.425781
1035    -15952.676758
1036    -15952.926758
1037    -15953.177734
1038    -15953.425781
1039    -15953.670898
1040    -15953.916016
1041    -15954.158203
1042    -15954.401367
1043    -15954.643555
1044    -15954.884766
1045    -15955.124023
1046    -15955.360352
1047    -15955.596680
1048    -15955.831055
1049    -15956.064453
1050    -15956.298828
1051    -15956.532227
1052    -15956.765625
1053    -15957.000000
1054    -15957.230469
1055    -15957.462891
1056    -15957.693359
1057    -15957.924805
1058    -15958.154297
1059    -15958.383789
1060    -15958.612305
1061    -15958.841797
1062    -15959.070312
1063    -15959.296875
1064    -15959.518555
1065    -15959.739258
1066    -15959.960938
1067    -15960.179688
1068    -15960.400391
1069    -15960.619141
1070    -15960.837891
1071    -15961.056641
1072    -15961.274414
1073    -15961.491211
1074    -15961.708984
1075    -15961.923828
1076    -15962.141602
1077    -15962.356445
1078    -15962.572266
1079    -15962.786133
1080    -15963.001953
1081    -15963.213867
1082    -15963.427734
1083    -15963.640625
1084    -15963.853516
1085    -15964.066406
1086    -15964.277344
1087    -15964.487305
1088    -15964.698242
1089    -15964.909180
1090    -15965.119141
1091    -15965.328125
1092    -15965.537109
1093    -15965.746094
1094    -15965.955078
1095    -15966.161133
1096    -15966.369141
1097    -15966.576172
1098    -15966.783203
1099    -15966.984375
1100    -15967.185547
1101    -15967.383789
1102    -15967.585938
1103    -15967.784180
1104    -15967.984375
1105    -15968.181641
1106    -15968.380859
1107    -15968.578125
1108    -15968.775391
1109    -15968.972656
1110    -15969.167969
1111    -15969.363281
1112    -15969.558594
1113    -15969.750000
1114    -15969.943359
1115    -15970.135742
1116    -15970.327148
1117    -15970.517578
1118    -15970.707031
1119    -15970.896484
1120    -15971.085938
1121    -15971.273438
1122    -15971.461914
1123    -15971.649414
1124    -15971.837891
1125    -15972.024414
1126    -15972.208984
1127    -15972.396484
1128    -15972.580078
1129    -15972.761719
1130    -15972.943359
1131    -15973.118164
1132    -15973.291992
1133    -15973.457031
1134    -15973.623047
1135    -15973.789062
1136    -15973.954102
1137    -15974.118164
1138    -15974.283203
1139    -15974.447266
1140    -15974.610352
1141    -15974.773438
1142    -15974.935547
1143    -15975.098633
1144    -15975.256836
1145    -15975.416016
1146    -15975.572266
1147    -15975.728516
1148    -15975.881836
1149    -15976.034180
1150    -15976.187500
1151    -15976.339844
1152    -15976.492188
1153    -15976.643555
1154    -15976.794922
1155    -15976.945312
1156    -15977.095703
1157    -15977.246094
1158    -15977.395508
1159    -15977.543945
1160    -15977.693359
1161    -15977.842773
1162    -15977.989258
1163    -15978.137695
1164    -15978.286133
1165    -15978.432617
1166    -15978.579102
1167    -15978.725586
1168    -15978.872070
1169    -15979.016602
1170    -15979.162109
1171    -15979.306641
1172    -15979.451172
1173    -15979.592773
1174    -15979.735352
1175    -15979.875977
1176    -15980.018555
1177    -15980.159180
1178    -15980.300781
1179    -15980.440430
1180    -15980.580078
1181    -15980.719727
1182    -15980.858398
1183    -15980.998047
1184    -15981.136719
1185    -15981.273438
1186    -15981.411133
1187    -15981.547852
1188    -15981.685547
1189    -15981.820312
1190    -15981.957031
1191    -15982.091797
1192    -15982.227539
1193    -15982.361328
1194    -15982.496094
1195    -15982.628906
1196    -15982.761719
1197    -15982.896484
1198    -15983.030273
1199    -15983.161133
1200    -15983.292969
1201    -15983.423828
1202    -15983.556641
1203    -15983.685547
1204    -15983.816406
1205    -15983.946289
1206    -15984.076172
1207    -15984.205078
1208    -15984.333008
1209    -15984.461914
1210    -15984.589844
1211    -15984.717773
1212    -15984.843750
1213    -15984.970703
1214    -15985.095703
1215    -15985.222656
1216    -15985.349609
1217    -15985.472656
1218    -15985.597656
1219    -15985.721680
1220    -15985.845703
1221    -15985.968750
1222    -15986.091797
1223    -15986.214844
1224    -15986.335938
1225    -15986.458984
1226    -15986.581055
1227    -15986.701172
1228    -15986.821289
1229    -15986.941406
1230    -15987.062500
1231    -15987.181641
1232    -15987.300781
1233    -15987.418945
1234    -15987.537109
1235    -15987.655273
1236    -15987.772461
1237    -15987.888672
1238    -15987.999023
1239    -15988.107422
1240    -15988.215820
1241    -15988.323242
1242    -15988.429688
1243    -15988.536133
1244    -15988.642578
1245    -15988.748047
1246    -15988.853516
1247    -15988.958984
1248    -15989.064453
1249    -15989.168945
1250    -15989.273438
1251    -15989.377930
1252    -15989.480469
1253    -15989.583984
1254    -15989.686523
1255    -15989.789062
1256    -15989.890625
1257    -15989.992188
1258    -15990.094727
1259    -15990.194336
1260    -15990.291016
1261    -15990.388672
1262    -15990.485352
1263    -15990.580078
1264    -15990.674805
1265    -15990.769531
1266    -15990.863281
1267    -15990.957031
1268    -15991.048828
1269    -15991.139648
1270    -15991.229492
1271    -15991.318359
1272    -15991.408203
1273    -15991.497070
1274    -15991.584961
1275    -15991.672852
1276    -15991.760742
1277    -15991.848633
1278    -15991.936523
1279    -15992.023438
1280    -15992.109375
1281    -15992.195312
1282    -15992.283203
1283    -15992.369141
1284    -15992.454102
1285    -15992.539062
1286    -15992.623047
1287    -15992.708984
1288    -15992.791992
1289    -15992.876953
1290    -15992.959961
1291    -15993.042969
1292    -15993.126953
1293    -15993.209961
1294    -15993.291992
1295    -15993.375000
1296    -15993.457031
1297    -15993.539062
1298    -15993.621094
1299    -15993.702148
1300    -15993.784180
1301    -15993.864258
1302    -15993.944336
1303    -15994.024414
1304    -15994.104492
1305    -15994.184570
1306    -15994.263672
1307    -15994.342773
1308    -15994.421875
1309    -15994.500000
1310    -15994.579102
1311    -15994.656250
1312    -15994.735352
1313    -15994.812500
1314    -15994.890625
1315    -15994.966797
1316    -15995.043945
1317    -15995.120117
1318    -15995.197266
1319    -15995.274414
1320    -15995.350586
1321    -15995.424805
1322    -15995.500000
1323    -15995.575195
1324    -15995.650391
1325    -15995.724609
1326    -15995.798828
1327    -15995.874023
1328    -15995.947266
1329    -15996.021484
1330    -15996.095703
1331    -15996.167969
1332    -15996.242188
1333    -15996.313477
1334    -15996.385742
1335    -15996.458008
1336    -15996.530273
1337    -15996.602539
1338    -15996.673828
1339    -15996.745117
1340    -15996.816406
1341    -15996.887695
1342    -15996.958984
1343    -15997.029297
1344    -15997.099609
1345    -15997.167969
1346    -15997.236328
1347    -15997.303711
1348    -15997.370117
1349    -15997.437500
1350    -15997.503906
1351    -15997.570312
1352    -15997.636719
1353    -15997.702148
1354    -15997.768555
1355    -15997.833984
1356    -15997.899414
1357    -15997.964844
1358    -15998.030273
1359    -15998.093750
1360    -15998.158203
1361    -15998.224609
1362    -15998.288086
1363    -15998.351562
1364    -15998.416016
1365    -15998.479492
1366    -15998.542969
1367    -15998.606445
1368    -15998.669922
1369    -15998.732422
1370    -15998.794922
1371    -15998.859375
1372    -15998.919922
1373    -15998.982422
1374    -15999.045898
1375    -15999.108398
1376    -15999.169922
1377    -15999.232422
1378    -15999.291992
1379    -15999.353516
1380    -15999.415039
1381    -15999.475586
1382    -15999.536133
1383    -15999.597656
1384    -15999.658203
1385    -15999.718750
1386    -15999.779297
1387    -15999.838867
1388    -15999.898438
1389    -15999.958008
1390    -16000.016602
1391    -16000.078125
1392    -16000.135742
1393    -16000.196289
1394    -16000.253906
1395    -16000.313477
1396    -16000.372070
1397    -16000.431641
1398    -16000.489258
1399    -16000.548828
1400    -16000.605469
1401    -16000.664062
1402    -16000.720703
1403    -16000.779297
1404    -16000.836914
1405    -16000.893555
1406    -16000.950195
1407    -16001.005859
1408    -16001.062500
1409    -16001.119141
1410    -16001.174805
1411    -16001.231445
1412    -16001.286133
1413    -16001.341797
1414    -16001.398438
1415    -16001.453125
1416    -16001.507812
1417    -16001.562500
1418    -16001.617188
1419    -16001.672852
1420    -16001.727539
1421    -16001.781250
1422    -16001.836914
1423    -16001.891602
1424    -16001.945312
1425    -16002.000000
1426    -16002.053711
1427    -16002.107422
1428    -16002.161133
1429    -16002.214844
1430    -16002.268555
1431    -16002.322266
1432    -16002.375000
1433    -16002.427734
1434    -16002.482422
1435    -16002.535156
1436    -16002.587891
1437    -16002.640625
1438    -16002.692383
1439    -16002.746094
1440    -16002.798828
1441    -16002.851562
1442    -16002.902344
1443    -16002.952148
1444    -16003.001953
1445    -16003.050781
1446    -16003.100586
1447    -16003.150391
1448    -16003.195312
1449    -16003.239258
1450    -16003.284180
1451    -16003.330078
1452    -16003.375000
1453    -16003.418945
1454    -16003.464844
1455    -16003.508789
1456    -16003.552734
1457    -16003.597656
1458    -16003.641602
1459    -16003.685547
1460    -16003.730469
1461    -16003.774414
1462    -16003.818359
1463    -16003.863281
1464    -16003.906250
1465    -16003.950195
1466    -16003.994141
1467    -16004.038086
1468    -16004.082031
1469    -16004.125000
1470    -16004.168945
1471    -16004.212891
1472    -16004.256836
1473    -16004.299805
1474    -16004.343750
1475    -16004.386719
1476    -16004.429688
1477    -16004.472656
1478    -16004.516602
1479    -16004.559570
1480    -16004.602539
1481    -16004.646484
1482    -16004.689453
1483    -16004.732422
1484    -16004.775391
1485    -16004.818359
1486    -16004.861328
1487    -16004.903320
1488    -16004.945312
1489    -16004.986328
1490    -16005.026367
1491    -16005.067383
1492    -16005.107422
1493    -16005.148438
1494    -16005.187500
1495    -16005.226562
1496    -16005.266602
1497    -16005.306641
1498    -16005.345703
1499    -16005.384766
1500    -16005.424805
1501    -16005.462891
1502    -16005.500977
1503    -16005.539062
1504    -16005.576172
1505    -16005.614258
1506    -16005.652344
1507    -16005.689453
1508    -16005.727539
1509    -16005.764648
1510    -16005.802734
1511    -16005.839844
1512    -16005.876953
1513    -16005.915039
1514    -16005.953125
1515    -16005.990234
1516    -16006.027344
1517    -16006.064453
1518    -16006.102539
1519    -16006.139648
1520    -16006.177734
1521    -16006.214844
1522    -16006.251953
1523    -16006.291016
1524    -16006.329102
1525    -16006.365234
1526    -16006.403320
1527    -16006.438477
1528    -16006.472656
1529    -16006.505859
1530    -16006.537109
1531    -16006.570312
1532    -16006.601562
1533    -16006.633789
1534    -16006.666016
1535    -16006.697266
1536    -16006.729492
1537    -16006.761719
1538    -16006.794922
1539    -16006.824219
1540    -16006.857422
1541    -16006.889648
1542    -16006.921875
1543    -16006.955078
1544    -16006.986328
1545    -16007.017578
1546    -16007.050781
1547    -16007.082031
1548    -16007.116211
1549    -16007.146484
1550    -16007.179688
1551    -16007.212891
1552    -16007.245117
1553    -16007.278320
1554    -16007.310547
1555    -16007.341797
1556    -16007.375000
1557    -16007.408203
1558    -16007.439453
1559    -16007.472656
1560    -16007.503906
1561    -16007.538086
1562    -16007.572266
1563    -16007.603516
1564    -16007.635742
1565    -16007.669922
1566    -16007.702148
1567    -16007.736328
1568    -16007.768555
1569    -16007.800781
1570    -16007.834961
1571    -16007.867188
1572    -16007.900391
1573    -16007.934570
1574    -16007.967773
1575    -16008.000977
1576    -16008.035156
1577    -16008.067383
1578    -16008.100586
1579    -16008.134766
1580    -16008.166992
1581    -16008.201172
1582    -16008.236328
1583    -16008.269531
1584    -16008.302734
1585    -16008.336914
1586    -16008.371094
1587    -16008.404297
1588    -16008.439453
1589    -16008.473633
1590    -16008.505859
1591    -16008.541016
1592    -16008.574219
1593    -16008.609375
1594    -16008.644531
1595    -16008.678711
1596    -16008.711914
1597    -16008.748047
1598    -16008.781250
1599    -16008.817383
1600    -16008.850586
1601    -16008.886719
1602    -16008.920898
1603    -16008.957031
1604    -16008.991211
1605    -16009.025391
1606    -16009.060547
1607    -16009.092773
1608    -16009.125977
1609    -16009.157227
1610    -16009.189453
1611    -16009.222656
1612    -16009.255859
1613    -16009.288086
1614    -16009.319336
1615    -16009.353516
1616    -16009.385742
1617    -16009.419922
1618    -16009.452148
1619    -16009.485352
1620    -16009.517578
1621    -16009.550781
1622    -16009.583008
1623    -16009.614258
1624    -16009.646484
1625    -16009.678711
1626    -16009.710938
1627    -16009.742188
1628    -16009.776367
1629    -16009.806641
1630    -16009.839844
1631    -16009.872070
1632    -16009.905273
1633    -16009.937500
1634    -16009.969727
1635    -16010.001953
1636    -16010.035156
1637    -16010.068359
1638    -16010.100586
1639    -16010.134766
1640    -16010.167969
1641    -16010.201172
1642    -16010.234375
1643    -16010.267578
1644    -16010.300781
1645    -16010.334961
1646    -16010.369141
1647    -16010.402344
1648    -16010.435547
1649    -16010.469727
1650    -16010.503906
1651    -16010.539062
1652    -16010.572266
1653    -16010.606445
1654    -16010.642578
1655    -16010.675781
1656    -16010.710938
1657    -16010.744141
1658    -16010.778320
1659    -16010.813477
1660    -16010.847656
1661    -16010.883789
1662    -16010.917969
1663    -16010.953125
1664    -16010.988281
1665    -16011.023438
1666    -16011.059570
1667    -16011.095703
1668    -16011.128906
1669    -16011.166016
1670    -16011.201172
1671    -16011.236328
1672    -16011.273438
1673    -16011.307617
1674    -16011.343750
1675    -16011.379883
1676    -16011.416016
1677    -16011.453125
1678    -16011.488281
1679    -16011.523438
1680    -16011.560547
1681    -16011.595703
1682    -16011.630859
1683    -16011.667969
1684    -16011.704102
1685    -16011.740234
1686    -16011.776367
1687    -16011.812500
1688    -16011.848633
1689    -16011.885742
1690    -16011.922852
1691    -16011.958984
1692    -16011.996094
1693    -16012.031250
1694    -16012.068359
1695    -16012.105469
1696    -16012.143555
1697    -16012.179688
1698    -16012.216797
1699    -16012.254883
1700    -16012.291016
1701    -16012.330078
1702    -16012.367188
1703    -16012.404297
1704    -16012.441406
1705    -16012.479492
1706    -16012.516602
1707    -16012.554688
1708    -16012.591797
1709    -16012.630859
1710    -16012.668945
1711    -16012.707031
1712    -16012.744141
1713    -16012.782227
1714    -16012.820312
1715    -16012.859375
1716    -16012.897461
1717    -16012.935547
1718    -16012.973633
1719    -16013.011719
1720    -16013.050781
1721    -16013.089844
1722    -16013.127930
1723    -16013.166016
1724    -16013.205078
1725    -16013.244141
1726    -16013.283203
1727    -16013.321289
1728    -16013.360352
1729    -16013.398438
1730    -16013.438477
1731    -16013.477539
1732    -16013.517578
1733    -16013.556641
1734    -16013.595703
1735    -16013.634766
1736    -16013.673828
1737    -16013.712891
1738    -16013.751953
1739    -16013.791016
1740    -16013.831055
1741    -16013.870117
1742    -16013.910156
1743    -16013.949219
1744    -16013.990234
1745    -16014.029297
1746    -16014.068359
1747    -16014.108398
1748    -16014.147461
1749    -16014.187500
1750    -16014.227539
1751    -16014.267578
1752    -16014.306641
1753    -16014.347656
1754    -16014.386719
1755    -16014.427734
1756    -16014.465820
1757    -16014.506836
1758    -16014.546875
1759    -16014.586914
1760    -16014.626953
1761    -16014.666992
1762    -16014.707031
1763    -16014.748047
1764    -16014.787109
1765    -16014.827148
1766    -16014.868164
1767    -16014.908203
1768    -16014.947266
1769    -16014.988281
1770    -16015.029297
1771    -16015.068359
1772    -16015.109375
1773    -16015.150391
1774    -16015.190430
1775    -16015.229492
1776    -16015.268555
1777    -16015.306641
1778    -16015.345703
1779    -16015.384766
1780    -16015.423828
1781    -16015.461914
1782    -16015.500977
1783    -16015.539062
1784    -16015.578125
1785    -16015.617188
1786    -16015.656250
1787    -16015.694336
1788    -16015.734375
1789    -16015.773438
1790    -16015.811523
1791    -16015.851562
1792    -16015.889648
1793    -16015.927734
1794    -16015.966797
1795    -16016.005859
1796    -16016.044922
1797    -16016.083984
1798    -16016.122070
1799    -16016.162109
1800    -16016.200195
1801    -16016.240234
1802    -16016.278320
1803    -16016.316406
1804    -16016.357422
1805    -16016.396484
1806    -16016.433594
1807    -16016.473633
1808    -16016.512695
1809    -16016.550781
1810    -16016.590820
1811    -16016.627930
1812    -16016.667969
1813    -16016.708008
1814    -16016.746094
1815    -16016.785156
1816    -16016.825195
1817    -16016.863281
1818    -16016.902344
1819    -16016.940430
1820    -16016.980469
1821    -16017.019531
1822    -16017.057617
1823    -16017.097656
1824    -16017.135742
1825    -16017.174805
1826    -16017.213867
1827    -16017.252930
1828    -16017.291016
1829    -16017.331055
1830    -16017.370117
1831    -16017.408203
1832    -16017.447266
1833    -16017.486328
1834    -16017.525391
1835    -16017.564453
1836    -16017.601562
1837    -16017.640625
1838    -16017.680664
1839    -16017.718750
1840    -16017.758789
1841    -16017.796875
1842    -16017.835938
1843    -16017.875000
1844    -16017.913086
1845    -16017.953125
1846    -16017.990234
1847    -16018.030273
1848    -16018.068359
1849    -16018.107422
1850    -16018.147461
1851    -16018.184570
1852    -16018.224609
1853    -16018.262695
1854    -16018.300781
1855    -16018.339844
1856    -16018.378906
1857    -16018.416992
1858    -16018.455078
1859    -16018.494141
1860    -16018.533203
1861    -16018.571289
1862    -16018.611328
1863    -16018.648438
1864    -16018.687500
1865    -16018.725586
1866    -16018.763672
1867    -16018.802734
1868    -16018.839844
1869    -16018.878906
1870    -16018.916992
1871    -16018.954102
1872    -16018.994141
1873    -16019.031250
1874    -16019.069336
1875    -16019.106445
1876    -16019.146484
1877    -16019.183594
1878    -16019.221680
1879    -16019.259766
1880    -16019.298828
1881    -16019.335938
1882    -16019.373047
1883    -16019.412109
1884    -16019.449219
1885    -16019.487305
1886    -16019.526367
1887    -16019.563477
1888    -16019.601562
1889    -16019.639648
1890    -16019.677734
1891    -16019.715820
1892    -16019.751953
1893    -16019.791016
1894    -16019.828125
1895    -16019.865234
1896    -16019.903320
1897    -16019.941406
1898    -16019.978516
1899    -16020.016602
1900    -16020.054688
1901    -16020.091797
1902    -16020.129883
1903    -16020.167969
1904    -16020.204102
1905    -16020.242188
1906    -16020.279297
1907    -16020.316406
1908    -16020.353516
1909    -16020.392578
1910    -16020.429688
1911    -16020.467773
1912    -16020.503906
1913    -16020.540039
1914    -16020.578125
1915    -16020.615234
1916    -16020.653320
1917    -16020.689453
1918    -16020.728516
1919    -16020.763672
1920    -16020.800781
1921    -16020.838867
1922    -16020.875977
1923    -16020.912109
1924    -16020.950195
1925    -16020.986328
1926    -16021.023438
1927    -16021.060547
1928    -16021.096680
1929    -16021.133789
1930    -16021.170898
1931    -16021.208008
1932    -16021.244141
1933    -16021.281250
1934    -16021.317383
1935    -16021.354492
1936    -16021.391602
1937    -16021.427734
1938    -16021.462891
1939    -16021.500000
1940    -16021.537109
1941    -16021.573242
1942    -16021.609375
1943    -16021.646484
1944    -16021.682617
1945    -16021.719727
1946    -16021.755859
1947    -16021.791992
1948    -16021.828125
1949    -16021.864258
1950    -16021.899414
1951    -16021.935547
1952    -16021.971680
1953    -16022.007812
1954    -16022.043945
1955    -16022.081055
1956    -16022.116211
1957    -16022.150391
1958    -16022.187500
1959    -16022.222656
1960    -16022.259766
1961    -16022.293945
1962    -16022.331055
1963    -16022.365234
1964    -16022.401367
1965    -16022.437500
1966    -16022.472656
1967    -16022.507812
1968    -16022.542969
1969    -16022.578125
1970    -16022.613281
1971    -16022.648438
1972    -16022.683594
1973    -16022.718750
1974    -16022.753906
1975    -16022.789062
1976    -16022.824219
1977    -16022.860352
1978    -16022.894531
1979    -16022.927734
1980    -16022.962891
1981    -16022.999023
1982    -16023.033203
1983    -16023.066406
1984    -16023.102539
1985    -16023.136719
1986    -16023.170898
1987    -16023.206055
1988    -16023.240234
1989    -16023.273438
1990    -16023.309570
1991    -16023.342773
1992    -16023.377930
1993    -16023.411133
1994    -16023.445312
1995    -16023.480469
1996    -16023.513672
1997    -16023.547852
1998    -16023.581055
1999    -16023.615234
2000    -16023.648438
2001    -16023.681641
2002    -16023.715820
2003    -16023.750000
2004    -16023.783203
2005    -16023.816406
2006    -16023.849609
2007    -16023.882812
2008    -16023.916992
2009    -16023.950195
2010    -16023.982422
2011    -16024.015625
2012    -16024.047852
2013    -16024.083008
2014    -16024.115234
2015    -16024.148438
2016    -16024.180664
2017    -16024.213867
2018    -16024.246094
2019    -16024.279297
2020    -16024.312500
2021    -16024.344727
2022    -16024.376953
2023    -16024.409180
2024    -16024.441406
2025    -16024.474609
2026    -16024.505859
2027    -16024.539062
2028    -16024.571289
2029    -16024.602539
2030    -16024.635742
2031    -16024.667969
2032    -16024.699219
2033    -16024.730469
2034    -16024.763672
2035    -16024.793945
2036    -16024.826172
2037    -16024.858398
2038    -16024.889648
2039    -16024.920898
2040    -16024.953125
2041    -16024.985352
2042    -16025.015625
2043    -16025.047852
2044    -16025.078125
2045    -16025.109375
2046    -16025.140625
2047    -16025.171875
2048    -16025.203125
2049    -16025.233398
2050    -16025.265625
2051    -16025.296875
2052    -16025.326172
2053    -16025.357422
2054    -16025.388672
2055    -16025.419922
2056    -16025.450195
2057    -16025.481445
2058    -16025.510742
2059    -16025.541992
2060    -16025.572266
2061    -16025.603516
2062    -16025.633789
2063    -16025.663086
2064    -16025.694336
2065    -16025.723633
2066    -16025.753906
2067    -16025.784180
2068    -16025.812500
2069    -16025.841797
2070    -16025.871094
2071    -16025.899414
2072    -16025.926758
2073    -16025.957031
2074    -16025.985352
2075    -16026.013672
2076    -16026.041992
2077    -16026.070312
2078    -16026.099609
2079    -16026.128906
2080    -16026.156250
2081    -16026.184570
2082    -16026.211914
2083    -16026.241211
2084    -16026.269531
2085    -16026.298828
2086    -16026.326172
2087    -16026.353516
2088    -16026.381836
2089    -16026.410156
2090    -16026.437500
2091    -16026.465820
2092    -16026.493164
2093    -16026.521484
2094    -16026.548828
2095    -16026.578125
2096    -16026.603516
2097    -16026.632812
2098    -16026.660156
2099    -16026.687500
2100    -16026.715820
2101    -16026.743164
2102    -16026.771484
2103    -16026.798828
2104    -16026.826172
2105    -16026.852539
2106    -16026.880859
2107    -16026.907227
2108    -16026.935547
2109    -16026.962891
2110    -16026.990234
2111    -16027.017578
2112    -16027.044922
2113    -16027.072266
2114    -16027.099609
2115    -16027.125977
2116    -16027.154297
2117    -16027.181641
2118    -16027.208008
2119    -16027.234375
2120    -16027.261719
2121    -16027.289062
2122    -16027.315430
2123    -16027.341797
2124    -16027.369141
2125    -16027.396484
2126    -16027.423828
2127    -16027.451172
2128    -16027.478516
2129    -16027.504883
2130    -16027.531250
2131    -16027.558594
2132    -16027.585938
2133    -16027.613281
2134    -16027.638672
2135    -16027.666016
2136    -16027.692383
2137    -16027.719727
2138    -16027.746094
2139    -16027.773438
2140    -16027.798828
2141    -16027.827148
2142    -16027.853516
2143    -16027.880859
2144    -16027.907227
2145    -16027.934570
2146    -16027.959961
2147    -16027.986328
2148    -16028.013672
2149    -16028.040039
2150    -16028.068359
2151    -16028.093750
2152    -16028.121094
2153    -16028.146484
2154    -16028.172852
2155    -16028.201172
2156    -16028.226562
2157    -16028.253906
2158    -16028.281250
2159    -16028.306641
2160    -16028.333984
2161    -16028.359375
2162    -16028.386719
2163    -16028.414062
2164    -16028.439453
2165    -16028.466797
2166    -16028.493164
2167    -16028.519531
2168    -16028.546875
2169    -16028.573242
2170    -16028.599609
2171    -16028.625977
2172    -16028.652344
2173    -16028.679688
2174    -16028.706055
2175    -16028.733398
2176    -16028.759766
2177    -16028.786133
2178    -16028.812500
2179    -16028.839844
2180    -16028.867188
2181    -16028.892578
2182    -16028.919922
2183    -16028.946289
2184    -16028.974609
2185    -16029.000000
2186    -16029.025391
2187    -16029.052734
2188    -16029.080078
2189    -16029.107422
2190    -16029.132812
2191    -16029.160156
2192    -16029.188477
2193    -16029.213867
2194    -16029.240234
2195    -16029.267578
2196    -16029.294922
2197    -16029.322266
2198    -16029.348633
2199    -16029.375977
2200    -16029.402344
2201    -16029.429688
2202    -16029.456055
2203    -16029.482422
2204    -16029.510742
2205    -16029.538086
2206    -16029.564453
2207    -16029.591797
2208    -16029.618164
2209    -16029.644531
2210    -16029.671875
2211    -16029.696289
2212    -16029.721680
2213    -16029.745117
2214    -16029.769531
2215    -16029.794922
2216    -16029.820312
2217    -16029.844727
2218    -16029.870117
2219    -16029.895508
2220    -16029.919922
2221    -16029.944336
2222    -16029.967773
2223    -16029.993164
2224    -16030.016602
2225    -16030.041992
2226    -16030.065430
2227    -16030.090820
2228    -16030.115234
2229    -16030.139648
2230    -16030.164062
2231    -16030.189453
2232    -16030.212891
2233    -16030.238281
2234    -16030.262695
2235    -16030.288086
2236    -16030.312500
2237    -16030.337891
2238    -16030.362305
2239    -16030.388672
2240    -16030.412109
2241    -16030.436523
2242    -16030.461914
2243    -16030.486328
2244    -16030.512695
2245    -16030.537109
2246    -16030.562500
2247    -16030.586914
2248    -16030.613281
2249    -16030.637695
2250    -16030.664062
2251    -16030.688477
2252    -16030.713867
2253    -16030.739258
2254    -16030.765625
2255    -16030.791016
2256    -16030.815430
2257    -16030.841797
2258    -16030.868164
2259    -16030.894531
2260    -16030.919922
2261    -16030.945312
2262    -16030.971680
2263    -16030.998047
2264    -16031.023438
2265    -16031.049805
2266    -16031.077148
2267    -16031.101562
2268    -16031.128906
2269    -16031.154297
2270    -16031.182617
2271    -16031.208984
2272    -16031.235352
2273    -16031.261719
2274    -16031.289062
2275    -16031.315430
2276    -16031.342773
2277    -16031.370117
2278    -16031.396484
2279    -16031.424805
2280    -16031.452148
2281    -16031.478516
2282    -16031.506836
2283    -16031.533203
2284    -16031.561523
2285    -16031.589844
2286    -16031.617188
2287    -16031.644531
2288    -16031.672852
2289    -16031.701172
2290    -16031.728516
2291    -16031.757812
2292    -16031.787109
2293    -16031.813477
2294    -16031.843750
2295    -16031.872070
2296    -16031.900391
2297    -16031.929688
2298    -16031.958984
2299    -16031.987305
2300    -16032.017578
2301    -16032.045898
2302    -16032.076172
2303    -16032.105469
2304    -16032.134766
2305    -16032.166016
2306    -16032.195312
2307    -16032.224609
2308    -16032.254883
2309    -16032.286133
2310    -16032.316406
2311    -16032.345703
2312    -16032.374023
2313    -16032.404297
2314    -16032.434570
2315    -16032.464844
2316    -16032.495117
2317    -16032.525391
2318    -16032.556641
2319    -16032.587891
2320    -16032.618164
2321    -16032.648438
2322    -16032.680664
2323    -16032.712891
2324    -16032.744141
2325    -16032.775391
2326    -16032.807617
2327    -16032.838867
2328    -16032.871094
2329    -16032.902344
2330    -16032.933594
2331    -16032.963867
2332    -16032.996094
2333    -16033.027344
2334    -16033.060547
2335    -16033.092773
2336    -16033.125000
2337    -16033.157227
2338    -16033.189453
2339    -16033.222656
2340    -16033.255859
2341    -16033.290039
2342    -16033.324219
2343    -16033.357422
2344    -16033.391602
2345    -16033.426758
2346    -16033.458984
2347    -16033.495117
2348    -16033.530273
2349    -16033.565430
2350    -16033.599609
2351    -16033.635742
2352    -16033.672852
2353    -16033.708984
2354    -16033.745117
2355    -16033.781250
2356    -16033.817383
2357    -16033.854492
2358    -16033.892578
2359    -16033.929688
2360    -16033.967773
2361    -16034.005859
2362    -16034.044922
2363    -16034.082031
2364    -16034.121094
2365    -16034.160156
2366    -16034.201172
2367    -16034.239258
2368    -16034.279297
2369    -16034.319336
2370    -16034.359375
2371    -16034.400391
2372    -16034.440430
2373    -16034.481445
2374    -16034.523438
2375    -16034.564453
2376    -16034.605469
2377    -16034.648438
2378    -16034.691406
2379    -16034.733398
2380    -16034.777344
2381    -16034.819336
2382    -16034.863281
2383    -16034.906250
2384    -16034.949219
2385    -16034.994141
2386    -16035.039062
2387    -16035.082031
2388    -16035.127930
2389    -16035.172852
2390    -16035.217773
2391    -16035.263672
2392    -16035.309570
2393    -16035.355469
2394    -16035.401367
2395    -16035.448242
2396    -16035.494141
2397    -16035.541016
2398    -16035.587891
2399    -16035.634766
2400    -16035.683594
2401    -16035.729492
2402    -16035.779297
2403    -16035.827148
2404    -16035.875977
2405    -16035.923828
2406    -16035.973633
2407    -16036.021484
2408    -16036.071289
2409    -16036.121094
2410    -16036.170898
2411    -16036.220703
2412    -16036.270508
2413    -16036.322266
2414    -16036.372070
2415    -16036.422852
2416    -16036.472656
2417    -16036.525391
2418    -16036.575195
2419    -16036.625000
2420    -16036.675781
2421    -16036.725586
2422    -16036.777344
2423    -16036.827148
2424    -16036.878906
2425    -16036.930664
2426    -16036.981445
2427    -16037.033203
2428    -16037.083984
2429    -16037.136719
2430    -16037.189453
2431    -16037.241211
2432    -16037.293945
2433    -16037.347656
2434    -16037.400391
2435    -16037.454102
2436    -16037.507812
2437    -16037.561523
2438    -16037.615234
2439    -16037.669922
2440    -16037.724609
2441    -16037.779297
2442    -16037.833984
2443    -16037.889648
2444    -16037.944336
2445    -16038.000000
2446    -16038.055664
2447    -16038.112305
2448    -16038.167969
2449    -16038.224609
2450    -16038.281250
2451    -16038.338867
2452    -16038.394531
2453    -16038.452148
2454    -16038.510742
2455    -16038.568359
2456    -16038.625977
2457    -16038.685547
2458    -16038.742188
2459    -16038.802734
2460    -16038.860352
2461    -16038.917969
2462    -16038.977539
2463    -16039.036133
2464    -16039.095703
2465    -16039.154297
2466    -16039.212891
2467    -16039.273438
2468    -16039.332031
2469    -16039.393555
2470    -16039.453125
2471    -16039.513672
2472    -16039.574219
2473    -16039.636719
2474    -16039.697266
2475    -16039.757812
2476    -16039.820312
2477    -16039.881836
2478    -16039.943359
2479    -16040.005859
2480    -16040.068359
2481    -16040.130859
2482    -16040.193359
2483    -16040.255859
2484    -16040.319336
2485    -16040.381836
2486    -16040.445312
2487    -16040.509766
2488    -16040.571289
2489    -16040.634766
2490    -16040.699219
2491    -16040.763672
2492    -16040.827148
2493    -16040.892578
2494    -16040.956055
2495    -16041.020508
2496    -16041.083984
2497    -16041.148438
2498    -16041.212891
2499    -16041.278320
2500    -16041.341797
2501    -16041.407227
2502    -16041.472656
2503    -16041.537109
2504    -16041.600586
2505    -16041.666016
2506    -16041.730469
2507    -16041.794922
2508    -16041.859375
2509    -16041.925781
2510    -16041.990234
2511    -16042.054688
2512    -16042.119141
2513    -16042.183594
2514    -16042.248047
2515    -16042.312500
2516    -16042.377930
2517    -16042.442383
2518    -16042.505859
2519    -16042.570312
2520    -16042.633789
2521    -16042.698242
2522    -16042.762695
2523    -16042.825195
2524    -16042.889648
2525    -16042.953125
2526    -16043.015625
2527    -16043.080078
2528    -16043.142578
2529    -16043.205078
2530    -16043.267578
2531    -16043.331055
2532    -16043.392578
2533    -16043.457031
2534    -16043.518555
2535    -16043.580078
2536    -16043.642578
2537    -16043.704102
2538    -16043.765625
2539    -16043.826172
2540    -16043.886719
2541    -16043.948242
2542    -16044.009766
2543    -16044.070312
2544    -16044.130859
2545    -16044.190430
2546    -16044.250000
2547    -16044.310547
2548    -16044.370117
2549    -16044.429688
2550    -16044.489258
2551    -16044.546875
2552    -16044.607422
2553    -16044.665039
2554    -16044.723633
2555    -16044.782227
2556    -16044.838867
2557    -16044.897461
2558    -16044.955078
2559    -16045.011719
2560    -16045.070312
2561    -16045.125977
2562    -16045.183594
2563    -16045.240234
2564    -16045.296875
2565    -16045.352539
2566    -16045.410156
2567    -16045.464844
2568    -16045.519531
2569    -16045.576172
2570    -16045.630859
2571    -16045.685547
2572    -16045.742188
2573    -16045.795898
2574    -16045.850586
2575    -16045.905273
2576    -16045.958984
2577    -16046.013672
2578    -16046.068359
2579    -16046.121094
2580    -16046.174805
2581    -16046.227539
2582    -16046.281250
2583    -16046.333984
2584    -16046.388672
2585    -16046.440430
2586    -16046.492188
2587    -16046.544922
2588    -16046.591797
2589    -16046.639648
2590    -16046.687500
2591    -16046.733398
2592    -16046.781250
2593    -16046.828125
2594    -16046.875000
2595    -16046.921875
2596    -16046.968750
2597    -16047.015625
2598    -16047.061523
2599    -16047.107422
2600    -16047.153320
2601    -16047.201172
2602    -16047.247070
2603    -16047.292969
2604    -16047.338867
2605    -16047.384766
2606    -16047.431641
2607    -16047.476562
2608    -16047.522461
2609    -16047.568359
2610    -16047.615234
2611    -16047.661133
2612    -16047.707031
2613    -16047.751953
2614    -16047.798828
2615    -16047.843750
2616    -16047.887695
2617    -16047.933594
2618    -16047.977539
2619    -16048.022461
2620    -16048.067383
2621    -16048.113281
2622    -16048.156250
2623    -16048.202148
2624    -16048.246094
2625    -16048.290039
2626    -16048.333008
2627    -16048.376953
2628    -16048.418945
2629    -16048.462891
2630    -16048.505859
2631    -16048.548828
2632    -16048.591797
2633    -16048.635742
2634    -16048.679688
2635    -16048.722656
2636    -16048.766602
2637    -16048.809570
2638    -16048.851562
2639    -16048.896484
2640    -16048.940430
2641    -16048.984375
2642    -16049.028320
2643    -16049.071289
2644    -16049.116211
2645    -16049.160156
2646    -16049.203125
2647    -16049.249023
2648    -16049.292969
2649    -16049.336914
2650    -16049.381836
2651    -16049.426758
2652    -16049.470703
2653    -16049.514648
2654    -16049.559570
2655    -16049.605469
2656    -16049.650391
2657    -16049.695312
2658    -16049.741211
2659    -16049.787109
2660    -16049.832031
2661    -16049.877930
2662    -16049.923828
2663    -16049.970703
2664    -16050.017578
2665    -16050.062500
2666    -16050.109375
2667    -16050.156250
2668    -16050.204102
2669    -16050.250977
2670    -16050.297852
2671    -16050.345703
2672    -16050.392578
2673    -16050.439453
2674    -16050.488281
2675    -16050.534180
2676    -16050.581055
2677    -16050.627930
2678    -16050.674805
2679    -16050.721680
2680    -16050.769531
2681    -16050.816406
2682    -16050.864258
2683    -16050.912109
2684    -16050.960938
2685    -16051.008789
2686    -16051.057617
2687    -16051.105469
2688    -16051.156250
2689    -16051.206055
2690    -16051.255859
2691    -16051.305664
2692    -16051.354492
2693    -16051.406250
2694    -16051.456055
2695    -16051.507812
2696    -16051.559570
2697    -16051.611328
2698    -16051.662109
2699    -16051.714844
2700    -16051.767578
2701    -16051.820312
2702    -16051.874023
2703    -16051.927734
2704    -16051.980469
2705    -16052.034180
2706    -16052.089844
2707    -16052.144531
2708    -16052.199219
2709    -16052.255859
2710    -16052.310547
2711    -16052.367188
2712    -16052.423828
2713    -16052.480469
2714    -16052.537109
2715    -16052.594727
2716    -16052.652344
2717    -16052.710938
2718    -16052.770508
2719    -16052.828125
2720    -16052.887695
2721    -16052.946289
2722    -16053.007812
2723    -16053.067383
2724    -16053.128906
2725    -16053.189453
2726    -16053.250977
2727    -16053.312500
2728    -16053.375000
2729    -16053.437500
2730    -16053.500000
2731    -16053.562500
2732    -16053.626953
2733    -16053.689453
2734    -16053.753906
2735    -16053.818359
2736    -16053.882812
2737    -16053.948242
2738    -16054.013672
2739    -16054.078125
2740    -16054.144531
2741    -16054.210938
2742    -16054.279297
2743    -16054.344727
2744    -16054.413086
2745    -16054.479492
2746    -16054.546875
2747    -16054.615234
2748    -16054.682617
2749    -16054.751953
2750    -16054.820312
2751    -16054.890625
2752    -16054.958984
2753    -16055.028320
2754    -16055.096680
2755    -16055.166992
2756    -16055.237305
2757    -16055.306641
2758    -16055.376953
2759    -16055.447266
2760    -16055.517578
2761    -16055.588867
2762    -16055.660156
2763    -16055.730469
2764    -16055.800781
2765    -16055.871094
2766    -16055.942383
2767    -16056.013672
2768    -16056.083984
2769    -16056.156250
2770    -16056.227539
2771    -16056.298828
2772    -16056.370117
2773    -16056.441406
2774    -16056.512695
2775    -16056.583984
2776    -16056.655273
2777    -16056.726562
2778    -16056.797852
2779    -16056.869141
2780    -16056.939453
2781    -16057.010742
2782    -16057.082031
2783    -16057.152344
2784    -16057.222656
2785    -16057.292969
2786    -16057.363281
2787    -16057.434570
2788    -16057.504883
2789    -16057.574219
2790    -16057.644531
2791    -16057.714844
2792    -16057.780273
2793    -16057.845703
2794    -16057.912109
2795    -16057.977539
2796    -16058.042969
2797    -16058.108398
2798    -16058.172852
2799    -16058.238281
2800    -16058.301758
2801    -16058.367188
2802    -16058.430664
2803    -16058.494141
2804    -16058.558594
2805    -16058.623047
2806    -16058.685547
2807    -16058.749023
2808    -16058.810547
2809    -16058.874023
2810    -16058.937500
2811    -16058.999023
2812    -16059.060547
2813    -16059.122070
2814    -16059.182617
2815    -16059.244141
2816    -16059.305664
2817    -16059.366211
2818    -16059.427734
2819    -16059.487305
2820    -16059.546875
2821    -16059.607422
2822    -16059.666016
2823    -16059.725586
2824    -16059.784180
2825    -16059.843750
2826    -16059.901367
2827    -16059.960938
2828    -16060.018555
2829    -16060.075195
2830    -16060.132812
2831    -16060.191406
2832    -16060.248047
2833    -16060.304688
2834    -16060.361328
2835    -16060.417969
2836    -16060.474609
2837    -16060.529297
2838    -16060.584961
2839    -16060.640625
2840    -16060.695312
2841    -16060.750000
2842    -16060.806641
2843    -16060.859375
2844    -16060.914062
2845    -16060.968750
2846    -16061.022461
2847    -16061.076172
2848    -16061.129883
2849    -16061.182617
2850    -16061.236328
2851    -16061.288086
2852    -16061.341797
2853    -16061.393555
2854    -16061.445312
2855    -16061.498047
2856    -16061.548828
2857    -16061.601562
2858    -16061.653320
2859    -16061.705078
2860    -16061.754883
2861    -16061.805664
2862    -16061.857422
2863    -16061.902344
2864    -16061.951172
2865    -16061.997070
2866    -16062.042969
2867    -16062.088867
2868    -16062.136719
2869    -16062.181641
2870    -16062.227539
2871    -16062.273438
2872    -16062.319336
2873    -16062.364258
2874    -16062.409180
2875    -16062.455078
2876    -16062.500000
2877    -16062.544922
2878    -16062.589844
2879    -16062.633789
2880    -16062.677734
2881    -16062.723633
2882    -16062.767578
2883    -16062.811523
2884    -16062.855469
2885    -16062.900391
2886    -16062.943359
2887    -16062.987305
2888    -16063.031250
2889    -16063.075195
2890    -16063.118164
2891    -16063.162109
2892    -16063.205078
2893    -16063.248047
2894    -16063.291016
2895    -16063.333984
2896    -16063.378906
2897    -16063.421875
2898    -16063.464844
2899    -16063.505859
2900    -16063.549805
2901    -16063.591797
2902    -16063.634766
2903    -16063.677734
2904    -16063.719727
2905    -16063.762695
2906    -16063.804688
2907    -16063.847656
2908    -16063.889648
2909    -16063.931641
2910    -16063.974609
2911    -16064.015625
2912    -16064.058594
2913    -16064.100586
2914    -16064.142578
2915    -16064.183594
2916    -16064.226562
2917    -16064.267578
2918    -16064.308594
2919    -16064.349609
2920    -16064.388672
2921    -16064.431641
2922    -16064.471680
2923    -16064.512695
2924    -16064.554688
2925    -16064.594727
2926    -16064.634766
2927    -16064.675781
2928    -16064.715820
2929    -16064.756836
2930    -16064.798828
2931    -16064.838867
2932    -16064.878906
2933    -16064.919922
2934    -16064.960938
2935    -16065.000977
2936    -16065.041992
2937    -16065.081055
2938    -16065.122070
2939    -16065.162109
2940    -16065.202148
2941    -16065.243164
2942    -16065.283203
2943    -16065.322266
2944    -16065.363281
2945    -16065.404297
2946    -16065.445312
2947    -16065.484375
2948    -16065.525391
2949    -16065.564453
2950    -16065.604492
2951    -16065.645508
2952    -16065.683594
2953    -16065.724609
2954    -16065.765625
2955    -16065.804688
2956    -16065.843750
2957    -16065.884766
2958    -16065.923828
2959    -16065.963867
2960    -16066.002930
2961    -16066.043945
2962    -16066.082031
2963    -16066.123047
2964    -16066.162109
2965    -16066.201172
2966    -16066.240234
2967    -16066.281250
2968    -16066.320312
2969    -16066.360352
2970    -16066.398438
2971    -16066.437500
2972    -16066.476562
2973    -16066.515625
2974    -16066.554688
2975    -16066.592773
2976    -16066.632812
2977    -16066.671875
2978    -16066.709961
2979    -16066.749023
2980    -16066.789062
2981    -16066.826172
2982    -16066.865234
2983    -16066.903320
2984    -16066.941406
2985    -16066.980469
2986    -16067.019531
2987    -16067.056641
2988    -16067.095703
2989    -16067.133789
2990    -16067.171875
2991    -16067.208984
2992    -16067.247070
2993    -16067.285156
2994    -16067.324219
2995    -16067.360352
2996    -16067.399414
2997    -16067.435547
2998    -16067.473633
2999    -16067.511719
3000    -16067.548828
3001    -16067.584961
3002    -16067.623047
3003    -16067.660156
3004    -16067.697266
3005    -16067.734375
3006    -16067.770508
3007    -16067.808594
3008    -16067.845703
3009    -16067.881836
3010    -16067.918945
3011    -16067.955078
3012    -16067.991211
3013    -16068.027344
3014    -16068.064453
3015    -16068.099609
3016    -16068.137695
3017    -16068.172852
3018    -16068.208984
3019    -16068.245117
3020    -16068.281250
3021    -16068.316406
3022    -16068.352539
3023    -16068.388672
3024    -16068.423828
3025    -16068.459961
3026    -16068.495117
3027    -16068.530273
3028    -16068.565430
3029    -16068.602539
3030    -16068.636719
3031    -16068.669922
3032    -16068.705078
3033    -16068.740234
3034    -16068.774414
3035    -16068.808594
3036    -16068.842773
3037    -16068.876953
3038    -16068.912109
3039    -16068.945312
3040    -16068.979492
3041    -16069.012695
3042    -16069.047852
3043    -16069.080078
3044    -16069.115234
3045    -16069.148438
3046    -16069.182617
3047    -16069.216797
3048    -16069.247070
3049    -16069.279297
3050    -16069.309570
3051    -16069.339844
3052    -16069.371094
3053    -16069.400391
3054    -16069.432617
3055    -16069.462891
3056    -16069.494141
3057    -16069.524414
3058    -16069.555664
3059    -16069.585938
3060    -16069.616211
3061    -16069.648438
3062    -16069.677734
3063    -16069.708008
3064    -16069.739258
3065    -16069.768555
3066    -16069.799805
3067    -16069.831055
3068    -16069.861328
3069    -16069.890625
3070    -16069.921875
3071    -16069.952148
3072    -16069.983398
3073    -16070.013672
3074    -16070.043945
3075    -16070.076172
3076    -16070.106445
3077    -16070.135742
3078    -16070.166992
3079    -16070.197266
3080    -16070.227539
3081    -16070.257812
3082    -16070.289062
3083    -16070.317383
3084    -16070.349609
3085    -16070.378906
3086    -16070.410156
3087    -16070.439453
3088    -16070.471680
3089    -16070.501953
3090    -16070.531250
3091    -16070.561523
3092    -16070.592773
3093    -16070.623047
3094    -16070.654297
3095    -16070.685547
3096    -16070.714844
3097    -16070.745117
3098    -16070.775391
3099    -16070.805664
3100    -16070.835938
3101    -16070.867188
3102    -16070.897461
3103    -16070.927734
3104    -16070.958984
3105    -16070.989258
3106    -16071.019531
3107    -16071.049805
3108    -16071.081055
3109    -16071.110352
3110    -16071.142578
3111    -16071.172852
3112    -16071.203125
3113    -16071.233398
3114    -16071.264648
3115    -16071.294922
3116    -16071.325195
3117    -16071.356445
3118    -16071.387695
3119    -16071.417969
3120    -16071.448242
3121    -16071.478516
3122    -16071.509766
3123    -16071.541016
3124    -16071.571289
3125    -16071.600586
3126    -16071.632812
3127    -16071.664062
3128    -16071.694336
3129    -16071.724609
3130    -16071.755859
3131    -16071.786133
3132    -16071.816406
3133    -16071.847656
3134    -16071.878906
3135    -16071.909180
3136    -16071.940430
3137    -16071.971680
3138    -16072.001953
3139    -16072.032227
3140    -16072.064453
3141    -16072.095703
3142    -16072.125977
3143    -16072.156250
3144    -16072.187500
3145    -16072.217773
3146    -16072.248047
3147    -16072.280273
3148    -16072.310547
3149    -16072.340820
3150    -16072.373047
3151    -16072.404297
3152    -16072.434570
3153    -16072.464844
3154    -16072.496094
3155    -16072.527344
3156    -16072.558594
3157    -16072.589844
3158    -16072.620117
3159    -16072.651367
3160    -16072.683594
3161    -16072.712891
3162    -16072.744141
3163    -16072.775391
3164    -16072.806641
3165    -16072.836914
3166    -16072.868164
3167    -16072.898438
3168    -16072.930664
3169    -16072.960938
3170    -16072.993164
3171    -16073.024414
3172    -16073.054688
3173    -16073.086914
3174    -16073.117188
3175    -16073.148438
3176    -16073.178711
3177    -16073.209961
3178    -16073.241211
3179    -16073.271484
3180    -16073.302734
3181    -16073.334961
3182    -16073.365234
3183    -16073.395508
3184    -16073.424805
3185    -16073.453125
3186    -16073.482422
3187    -16073.511719
3188    -16073.540039
3189    -16073.570312
3190    -16073.599609
3191    -16073.628906
3192    -16073.658203
3193    -16073.687500
3194    -16073.716797
3195    -16073.745117
3196    -16073.775391
3197    -16073.804688
3198    -16073.833984
3199    -16073.863281
3200    -16073.892578
3201    -16073.921875
3202    -16073.952148
3203    -16073.980469
3204    -16074.009766
3205    -16074.041016
3206    -16074.070312
3207    -16074.099609
3208    -16074.128906
3209    -16074.158203
3210    -16074.185547
3211    -16074.212891
3212    -16074.239258
3213    -16074.267578
3214    -16074.293945
3215    -16074.320312
3216    -16074.348633
3217    -16074.375000
3218    -16074.402344
3219    -16074.429688
3220    -16074.457031
3221    -16074.485352
3222    -16074.511719
3223    -16074.540039
3224    -16074.566406
3225    -16074.593750
3226    -16074.622070
3227    -16074.649414
3228    -16074.677734
3229    -16074.705078
3230    -16074.733398
3231    -16074.760742
3232    -16074.789062
3233    -16074.816406
3234    -16074.843750
3235    -16074.872070
3236    -16074.899414
3237    -16074.926758
3238    -16074.955078
3239    -16074.983398
3240    -16075.010742
3241    -16075.040039
3242    -16075.068359
3243    -16075.096680
3244    -16075.125000
3245    -16075.152344
3246    -16075.181641
3247    -16075.208984
3248    -16075.237305
3249    -16075.267578
3250    -16075.294922
3251    -16075.324219
3252    -16075.351562
3253    -16075.380859
3254    -16075.408203
3255    -16075.437500
3256    -16075.466797
3257    -16075.496094
3258    -16075.523438
3259    -16075.552734
3260    -16075.582031
3261    -16075.611328
3262    -16075.638672
3263    -16075.668945
3264    -16075.696289
3265    -16075.726562
3266    -16075.754883
3267    -16075.785156
3268    -16075.813477
3269    -16075.841797
3270    -16075.873047
3271    -16075.900391
3272    -16075.929688
3273    -16075.958984
3274    -16075.988281
3275    -16076.017578
3276    -16076.046875
3277    -16076.076172
3278    -16076.105469
3279    -16076.136719
3280    -16076.164062
3281    -16076.193359
3282    -16076.224609
3283    -16076.251953
3284    -16076.282227
3285    -16076.311523
3286    -16076.340820
3287    -16076.371094
3288    -16076.401367
3289    -16076.429688
3290    -16076.459961
3291    -16076.489258
3292    -16076.517578
3293    -16076.547852
3294    -16076.577148
3295    -16076.605469
3296    -16076.634766
3297    -16076.663086
3298    -16076.691406
3299    -16076.719727
3300    -16076.748047
3301    -16076.776367
3302    -16076.804688
3303    -16076.833984
3304    -16076.862305
3305    -16076.890625
3306    -16076.919922
3307    -16076.947266
3308    -16076.976562
3309    -16077.003906
3310    -16077.033203
3311    -16077.062500
3312    -16077.089844
3313    -16077.119141
3314    -16077.147461
3315    -16077.175781
3316    -16077.204102
3317    -16077.232422
3318    -16077.261719
3319    -16077.289062
3320    -16077.317383
3321    -16077.345703
3322    -16077.373047
3323    -16077.402344
3324    -16077.429688
3325    -16077.458008
3326    -16077.486328
3327    -16077.513672
3328    -16077.542969
3329    -16077.570312
3330    -16077.597656
3331    -16077.626953
3332    -16077.654297
3333    -16077.681641
3334    -16077.709961
3335    -16077.736328
3336    -16077.764648
3337    -16077.792969
3338    -16077.820312
3339    -16077.847656
3340    -16077.875000
3341    -16077.902344
3342    -16077.929688
3343    -16077.958008
3344    -16077.984375
3345    -16078.011719
3346    -16078.039062
3347    -16078.064453
3348    -16078.091797
3349    -16078.117188
3350    -16078.142578
3351    -16078.169922
3352    -16078.197266
3353    -16078.222656
3354    -16078.248047
3355    -16078.274414
3356    -16078.299805
3357    -16078.326172
3358    -16078.352539
3359    -16078.376953
3360    -16078.403320
3361    -16078.429688
3362    -16078.455078
3363    -16078.480469
3364    -16078.505859
3365    -16078.530273
3366    -16078.556641
3367    -16078.582031
3368    -16078.607422
3369    -16078.631836
3370    -16078.656250
3371    -16078.681641
3372    -16078.706055
3373    -16078.732422
3374    -16078.755859
3375    -16078.782227
3376    -16078.805664
3377    -16078.830078
3378    -16078.854492
3379    -16078.878906
3380    -16078.902344
3381    -16078.927734
3382    -16078.953125
3383    -16078.976562
3384    -16079.000977
3385    -16079.023438
3386    -16079.046875
3387    -16079.072266
3388    -16079.094727
3389    -16079.119141
3390    -16079.142578
3391    -16079.166016
3392    -16079.189453
3393    -16079.213867
3394    -16079.236328
3395    -16079.259766
3396    -16079.283203
3397    -16079.306641
3398    -16079.330078
3399    -16079.352539
3400    -16079.375000
3401    -16079.398438
3402    -16079.421875
3403    -16079.444336
3404    -16079.466797
3405    -16079.490234
3406    -16079.511719
3407    -16079.535156
3408    -16079.556641
3409    -16079.578125
3410    -16079.601562
3411    -16079.623047
3412    -16079.646484
3413    -16079.667969
3414    -16079.689453
3415    -16079.712891
3416    -16079.734375
3417    -16079.753906
3418    -16079.776367
3419    -16079.798828
3420    -16079.820312
3421    -16079.841797
3422    -16079.862305
3423    -16079.883789
3424    -16079.905273
3425    -16079.927734
3426    -16079.947266
3427    -16079.968750
3428    -16079.990234
3429    -16080.011719
3430    -16080.031250
3431    -16080.052734
3432    -16080.072266
3433    -16080.093750
3434    -16080.115234
3435    -16080.134766
3436    -16080.155273
3437    -16080.176758
3438    -16080.195312
3439    -16080.215820
3440    -16080.236328
3441    -16080.255859
3442    -16080.276367
3443    -16080.297852
3444    -16080.317383
3445    -16080.335938
3446    -16080.357422
3447    -16080.375977
3448    -16080.396484
3449    -16080.416016
3450    -16080.435547
3451    -16080.454102
3452    -16080.474609
3453    -16080.493164
3454    -16080.513672
3455    -16080.531250
3456    -16080.551758
3457    -16080.570312
3458    -16080.589844
3459    -16080.609375
3460    -16080.626953
3461    -16080.646484
3462    -16080.666016
3463    -16080.683594
3464    -16080.703125
3465    -16080.721680
3466    -16080.740234
3467    -16080.758789
3468    -16080.775391
3469    -16080.789062
3470    -16080.804688
3471    -16080.820312
3472    -16080.835938
3473    -16080.849609
3474    -16080.865234
3475    -16080.879883
3476    -16080.895508
3477    -16080.910156
3478    -16080.924805
3479    -16080.939453
3480    -16080.955078
3481    -16080.969727
3482    -16080.984375
3483    -16080.999023
3484    -16081.015625
3485    -16081.029297
3486    -16081.043945
3487    -16081.058594
3488    -16081.073242
3489    -16081.087891
3490    -16081.101562
3491    -16081.116211
3492    -16081.130859
3493    -16081.145508
3494    -16081.160156
3495    -16081.173828
3496    -16081.187500
3497    -16081.203125
3498    -16081.216797
3499    -16081.230469
3500    -16081.244141
3501    -16081.258789
3502    -16081.274414
3503    -16081.287109
3504    -16081.300781
3505    -16081.316406
3506    -16081.328125
3507    -16081.343750
3508    -16081.357422
3509    -16081.371094
3510    -16081.384766
3511    -16081.399414
3512    -16081.412109
3513    -16081.425781
3514    -16081.440430
3515    -16081.453125
3516    -16081.467773
3517    -16081.480469
3518    -16081.494141
3519    -16081.509766
3520    -16081.521484
3521    -16081.535156
3522    -16081.548828
3523    -16081.562500
3524    -16081.576172
3525    -16081.589844
3526    -16081.603516
3527    -16081.617188
3528    -16081.630859
3529    -16081.644531
3530    -16081.658203
3531    -16081.669922
3532    -16081.683594
3533    -16081.697266
3534    -16081.710938
3535    -16081.722656
3536    -16081.736328
3537    -16081.750000
3538    -16081.764648
3539    -16081.777344
3540    -16081.789062
3541    -16081.802734
3542    -16081.816406
3543    -16081.830078
3544    -16081.842773
3545    -16081.855469
3546    -16081.870117
3547    -16081.882812
3548    -16081.896484
3549    -16081.908203
3550    -16081.921875
3551    -16081.935547
3552    -16081.947266
3553    -16081.960938
3554    -16081.974609
