Step            Loss
--------------------
1        -628.763245
2        -657.015991
3        -685.278931
4        -713.552917
5        -741.838379
6        -770.135498
7        -798.445007
8        -826.767456
9        -855.103271
10       -883.453491
11       -911.818970
12       -940.200562
13       -968.598755
14       -997.015076
15      -1025.450317
16      -1053.905396
17      -1082.381592
18      -1110.879883
19      -1139.401367
20      -1167.947388
21      -1196.518799
22      -1225.117188
23      -1253.743408
24      -1282.398560
25      -1311.084229
26      -1339.801514
27      -1368.551758
28      -1397.336426
29      -1426.156616
30      -1455.013672
31      -1483.909180
32      -1512.844238
33      -1541.820435
34      -1570.838623
35      -1599.901001
36      -1629.008301
37      -1658.161987
38      -1687.363159
39      -1716.613037
40      -1745.912964
41      -1775.263916
42      -1804.667236
43      -1834.123779
44      -1863.635376
45      -1893.202148
46      -1922.825439
47      -1952.506592
48      -1982.245850
49      -2012.045166
50      -2041.904541
51      -2071.825439
52      -2101.808594
53      -2131.854736
54      -2161.964844
55      -2192.139648
56      -2222.379883
57      -2252.686279
58      -2283.059570
59      -2313.500488
60      -2344.010010
61      -2374.587891
62      -2405.235596
63      -2435.953613
64      -2466.741943
65      -2497.601807
66      -2528.533203
67      -2559.536865
68      -2590.613281
69      -2621.762939
70      -2652.985840
71      -2684.282715
72      -2715.654053
73      -2747.100098
74      -2778.620850
75      -2810.217041
76      -2841.888672
77      -2873.636230
78      -2905.459961
79      -2937.359863
80      -2969.336182
81      -3001.388672
82      -3033.518555
83      -3065.724854
84      -3098.008057
85      -3130.368408
86      -3162.805664
87      -3195.319824
88      -3227.911377
89      -3260.580078
90      -3293.325684
91      -3326.147949
92      -3359.047119
93      -3392.022949
94      -3425.075195
95      -3458.204102
96      -3491.409668
97      -3524.690430
98      -3558.047363
99      -3591.480225
100     -3624.988037
101     -3658.570801
102     -3692.228516
103     -3725.960449
104     -3759.766113
105     -3793.645996
106     -3827.599121
107     -3861.624756
108     -3895.722656
109     -3929.893311
110     -3964.134766
111     -3998.447754
112     -4032.831055
113     -4067.284668
114     -4101.807617
115     -4136.398926
116     -4171.059570
117     -4205.787109
118     -4240.582031
119     -4275.443359
120     -4310.371094
121     -4345.364258
122     -4380.420898
123     -4415.541504
124     -4450.725586
125     -4485.971680
126     -4521.279785
127     -4556.648438
128     -4592.077148
129     -4627.565430
130     -4663.111328
131     -4698.715820
132     -4734.376953
133     -4770.093262
134     -4805.865234
135     -4841.691406
136     -4877.570312
137     -4913.501953
138     -4949.484375
139     -4985.517578
140     -5021.601074
141     -5057.732422
142     -5093.911133
143     -5130.136719
144     -5166.408203
145     -5202.723633
146     -5239.083984
147     -5275.485352
148     -5311.928711
149     -5348.412109
150     -5384.936035
151     -5421.497070
152     -5458.096191
153     -5494.730957
154     -5531.401367
155     -5568.105469
156     -5604.842285
157     -5641.611328
158     -5678.410156
159     -5715.239258
160     -5752.096680
161     -5788.981445
162     -5825.891602
163     -5862.828125
164     -5899.787109
165     -5936.769531
166     -5973.773926
167     -6010.797852
168     -6047.841797
169     -6084.903320
170     -6121.981934
171     -6159.076172
172     -6196.185059
173     -6233.307129
174     -6270.441406
175     -6307.586914
176     -6344.742676
177     -6381.906250
178     -6419.078125
179     -6456.255859
180     -6493.439453
181     -6530.626953
182     -6567.816406
183     -6605.008789
184     -6642.200195
185     -6679.392578
186     -6716.573730
187     -6753.744629
188     -6790.912109
189     -6828.073242
190     -6865.228516
191     -6902.375977
192     -6939.515137
193     -6976.643555
194     -7013.761230
195     -7050.866699
196     -7087.958984
197     -7125.036621
198     -7162.098633
199     -7199.132812
200     -7236.147461
201     -7273.128906
202     -7310.086914
203     -7347.023926
204     -7383.938965
205     -7420.831055
206     -7457.697754
207     -7494.539551
208     -7531.354492
209     -7568.141602
210     -7604.900391
211     -7641.630371
212     -7678.317383
213     -7714.968262
214     -7751.587402
215     -7788.171875
216     -7824.720215
217     -7861.211914
218     -7897.666992
219     -7934.083984
220     -7970.462891
221     -8006.802246
222     -8043.100098
223     -8079.352539
224     -8115.553223
225     -8151.710449
226     -8187.821777
227     -8223.888672
228     -8259.908203
229     -8295.864258
230     -8331.771484
231     -8367.629883
232     -8403.437500
233     -8439.195312
234     -8474.888672
235     -8510.521484
236     -8546.101562
237     -8581.626953
238     -8617.097656
239     -8652.511719
240     -8687.868164
241     -8723.166016
242     -8758.405273
243     -8793.584961
244     -8828.705078
245     -8863.765625
246     -8898.763672
247     -8933.699219
248     -8968.573242
249     -9003.382812
250     -9038.128906
251     -9072.809570
252     -9107.424805
253     -9141.974609
254     -9176.456055
255     -9210.871094
256     -9245.216797
257     -9279.494141
258     -9313.702148
259     -9347.840820
260     -9381.908203
261     -9415.903320
262     -9449.828125
263     -9483.665039
264     -9517.407227
265     -9551.076172
266     -9584.670898
267     -9618.191406
268     -9651.635742
269     -9685.001953
270     -9718.255859
271     -9751.429688
272     -9784.527344
273     -9817.546875
274     -9850.489258
275     -9883.351562
276     -9916.121094
277     -9948.802734
278     -9981.407227
279     -10013.929688
280     -10046.355469
281     -10078.698242
282     -10110.958984
283     -10143.136719
284     -10175.219727
285     -10207.218750
286     -10239.136719
287     -10270.969727
288     -10302.714844
289     -10334.376953
290     -10365.945312
291     -10397.421875
292     -10428.807617
293     -10460.094727
294     -10491.289062
295     -10522.400391
296     -10553.420898
297     -10584.341797
298     -10615.167969
299     -10645.909180
300     -10676.548828
301     -10707.086914
302     -10737.539062
303     -10767.901367
304     -10798.169922
305     -10828.330078
306     -10858.400391
307     -10888.335938
308     -10918.180664
309     -10947.939453
310     -10977.594727
311     -11007.148438
312     -11036.611328
313     -11065.976562
314     -11095.238281
315     -11124.388672
316     -11153.440430
317     -11182.402344
318     -11211.276367
319     -11240.061523
320     -11268.754883
321     -11297.301758
322     -11325.730469
323     -11354.054688
324     -11382.283203
325     -11410.419922
326     -11438.448242
327     -11466.376953
328     -11494.202148
329     -11521.936523
330     -11549.576172
331     -11577.103516
332     -11604.535156
333     -11631.867188
334     -11659.085938
335     -11686.201172
336     -11713.188477
337     -11740.057617
338     -11766.811523
339     -11793.439453
340     -11819.967773
341     -11846.400391
342     -11872.734375
343     -11898.923828
344     -11925.019531
345     -11951.016602
346     -11976.921875
347     -12002.738281
348     -12028.466797
349     -12054.104492
350     -12079.654297
351     -12105.080078
352     -12130.407227
353     -12155.606445
354     -12180.666992
355     -12205.603516
356     -12230.410156
357     -12255.089844
358     -12279.660156
359     -12304.133789
360     -12328.496094
361     -12352.730469
362     -12376.833008
363     -12400.834961
364     -12424.723633
365     -12448.517578
366     -12472.195312
367     -12495.759766
368     -12519.149414
369     -12542.384766
370     -12565.485352
371     -12588.443359
372     -12611.319336
373     -12634.082031
374     -12656.719727
375     -12679.218750
376     -12701.588867
377     -12723.843750
378     -12746.000000
379     -12768.045898
380     -12789.960938
381     -12811.789062
382     -12833.529297
383     -12855.126953
384     -12876.558594
385     -12897.896484
386     -12919.133789
387     -12940.258789
388     -12961.260742
389     -12982.166016
390     -13002.926758
391     -13023.554688
392     -13044.095703
393     -13064.476562
394     -13084.746094
395     -13104.904297
396     -13124.899414
397     -13144.774414
398     -13164.529297
399     -13184.171875
400     -13203.732422
401     -13223.210938
402     -13242.588867
403     -13261.846680
404     -13280.977539
405     -13300.013672
406     -13318.960938
407     -13337.824219
408     -13356.570312
409     -13375.197266
410     -13393.728516
411     -13412.154297
412     -13430.489258
413     -13448.705078
414     -13466.786133
415     -13484.753906
416     -13502.654297
417     -13520.468750
418     -13538.166016
419     -13555.778320
420     -13573.319336
421     -13590.768555
422     -13608.126953
423     -13625.390625
424     -13642.562500
425     -13659.636719
426     -13676.583008
427     -13693.427734
428     -13710.178711
429     -13726.835938
430     -13743.389648
431     -13759.860352
432     -13776.250000
433     -13792.536133
434     -13808.712891
435     -13824.816406
436     -13840.834961
437     -13856.783203
438     -13872.626953
439     -13888.369141
440     -13904.029297
441     -13919.593750
442     -13935.054688
443     -13950.431641
444     -13965.677734
445     -13980.771484
446     -13995.759766
447     -14010.653320
448     -14025.453125
449     -14040.194336
450     -14054.810547
451     -14069.340820
452     -14083.804688
453     -14098.205078
454     -14112.529297
455     -14126.763672
456     -14140.931641
457     -14155.021484
458     -14169.011719
459     -14182.945312
460     -14196.810547
461     -14210.568359
462     -14224.203125
463     -14237.700195
464     -14251.077148
465     -14264.371094
466     -14277.570312
467     -14290.712891
468     -14303.719727
469     -14316.605469
470     -14329.366211
471     -14342.021484
472     -14354.558594
473     -14367.013672
474     -14379.412109
475     -14391.728516
476     -14403.932617
477     -14416.009766
478     -14427.975586
479     -14439.865234
480     -14451.689453
481     -14463.410156
482     -14475.050781
483     -14486.552734
484     -14497.990234
485     -14509.351562
486     -14520.607422
487     -14531.799805
488     -14542.923828
489     -14553.968750
490     -14564.957031
491     -14575.885742
492     -14586.736328
493     -14597.415039
494     -14607.968750
495     -14618.441406
496     -14628.865234
497     -14639.224609
498     -14649.525391
499     -14659.647461
500     -14669.675781
501     -14679.644531
502     -14689.522461
503     -14699.356445
504     -14709.125000
505     -14718.837891
506     -14728.462891
507     -14738.002930
508     -14747.475586
509     -14756.894531
510     -14766.243164
511     -14775.489258
512     -14784.658203
513     -14793.759766
514     -14802.789062
515     -14811.785156
516     -14820.726562
517     -14829.600586
518     -14838.410156
519     -14847.181641
520     -14855.881836
521     -14864.496094
522     -14873.047852
523     -14881.517578
524     -14889.913086
525     -14898.268555
526     -14906.559570
527     -14914.745117
528     -14922.839844
529     -14930.875000
530     -14938.791016
531     -14946.625000
532     -14954.395508
533     -14962.116211
534     -14969.707031
535     -14977.173828
536     -14984.535156
537     -14991.854492
538     -14999.109375
539     -15006.324219
540     -15013.488281
541     -15020.606445
542     -15027.688477
543     -15034.732422
544     -15041.693359
545     -15048.602539
546     -15055.457031
547     -15062.261719
548     -15069.019531
549     -15075.683594
550     -15082.260742
551     -15088.787109
552     -15095.251953
553     -15101.669922
554     -15108.001953
555     -15114.261719
556     -15120.416016
557     -15126.484375
558     -15132.517578
559     -15138.515625
560     -15144.441406
561     -15150.334961
562     -15156.203125
563     -15162.026367
564     -15167.802734
565     -15173.507812
566     -15179.161133
567     -15184.761719
568     -15190.274414
569     -15195.733398
570     -15201.144531
571     -15206.513672
572     -15211.843750
573     -15217.121094
574     -15222.367188
575     -15227.558594
576     -15232.693359
577     -15237.761719
578     -15242.787109
579     -15247.794922
580     -15252.755859
581     -15257.658203
582     -15262.523438
583     -15267.354492
584     -15272.150391
585     -15276.895508
586     -15281.604492
587     -15286.236328
588     -15290.825195
589     -15295.398438
590     -15299.920898
591     -15304.403320
592     -15308.843750
593     -15313.261719
594     -15317.640625
595     -15321.965820
596     -15326.227539
597     -15330.445312
598     -15334.606445
599     -15338.704102
600     -15342.751953
601     -15346.767578
602     -15350.738281
603     -15354.648438
604     -15358.521484
605     -15362.356445
606     -15366.154297
607     -15369.927734
608     -15373.660156
609     -15377.333984
610     -15380.991211
611     -15384.618164
612     -15388.219727
613     -15391.812500
614     -15395.387695
615     -15398.929688
616     -15402.458984
617     -15405.974609
618     -15409.463867
619     -15412.921875
620     -15416.329102
621     -15419.715820
622     -15423.088867
623     -15426.422852
624     -15429.746094
625     -15433.028320
626     -15436.292969
627     -15439.530273
628     -15442.732422
629     -15445.845703
630     -15448.929688
631     -15452.000000
632     -15455.050781
633     -15458.096680
634     -15461.130859
635     -15464.146484
636     -15467.141602
637     -15470.103516
638     -15473.041016
639     -15475.946289
640     -15478.819336
641     -15481.674805
642     -15484.519531
643     -15487.342773
644     -15490.150391
645     -15492.935547
646     -15495.692383
647     -15498.401367
648     -15501.094727
649     -15503.778320
650     -15506.455078
651     -15509.121094
652     -15511.766602
653     -15514.396484
654     -15517.000977
655     -15519.574219
656     -15522.140625
657     -15524.695312
658     -15527.228516
659     -15529.755859
660     -15532.262695
661     -15534.738281
662     -15537.180664
663     -15539.599609
664     -15542.005859
665     -15544.363281
666     -15546.697266
667     -15549.003906
668     -15551.286133
669     -15553.546875
670     -15555.791016
671     -15558.023438
672     -15560.241211
673     -15562.455078
674     -15564.655273
675     -15566.820312
676     -15568.951172
677     -15571.070312
678     -15573.179688
679     -15575.276367
680     -15577.353516
681     -15579.406250
682     -15581.451172
683     -15583.492188
684     -15585.509766
685     -15587.510742
686     -15589.505859
687     -15591.494141
688     -15593.441406
689     -15595.369141
690     -15597.285156
691     -15599.190430
692     -15601.086914
693     -15602.964844
694     -15604.830078
695     -15606.692383
696     -15608.550781
697     -15610.401367
698     -15612.244141
699     -15614.080078
700     -15615.915039
701     -15617.737305
702     -15619.545898
703     -15621.333984
704     -15623.110352
705     -15624.871094
706     -15626.625000
707     -15628.362305
708     -15630.097656
709     -15631.812500
710     -15633.512695
711     -15635.210938
712     -15636.904297
713     -15638.593750
714     -15640.279297
715     -15641.958984
716     -15643.634766
717     -15645.295898
718     -15646.952148
719     -15648.574219
720     -15650.193359
721     -15651.802734
722     -15653.406250
723     -15655.004883
724     -15656.592773
725     -15658.160156
726     -15659.718750
727     -15661.252930
728     -15662.766602
729     -15664.267578
730     -15665.763672
731     -15667.241211
732     -15668.706055
733     -15670.166016
734     -15671.625000
735     -15673.082031
736     -15674.533203
737     -15675.980469
738     -15677.412109
739     -15678.820312
740     -15680.228516
741     -15681.625977
742     -15683.001953
743     -15684.378906
744     -15685.750977
745     -15687.125977
746     -15688.489258
747     -15689.845703
748     -15691.196289
749     -15692.541016
750     -15693.882812
751     -15695.224609
752     -15696.563477
753     -15697.892578
754     -15699.220703
755     -15700.546875
756     -15701.870117
757     -15703.186523
758     -15704.488281
759     -15705.785156
760     -15707.080078
761     -15708.373047
762     -15709.651367
763     -15710.930664
764     -15712.206055
765     -15713.470703
766     -15714.729492
767     -15715.976562
768     -15717.219727
769     -15718.460938
770     -15719.694336
771     -15720.921875
772     -15722.147461
773     -15723.366211
774     -15724.577148
775     -15725.782227
776     -15726.984375
777     -15728.183594
778     -15729.375000
779     -15730.564453
780     -15731.751953
781     -15732.938477
782     -15734.119141
783     -15735.291992
784     -15736.459961
785     -15737.621094
786     -15738.780273
787     -15739.935547
788     -15741.087891
789     -15742.237305
790     -15743.382812
791     -15744.523438
792     -15745.655273
793     -15746.784180
794     -15747.911133
795     -15749.037109
796     -15750.160156
797     -15751.281250
798     -15752.396484
799     -15753.488281
800     -15754.571289
801     -15755.648438
802     -15756.722656
803     -15757.784180
804     -15758.843750
805     -15759.900391
806     -15760.952148
807     -15762.001953
808     -15763.049805
809     -15764.096680
810     -15765.139648
811     -15766.178711
812     -15767.216797
813     -15768.252930
814     -15769.288086
815     -15770.322266
816     -15771.351562
817     -15772.379883
818     -15773.405273
819     -15774.427734
820     -15775.447266
821     -15776.466797
822     -15777.484375
823     -15778.492188
824     -15779.491211
825     -15780.483398
826     -15781.473633
827     -15782.460938
828     -15783.447266
829     -15784.432617
830     -15785.416016
831     -15786.397461
832     -15787.376953
833     -15788.355469
834     -15789.331055
835     -15790.305664
836     -15791.278320
837     -15792.248047
838     -15793.214844
839     -15794.177734
840     -15795.141602
841     -15796.101562
842     -15797.056641
843     -15798.006836
844     -15798.956055
845     -15799.894531
846     -15800.827148
847     -15801.759766
848     -15802.685547
849     -15803.607422
850     -15804.522461
851     -15805.428711
852     -15806.333984
853     -15807.235352
854     -15808.134766
855     -15809.032227
856     -15809.926758
857     -15810.814453
858     -15811.703125
859     -15812.586914
860     -15813.468750
861     -15814.349609
862     -15815.222656
863     -15816.094727
864     -15816.964844
865     -15817.830078
866     -15818.695312
867     -15819.553711
868     -15820.404297
869     -15821.250977
870     -15822.092773
871     -15822.929688
872     -15823.753906
873     -15824.574219
874     -15825.386719
875     -15826.191406
876     -15826.994141
877     -15827.794922
878     -15828.593750
879     -15829.390625
880     -15830.182617
881     -15830.975586
882     -15831.761719
883     -15832.527344
884     -15833.291016
885     -15834.053711
886     -15834.808594
887     -15835.561523
888     -15836.312500
889     -15837.059570
890     -15837.805664
891     -15838.548828
892     -15839.291016
893     -15840.028320
894     -15840.765625
895     -15841.499023
896     -15842.230469
897     -15842.960938
898     -15843.687500
899     -15844.402344
900     -15845.113281
901     -15845.812500
902     -15846.500000
903     -15847.183594
904     -15847.865234
905     -15848.539062
906     -15849.209961
907     -15849.877930
908     -15850.541016
909     -15851.203125
910     -15851.859375
911     -15852.509766
912     -15853.158203
913     -15853.794922
914     -15854.427734
915     -15855.057617
916     -15855.685547
917     -15856.312500
918     -15856.937500
919     -15857.558594
920     -15858.176758
921     -15858.788086
922     -15859.397461
923     -15860.004883
924     -15860.606445
925     -15861.204102
926     -15861.798828
927     -15862.391602
928     -15862.982422
929     -15863.572266
930     -15864.156250
931     -15864.735352
932     -15865.312500
933     -15865.888672
934     -15866.462891
935     -15867.034180
936     -15867.603516
937     -15868.169922
938     -15868.732422
939     -15869.291016
940     -15869.843750
941     -15870.396484
942     -15870.947266
943     -15871.495117
944     -15872.041992
945     -15872.585938
946     -15873.129883
947     -15873.669922
948     -15874.200195
949     -15874.725586
950     -15875.249023
951     -15875.771484
952     -15876.290039
953     -15876.805664
954     -15877.319336
955     -15877.832031
956     -15878.340820
957     -15878.848633
958     -15879.353516
959     -15879.858398
960     -15880.359375
961     -15880.858398
962     -15881.351562
963     -15881.843750
964     -15882.333984
965     -15882.822266
966     -15883.310547
967     -15883.793945
968     -15884.276367
969     -15884.756836
970     -15885.236328
971     -15885.712891
972     -15886.189453
973     -15886.662109
974     -15887.133789
975     -15887.600586
976     -15888.067383
977     -15888.532227
978     -15888.995117
979     -15889.455078
980     -15889.912109
981     -15890.365234
982     -15890.818359
983     -15891.269531
984     -15891.718750
985     -15892.166016
986     -15892.613281
987     -15893.057617
988     -15893.501953
989     -15893.944336
990     -15894.384766
991     -15894.824219
992     -15895.261719
993     -15895.699219
994     -15896.133789
995     -15896.566406
996     -15896.996094
997     -15897.418945
998     -15897.831055
999     -15898.236328
1000    -15898.634766
1001    -15899.029297
1002    -15899.420898
1003    -15899.812500
1004    -15900.200195
1005    -15900.591797
1006    -15900.978516
1007    -15901.363281
1008    -15901.750000
1009    -15902.132812
1010    -15902.514648
1011    -15902.896484
1012    -15903.275391
1013    -15903.655273
1014    -15904.031250
1015    -15904.397461
1016    -15904.761719
1017    -15905.125977
1018    -15905.483398
1019    -15905.838867
1020    -15906.191406
1021    -15906.542969
1022    -15906.892578
1023    -15907.242188
1024    -15907.589844
1025    -15907.937500
1026    -15908.282227
1027    -15908.626953
1028    -15908.970703
1029    -15909.313477
1030    -15909.654297
1031    -15909.994141
1032    -15910.333984
1033    -15910.671875
1034    -15911.008789
1035    -15911.345703
1036    -15911.679688
1037    -15912.013672
1038    -15912.345703
1039    -15912.675781
1040    -15913.003906
1041    -15913.331055
1042    -15913.656250
1043    -15913.980469
1044    -15914.300781
1045    -15914.619141
1046    -15914.935547
1047    -15915.251953
1048    -15915.566406
1049    -15915.869141
1050    -15916.166992
1051    -15916.464844
1052    -15916.759766
1053    -15917.051758
1054    -15917.341797
1055    -15917.632812
1056    -15917.921875
1057    -15918.207031
1058    -15918.490234
1059    -15918.770508
1060    -15919.049805
1061    -15919.328125
1062    -15919.607422
1063    -15919.883789
1064    -15920.160156
1065    -15920.432617
1066    -15920.700195
1067    -15920.966797
1068    -15921.230469
1069    -15921.494141
1070    -15921.753906
1071    -15922.013672
1072    -15922.271484
1073    -15922.529297
1074    -15922.786133
1075    -15923.042969
1076    -15923.296875
1077    -15923.551758
1078    -15923.802734
1079    -15924.045898
1080    -15924.288086
1081    -15924.528320
1082    -15924.770508
1083    -15925.009766
1084    -15925.249023
1085    -15925.487305
1086    -15925.725586
1087    -15925.962891
1088    -15926.198242
1089    -15926.433594
1090    -15926.667969
1091    -15926.902344
1092    -15927.134766
1093    -15927.367188
1094    -15927.599609
1095    -15927.829102
1096    -15928.058594
1097    -15928.289062
1098    -15928.517578
1099    -15928.745117
1100    -15928.972656
1101    -15929.199219
1102    -15929.422852
1103    -15929.646484
1104    -15929.870117
1105    -15930.090820
1106    -15930.312500
1107    -15930.534180
1108    -15930.752930
1109    -15930.970703
1110    -15931.189453
1111    -15931.406250
1112    -15931.622070
1113    -15931.836914
1114    -15932.052734
1115    -15932.264648
1116    -15932.476562
1117    -15932.686523
1118    -15932.896484
1119    -15933.104492
1120    -15933.306641
1121    -15933.508789
1122    -15933.708984
1123    -15933.908203
1124    -15934.108398
1125    -15934.308594
1126    -15934.504883
1127    -15934.702148
1128    -15934.898438
1129    -15935.092773
1130    -15935.288086
1131    -15935.481445
1132    -15935.674805
1133    -15935.869141
1134    -15936.060547
1135    -15936.251953
1136    -15936.443359
1137    -15936.633789
1138    -15936.824219
1139    -15937.013672
1140    -15937.203125
1141    -15937.390625
1142    -15937.579102
1143    -15937.765625
1144    -15937.953125
1145    -15938.136719
1146    -15938.318359
1147    -15938.501953
1148    -15938.683594
1149    -15938.865234
1150    -15939.045898
1151    -15939.226562
1152    -15939.406250
1153    -15939.585938
1154    -15939.761719
1155    -15939.939453
1156    -15940.114258
1157    -15940.289062
1158    -15940.462891
1159    -15940.636719
1160    -15940.809570
1161    -15940.976562
1162    -15941.142578
1163    -15941.307617
1164    -15941.472656
1165    -15941.636719
1166    -15941.800781
1167    -15941.963867
1168    -15942.122070
1169    -15942.276367
1170    -15942.429688
1171    -15942.583008
1172    -15942.735352
1173    -15942.887695
1174    -15943.039062
1175    -15943.190430
1176    -15943.340820
1177    -15943.492188
1178    -15943.642578
1179    -15943.792969
1180    -15943.939453
1181    -15944.089844
1182    -15944.238281
1183    -15944.387695
1184    -15944.535156
1185    -15944.680664
1186    -15944.824219
1187    -15944.967773
1188    -15945.111328
1189    -15945.253906
1190    -15945.396484
1191    -15945.540039
1192    -15945.681641
1193    -15945.822266
1194    -15945.963867
1195    -15946.105469
1196    -15946.245117
1197    -15946.385742
1198    -15946.523438
1199    -15946.658203
1200    -15946.791992
1201    -15946.924805
1202    -15947.057617
1203    -15947.190430
1204    -15947.322266
1205    -15947.455078
1206    -15947.586914
1207    -15947.717773
1208    -15947.847656
1209    -15947.974609
1210    -15948.101562
1211    -15948.227539
1212    -15948.353516
1213    -15948.479492
1214    -15948.605469
1215    -15948.730469
1216    -15948.851562
1217    -15948.974609
1218    -15949.097656
1219    -15949.216797
1220    -15949.338867
1221    -15949.458984
1222    -15949.580078
1223    -15949.701172
1224    -15949.822266
1225    -15949.941406
1226    -15950.060547
1227    -15950.181641
1228    -15950.300781
1229    -15950.420898
1230    -15950.533203
1231    -15950.647461
1232    -15950.761719
1233    -15950.875000
1234    -15950.988281
1235    -15951.101562
1236    -15951.214844
1237    -15951.329102
1238    -15951.441406
1239    -15951.553711
1240    -15951.666016
1241    -15951.778320
1242    -15951.890625
1243    -15952.002930
1244    -15952.116211
1245    -15952.228516
1246    -15952.339844
1247    -15952.451172
1248    -15952.560547
1249    -15952.666016
1250    -15952.773438
1251    -15952.877930
1252    -15952.984375
1253    -15953.090820
1254    -15953.197266
1255    -15953.300781
1256    -15953.407227
1257    -15953.511719
1258    -15953.617188
1259    -15953.718750
1260    -15953.821289
1261    -15953.922852
1262    -15954.025391
1263    -15954.126953
1264    -15954.229492
1265    -15954.331055
1266    -15954.432617
1267    -15954.534180
1268    -15954.635742
1269    -15954.738281
1270    -15954.840820
1271    -15954.940430
1272    -15955.042969
1273    -15955.144531
1274    -15955.247070
1275    -15955.347656
1276    -15955.449219
1277    -15955.550781
1278    -15955.652344
1279    -15955.753906
1280    -15955.855469
1281    -15955.957031
1282    -15956.058594
1283    -15956.160156
1284    -15956.260742
1285    -15956.363281
1286    -15956.464844
1287    -15956.566406
1288    -15956.667969
1289    -15956.769531
1290    -15956.870117
1291    -15956.971680
1292    -15957.073242
1293    -15957.174805
1294    -15957.276367
1295    -15957.376953
1296    -15957.480469
1297    -15957.580078
1298    -15957.681641
1299    -15957.784180
1300    -15957.882812
1301    -15957.980469
1302    -15958.078125
1303    -15958.176758
1304    -15958.274414
1305    -15958.373047
1306    -15958.470703
1307    -15958.567383
1308    -15958.666992
1309    -15958.764648
1310    -15958.862305
1311    -15958.960938
1312    -15959.060547
1313    -15959.157227
1314    -15959.256836
1315    -15959.355469
1316    -15959.454102
1317    -15959.552734
1318    -15959.650391
1319    -15959.750000
1320    -15959.848633
1321    -15959.948242
1322    -15960.046875
1323    -15960.146484
1324    -15960.246094
1325    -15960.344727
1326    -15960.445312
1327    -15960.544922
1328    -15960.644531
1329    -15960.745117
1330    -15960.843750
1331    -15960.944336
1332    -15961.043945
1333    -15961.143555
1334    -15961.244141
1335    -15961.344727
1336    -15961.445312
1337    -15961.544922
1338    -15961.644531
1339    -15961.748047
1340    -15961.847656
1341    -15961.949219
1342    -15962.049805
1343    -15962.150391
1344    -15962.252930
1345    -15962.353516
1346    -15962.455078
1347    -15962.557617
1348    -15962.658203
1349    -15962.760742
1350    -15962.863281
1351    -15962.964844
1352    -15963.067383
1353    -15963.169922
1354    -15963.273438
1355    -15963.375000
1356    -15963.477539
1357    -15963.580078
1358    -15963.683594
1359    -15963.787109
1360    -15963.890625
1361    -15963.994141
1362    -15964.097656
1363    -15964.202148
1364    -15964.305664
1365    -15964.410156
1366    -15964.514648
1367    -15964.617188
1368    -15964.721680
1369    -15964.826172
1370    -15964.929688
1371    -15965.035156
1372    -15965.138672
1373    -15965.244141
1374    -15965.348633
1375    -15965.453125
1376    -15965.558594
1377    -15965.664062
1378    -15965.767578
1379    -15965.875000
1380    -15965.979492
1381    -15966.085938
1382    -15966.193359
1383    -15966.298828
1384    -15966.406250
1385    -15966.511719
1386    -15966.619141
1387    -15966.726562
1388    -15966.833984
1389    -15966.941406
1390    -15967.048828
1391    -15967.156250
1392    -15967.263672
1393    -15967.370117
1394    -15967.478516
1395    -15967.585938
1396    -15967.694336
1397    -15967.801758
1398    -15967.912109
1399    -15968.020508
1400    -15968.129883
1401    -15968.238281
1402    -15968.348633
1403    -15968.458008
1404    -15968.568359
1405    -15968.677734
1406    -15968.788086
1407    -15968.899414
1408    -15969.009766
1409    -15969.121094
1410    -15969.232422
1411    -15969.343750
1412    -15969.456055
1413    -15969.568359
1414    -15969.679688
1415    -15969.792969
1416    -15969.906250
1417    -15970.019531
1418    -15970.131836
1419    -15970.245117
1420    -15970.360352
1421    -15970.473633
1422    -15970.587891
1423    -15970.702148
1424    -15970.816406
1425    -15970.931641
1426    -15971.045898
1427    -15971.161133
1428    -15971.275391
1429    -15971.391602
1430    -15971.507812
1431    -15971.625000
1432    -15971.740234
1433    -15971.857422
1434    -15971.974609
1435    -15972.090820
1436    -15972.208008
1437    -15972.324219
1438    -15972.442383
1439    -15972.558594
1440    -15972.676758
1441    -15972.794922
1442    -15972.914062
1443    -15973.031250
1444    -15973.151367
1445    -15973.270508
1446    -15973.389648
1447    -15973.507812
1448    -15973.627930
1449    -15973.748047
1450    -15973.868164
1451    -15973.989258
1452    -15974.108398
1453    -15974.231445
1454    -15974.352539
1455    -15974.474609
1456    -15974.597656
1457    -15974.720703
1458    -15974.843750
1459    -15974.966797
1460    -15975.089844
1461    -15975.213867
1462    -15975.338867
1463    -15975.462891
1464    -15975.587891
1465    -15975.714844
1466    -15975.834961
1467    -15975.955078
1468    -15976.077148
1469    -15976.198242
1470    -15976.321289
1471    -15976.442383
1472    -15976.566406
1473    -15976.689453
1474    -15976.813477
1475    -15976.937500
1476    -15977.060547
1477    -15977.186523
1478    -15977.311523
1479    -15977.437500
1480    -15977.563477
1481    -15977.689453
1482    -15977.816406
1483    -15977.945312
1484    -15978.072266
1485    -15978.200195
1486    -15978.329102
1487    -15978.458008
1488    -15978.587891
1489    -15978.717773
1490    -15978.847656
1491    -15978.979492
1492    -15979.109375
1493    -15979.242188
1494    -15979.374023
1495    -15979.506836
1496    -15979.639648
1497    -15979.773438
1498    -15979.907227
1499    -15980.041992
1500    -15980.175781
1501    -15980.310547
1502    -15980.446289
1503    -15980.583984
1504    -15980.719727
1505    -15980.857422
1506    -15980.994141
1507    -15981.131836
1508    -15981.269531
1509    -15981.410156
1510    -15981.547852
1511    -15981.688477
1512    -15981.829102
1513    -15981.968750
1514    -15982.108398
1515    -15982.248047
1516    -15982.390625
1517    -15982.530273
1518    -15982.671875
1519    -15982.814453
1520    -15982.957031
1521    -15983.099609
1522    -15983.243164
1523    -15983.387695
1524    -15983.531250
1525    -15983.675781
1526    -15983.821289
1527    -15983.966797
1528    -15984.113281
1529    -15984.258789
1530    -15984.405273
1531    -15984.552734
1532    -15984.701172
1533    -15984.847656
1534    -15984.997070
1535    -15985.146484
1536    -15985.294922
1537    -15985.444336
1538    -15985.594727
1539    -15985.744141
1540    -15985.895508
1541    -15986.045898
1542    -15986.195312
1543    -15986.346680
1544    -15986.497070
1545    -15986.649414
1546    -15986.800781
1547    -15986.954102
1548    -15987.105469
1549    -15987.257812
1550    -15987.412109
1551    -15987.564453
1552    -15987.717773
1553    -15987.872070
1554    -15988.027344
1555    -15988.181641
1556    -15988.337891
1557    -15988.488281
1558    -15988.638672
1559    -15988.789062
1560    -15988.940430
1561    -15989.091797
1562    -15989.243164
1563    -15989.394531
1564    -15989.546875
1565    -15989.699219
1566    -15989.851562
1567    -15990.005859
1568    -15990.158203
1569    -15990.310547
1570    -15990.463867
1571    -15990.618164
1572    -15990.771484
1573    -15990.925781
1574    -15991.080078
1575    -15991.234375
1576    -15991.388672
1577    -15991.542969
1578    -15991.699219
1579    -15991.853516
1580    -15992.009766
1581    -15992.163086
1582    -15992.319336
1583    -15992.474609
1584    -15992.629883
1585    -15992.785156
1586    -15992.941406
1587    -15993.096680
1588    -15993.253906
1589    -15993.408203
1590    -15993.566406
1591    -15993.721680
1592    -15993.876953
1593    -15994.034180
1594    -15994.189453
1595    -15994.345703
1596    -15994.502930
1597    -15994.658203
1598    -15994.814453
1599    -15994.970703
1600    -15995.125977
1601    -15995.282227
1602    -15995.438477
1603    -15995.595703
1604    -15995.750977
1605    -15995.906250
1606    -15996.062500
1607    -15996.218750
1608    -15996.374023
1609    -15996.530273
1610    -15996.685547
1611    -15996.841797
1612    -15996.996094
1613    -15997.152344
1614    -15997.307617
1615    -15997.462891
1616    -15997.616211
1617    -15997.771484
1618    -15997.925781
1619    -15998.080078
1620    -15998.235352
1621    -15998.388672
1622    -15998.542969
1623    -15998.697266
1624    -15998.849609
1625    -15999.003906
1626    -15999.158203
1627    -15999.310547
1628    -15999.463867
1629    -15999.617188
1630    -15999.767578
1631    -15999.921875
1632    -16000.072266
1633    -16000.224609
1634    -16000.377930
1635    -16000.528320
1636    -16000.679688
1637    -16000.831055
1638    -16000.981445
1639    -16001.132812
1640    -16001.282227
1641    -16001.433594
1642    -16001.583008
1643    -16001.731445
1644    -16001.880859
1645    -16002.031250
1646    -16002.178711
1647    -16002.326172
1648    -16002.475586
1649    -16002.624023
1650    -16002.770508
1651    -16002.917969
1652    -16003.064453
1653    -16003.210938
1654    -16003.358398
1655    -16003.503906
1656    -16003.648438
1657    -16003.794922
1658    -16003.940430
1659    -16004.084961
1660    -16004.230469
1661    -16004.373047
1662    -16004.517578
1663    -16004.661133
1664    -16004.804688
1665    -16004.948242
1666    -16005.089844
1667    -16005.232422
1668    -16005.375000
1669    -16005.516602
1670    -16005.658203
1671    -16005.798828
1672    -16005.939453
1673    -16006.079102
1674    -16006.218750
1675    -16006.357422
1676    -16006.496094
1677    -16006.632812
1678    -16006.770508
1679    -16006.908203
1680    -16007.043945
1681    -16007.181641
1682    -16007.316406
1683    -16007.451172
1684    -16007.587891
1685    -16007.722656
1686    -16007.857422
1687    -16007.992188
1688    -16008.125977
1689    -16008.259766
1690    -16008.393555
1691    -16008.527344
1692    -16008.660156
1693    -16008.791016
1694    -16008.923828
1695    -16009.054688
1696    -16009.186523
1697    -16009.318359
1698    -16009.448242
1699    -16009.579102
1700    -16009.708984
1701    -16009.839844
1702    -16009.968750
1703    -16010.097656
1704    -16010.226562
1705    -16010.354492
1706    -16010.483398
1707    -16010.612305
1708    -16010.738281
1709    -16010.866211
1710    -16010.992188
1711    -16011.120117
1712    -16011.244141
1713    -16011.373047
1714    -16011.498047
1715    -16011.621094
1716    -16011.743164
1717    -16011.863281
1718    -16011.984375
1719    -16012.103516
1720    -16012.223633
1721    -16012.341797
1722    -16012.462891
1723    -16012.582031
1724    -16012.700195
1725    -16012.818359
1726    -16012.935547
1727    -16013.054688
1728    -16013.171875
1729    -16013.288086
1730    -16013.406250
1731    -16013.522461
1732    -16013.638672
1733    -16013.754883
1734    -16013.871094
1735    -16013.986328
1736    -16014.101562
1737    -16014.216797
1738    -16014.332031
1739    -16014.445312
1740    -16014.560547
1741    -16014.674805
1742    -16014.788086
1743    -16014.902344
1744    -16015.015625
1745    -16015.128906
1746    -16015.241211
1747    -16015.353516
1748    -16015.466797
1749    -16015.578125
1750    -16015.691406
1751    -16015.802734
1752    -16015.914062
1753    -16016.025391
1754    -16016.137695
1755    -16016.248047
1756    -16016.358398
1757    -16016.468750
1758    -16016.579102
1759    -16016.690430
1760    -16016.799805
1761    -16016.909180
1762    -16017.019531
1763    -16017.129883
1764    -16017.238281
1765    -16017.347656
1766    -16017.456055
1767    -16017.564453
1768    -16017.673828
1769    -16017.783203
1770    -16017.890625
1771    -16018.000000
1772    -16018.108398
1773    -16018.214844
1774    -16018.323242
1775    -16018.430664
1776    -16018.539062
1777    -16018.646484
1778    -16018.753906
1779    -16018.861328
1780    -16018.968750
1781    -16019.074219
1782    -16019.183594
1783    -16019.289062
1784    -16019.396484
1785    -16019.502930
1786    -16019.610352
1787    -16019.715820
1788    -16019.822266
1789    -16019.927734
1790    -16020.034180
1791    -16020.140625
1792    -16020.248047
1793    -16020.353516
1794    -16020.460938
1795    -16020.566406
1796    -16020.671875
1797    -16020.777344
1798    -16020.883789
1799    -16020.989258
1800    -16021.095703
1801    -16021.201172
1802    -16021.306641
1803    -16021.414062
1804    -16021.518555
1805    -16021.625000
1806    -16021.730469
1807    -16021.835938
1808    -16021.942383
1809    -16022.047852
1810    -16022.154297
1811    -16022.259766
1812    -16022.365234
1813    -16022.470703
1814    -16022.578125
1815    -16022.683594
1816    -16022.791016
1817    -16022.895508
1818    -16023.001953
1819    -16023.107422
1820    -16023.214844
1821    -16023.321289
1822    -16023.427734
1823    -16023.535156
1824    -16023.640625
1825    -16023.748047
1826    -16023.849609
1827    -16023.949219
1828    -16024.050781
1829    -16024.152344
1830    -16024.252930
1831    -16024.354492
1832    -16024.455078
1833    -16024.556641
1834    -16024.658203
1835    -16024.759766
1836    -16024.861328
1837    -16024.963867
1838    -16025.066406
1839    -16025.168945
1840    -16025.271484
1841    -16025.375000
1842    -16025.476562
1843    -16025.579102
1844    -16025.682617
1845    -16025.786133
1846    -16025.888672
1847    -16025.992188
1848    -16026.095703
1849    -16026.199219
1850    -16026.303711
1851    -16026.406250
1852    -16026.511719
1853    -16026.615234
1854    -16026.720703
1855    -16026.825195
1856    -16026.923828
1857    -16027.023438
1858    -16027.122070
1859    -16027.222656
1860    -16027.322266
1861    -16027.422852
1862    -16027.521484
1863    -16027.623047
1864    -16027.722656
1865    -16027.822266
1866    -16027.923828
1867    -16028.023438
1868    -16028.125000
1869    -16028.226562
1870    -16028.327148
1871    -16028.429688
1872    -16028.529297
1873    -16028.630859
1874    -16028.732422
1875    -16028.833984
1876    -16028.935547
1877    -16029.039062
1878    -16029.140625
1879    -16029.242188
1880    -16029.344727
1881    -16029.448242
1882    -16029.548828
1883    -16029.652344
1884    -16029.755859
1885    -16029.858398
1886    -16029.959961
1887    -16030.064453
1888    -16030.166016
1889    -16030.265625
1890    -16030.363281
1891    -16030.460938
1892    -16030.558594
1893    -16030.656250
1894    -16030.752930
1895    -16030.851562
1896    -16030.951172
1897    -16031.047852
1898    -16031.144531
1899    -16031.242188
1900    -16031.340820
1901    -16031.438477
1902    -16031.535156
1903    -16031.631836
1904    -16031.728516
1905    -16031.826172
1906    -16031.921875
1907    -16032.019531
1908    -16032.115234
1909    -16032.211914
1910    -16032.308594
1911    -16032.405273
1912    -16032.500000
1913    -16032.597656
1914    -16032.692383
1915    -16032.789062
1916    -16032.884766
1917    -16032.980469
1918    -16033.076172
1919    -16033.169922
1920    -16033.265625
1921    -16033.360352
1922    -16033.453125
1923    -16033.547852
1924    -16033.640625
1925    -16033.732422
1926    -16033.825195
1927    -16033.917969
1928    -16034.009766
1929    -16034.101562
1930    -16034.194336
1931    -16034.285156
1932    -16034.376953
1933    -16034.467773
1934    -16034.555664
1935    -16034.642578
1936    -16034.730469
1937    -16034.817383
1938    -16034.906250
1939    -16034.992188
1940    -16035.077148
1941    -16035.164062
1942    -16035.250000
1943    -16035.335938
1944    -16035.421875
1945    -16035.507812
1946    -16035.591797
1947    -16035.676758
1948    -16035.760742
1949    -16035.845703
1950    -16035.928711
1951    -16036.011719
1952    -16036.095703
1953    -16036.179688
1954    -16036.260742
1955    -16036.343750
1956    -16036.424805
1957    -16036.504883
1958    -16036.584961
1959    -16036.664062
1960    -16036.742188
1961    -16036.820312
1962    -16036.899414
1963    -16036.976562
1964    -16037.054688
1965    -16037.130859
1966    -16037.208984
1967    -16037.285156
1968    -16037.361328
1969    -16037.437500
1970    -16037.513672
1971    -16037.588867
1972    -16037.664062
1973    -16037.739258
1974    -16037.813477
1975    -16037.886719
1976    -16037.960938
1977    -16038.035156
1978    -16038.107422
1979    -16038.179688
1980    -16038.253906
1981    -16038.325195
1982    -16038.397461
1983    -16038.468750
1984    -16038.540039
1985    -16038.611328
1986    -16038.681641
1987    -16038.751953
1988    -16038.822266
1989    -16038.892578
1990    -16038.962891
1991    -16039.031250
1992    -16039.100586
1993    -16039.167969
1994    -16039.237305
1995    -16039.304688
1996    -16039.373047
1997    -16039.440430
1998    -16039.506836
1999    -16039.574219
2000    -16039.640625
2001    -16039.706055
2002    -16039.772461
2003    -16039.837891
2004    -16039.904297
2005    -16039.968750
2006    -16040.034180
2007    -16040.096680
2008    -16040.162109
2009    -16040.225586
2010    -16040.291016
2011    -16040.352539
2012    -16040.416992
2013    -16040.478516
2014    -16040.541992
2015    -16040.603516
2016    -16040.666016
2017    -16040.727539
2018    -16040.789062
2019    -16040.849609
2020    -16040.910156
2021    -16040.971680
2022    -16041.032227
2023    -16041.091797
2024    -16041.151367
2025    -16041.211914
2026    -16041.271484
2027    -16041.330078
2028    -16041.388672
2029    -16041.447266
2030    -16041.506836
2031    -16041.564453
2032    -16041.622070
2033    -16041.679688
2034    -16041.737305
2035    -16041.793945
2036    -16041.851562
2037    -16041.909180
2038    -16041.964844
2039    -16042.021484
2040    -16042.078125
2041    -16042.132812
2042    -16042.189453
2043    -16042.244141
2044    -16042.298828
2045    -16042.354492
2046    -16042.410156
2047    -16042.463867
2048    -16042.517578
2049    -16042.573242
2050    -16042.626953
2051    -16042.680664
2052    -16042.734375
2053    -16042.787109
2054    -16042.839844
2055    -16042.894531
2056    -16042.945312
2057    -16042.999023
2058    -16043.051758
2059    -16043.103516
2060    -16043.155273
2061    -16043.207031
2062    -16043.259766
2063    -16043.310547
2064    -16043.361328
2065    -16043.413086
2066    -16043.463867
2067    -16043.513672
2068    -16043.564453
2069    -16043.616211
2070    -16043.665039
2071    -16043.716797
2072    -16043.765625
2073    -16043.814453
2074    -16043.864258
2075    -16043.914062
2076    -16043.962891
2077    -16044.012695
2078    -16044.061523
2079    -16044.111328
2080    -16044.159180
2081    -16044.207031
2082    -16044.254883
2083    -16044.303711
2084    -16044.352539
2085    -16044.400391
2086    -16044.448242
2087    -16044.496094
2088    -16044.542969
2089    -16044.589844
2090    -16044.637695
2091    -16044.685547
2092    -16044.730469
2093    -16044.776367
2094    -16044.822266
2095    -16044.867188
2096    -16044.911133
2097    -16044.956055
2098    -16045.000000
2099    -16045.044922
2100    -16045.088867
2101    -16045.133789
2102    -16045.176758
2103    -16045.221680
2104    -16045.263672
2105    -16045.307617
2106    -16045.351562
2107    -16045.392578
2108    -16045.435547
2109    -16045.478516
2110    -16045.521484
2111    -16045.563477
2112    -16045.605469
2113    -16045.648438
2114    -16045.690430
2115    -16045.733398
2116    -16045.775391
2117    -16045.816406
2118    -16045.856445
2119    -16045.896484
2120    -16045.933594
2121    -16045.973633
2122    -16046.013672
2123    -16046.051758
2124    -16046.090820
2125    -16046.129883
2126    -16046.167969
2127    -16046.208008
2128    -16046.246094
2129    -16046.284180
2130    -16046.323242
2131    -16046.361328
2132    -16046.399414
2133    -16046.437500
2134    -16046.477539
2135    -16046.515625
2136    -16046.553711
2137    -16046.590820
2138    -16046.629883
2139    -16046.667969
2140    -16046.706055
2141    -16046.744141
2142    -16046.782227
2143    -16046.819336
2144    -16046.857422
2145    -16046.895508
2146    -16046.932617
2147    -16046.962891
2148    -16046.995117
2149    -16047.026367
2150    -16047.058594
2151    -16047.089844
2152    -16047.119141
2153    -16047.150391
2154    -16047.180664
2155    -16047.210938
2156    -16047.242188
2157    -16047.271484
2158    -16047.302734
2159    -16047.333984
2160    -16047.364258
2161    -16047.394531
2162    -16047.425781
2163    -16047.455078
2164    -16047.486328
2165    -16047.516602
2166    -16047.547852
2167    -16047.578125
2168    -16047.609375
2169    -16047.639648
2170    -16047.670898
2171    -16047.702148
2172    -16047.733398
2173    -16047.764648
2174    -16047.795898
2175    -16047.827148
2176    -16047.857422
2177    -16047.888672
2178    -16047.920898
2179    -16047.953125
2180    -16047.982422
2181    -16048.014648
2182    -16048.046875
2183    -16048.077148
2184    -16048.109375
2185    -16048.140625
2186    -16048.171875
2187    -16048.205078
2188    -16048.237305
2189    -16048.268555
2190    -16048.300781
2191    -16048.333984
2192    -16048.367188
2193    -16048.397461
2194    -16048.429688
2195    -16048.462891
2196    -16048.494141
2197    -16048.527344
2198    -16048.561523
2199    -16048.594727
2200    -16048.626953
2201    -16048.661133
2202    -16048.693359
2203    -16048.725586
2204    -16048.759766
2205    -16048.793945
2206    -16048.827148
2207    -16048.861328
2208    -16048.894531
2209    -16048.928711
2210    -16048.962891
2211    -16048.997070
2212    -16049.031250
2213    -16049.065430
2214    -16049.099609
2215    -16049.132812
2216    -16049.166992
2217    -16049.200195
2218    -16049.234375
2219    -16049.267578
2220    -16049.300781
2221    -16049.334961
2222    -16049.369141
2223    -16049.404297
2224    -16049.439453
2225    -16049.472656
2226    -16049.508789
2227    -16049.541992
2228    -16049.578125
2229    -16049.612305
2230    -16049.648438
2231    -16049.683594
2232    -16049.719727
2233    -16049.755859
2234    -16049.792969
2235    -16049.828125
2236    -16049.865234
2237    -16049.900391
2238    -16049.939453
2239    -16049.976562
2240    -16050.012695
2241    -16050.049805
2242    -16050.088867
2243    -16050.125977
2244    -16050.164062
2245    -16050.203125
2246    -16050.242188
2247    -16050.280273
2248    -16050.319336
2249    -16050.359375
2250    -16050.399414
2251    -16050.437500
2252    -16050.478516
2253    -16050.518555
2254    -16050.558594
2255    -16050.599609
2256    -16050.641602
2257    -16050.682617
2258    -16050.724609
2259    -16050.765625
2260    -16050.808594
2261    -16050.850586
2262    -16050.892578
2263    -16050.935547
2264    -16050.980469
2265    -16051.023438
2266    -16051.066406
2267    -16051.111328
2268    -16051.156250
2269    -16051.201172
2270    -16051.246094
2271    -16051.291016
2272    -16051.337891
2273    -16051.382812
2274    -16051.429688
2275    -16051.476562
2276    -16051.524414
2277    -16051.572266
2278    -16051.620117
2279    -16051.667969
2280    -16051.715820
2281    -16051.765625
2282    -16051.814453
2283    -16051.864258
2284    -16051.915039
2285    -16051.964844
2286    -16052.016602
2287    -16052.067383
2288    -16052.119141
2289    -16052.171875
2290    -16052.224609
2291    -16052.278320
2292    -16052.331055
2293    -16052.385742
2294    -16052.439453
2295    -16052.494141
2296    -16052.548828
2297    -16052.605469
2298    -16052.661133
2299    -16052.718750
2300    -16052.773438
2301    -16052.832031
2302    -16052.890625
2303    -16052.948242
2304    -16053.007812
2305    -16053.066406
2306    -16053.127930
2307    -16053.188477
2308    -16053.248047
2309    -16053.310547
2310    -16053.371094
2311    -16053.434570
2312    -16053.498047
2313    -16053.560547
2314    -16053.625000
2315    -16053.689453
2316    -16053.753906
2317    -16053.820312
2318    -16053.886719
2319    -16053.951172
2320    -16054.019531
2321    -16054.087891
2322    -16054.155273
2323    -16054.225586
2324    -16054.294922
2325    -16054.361328
2326    -16054.427734
2327    -16054.496094
2328    -16054.565430
2329    -16054.634766
2330    -16054.704102
2331    -16054.773438
2332    -16054.843750
2333    -16054.916016
2334    -16054.987305
2335    -16055.060547
2336    -16055.133789
2337    -16055.207031
2338    -16055.281250
2339    -16055.355469
2340    -16055.431641
2341    -16055.506836
2342    -16055.583984
2343    -16055.660156
2344    -16055.738281
2345    -16055.816406
2346    -16055.896484
2347    -16055.975586
2348    -16056.054688
2349    -16056.136719
2350    -16056.216797
2351    -16056.298828
2352    -16056.380859
2353    -16056.464844
2354    -16056.546875
2355    -16056.630859
2356    -16056.715820
2357    -16056.800781
2358    -16056.886719
2359    -16056.972656
2360    -16057.058594
2361    -16057.146484
2362    -16057.234375
2363    -16057.323242
2364    -16057.412109
2365    -16057.500977
2366    -16057.589844
2367    -16057.679688
2368    -16057.771484
2369    -16057.862305
2370    -16057.954102
2371    -16058.046875
2372    -16058.139648
2373    -16058.232422
2374    -16058.325195
2375    -16058.421875
2376    -16058.514648
2377    -16058.609375
2378    -16058.705078
2379    -16058.800781
2380    -16058.897461
2381    -16058.994141
2382    -16059.090820
2383    -16059.188477
2384    -16059.286133
2385    -16059.384766
2386    -16059.482422
2387    -16059.581055
2388    -16059.680664
2389    -16059.781250
2390    -16059.880859
2391    -16059.980469
2392    -16060.082031
2393    -16060.181641
2394    -16060.283203
2395    -16060.384766
2396    -16060.486328
2397    -16060.588867
2398    -16060.691406
2399    -16060.792969
2400    -16060.896484
2401    -16060.999023
2402    -16061.102539
2403    -16061.205078
2404    -16061.308594
2405    -16061.414062
2406    -16061.517578
2407    -16061.622070
2408    -16061.725586
2409    -16061.830078
2410    -16061.934570
2411    -16062.041016
2412    -16062.144531
2413    -16062.250000
2414    -16062.356445
2415    -16062.461914
2416    -16062.567383
2417    -16062.672852
2418    -16062.779297
2419    -16062.884766
2420    -16062.991211
2421    -16063.097656
2422    -16063.203125
2423    -16063.308594
2424    -16063.416016
2425    -16063.522461
2426    -16063.628906
2427    -16063.735352
2428    -16063.843750
2429    -16063.949219
2430    -16064.055664
2431    -16064.162109
2432    -16064.269531
2433    -16064.375977
2434    -16064.482422
2435    -16064.590820
2436    -16064.697266
2437    -16064.803711
2438    -16064.910156
2439    -16065.018555
2440    -16065.125000
2441    -16065.231445
2442    -16065.338867
2443    -16065.445312
2444    -16065.552734
2445    -16065.658203
2446    -16065.765625
2447    -16065.872070
2448    -16065.978516
2449    -16066.085938
2450    -16066.192383
2451    -16066.298828
2452    -16066.406250
2453    -16066.512695
2454    -16066.619141
2455    -16066.725586
2456    -16066.832031
2457    -16066.939453
2458    -16067.044922
2459    -16067.151367
2460    -16067.257812
2461    -16067.364258
2462    -16067.468750
2463    -16067.576172
2464    -16067.681641
2465    -16067.788086
2466    -16067.893555
2467    -16067.999023
2468    -16068.104492
2469    -16068.209961
2470    -16068.314453
2471    -16068.420898
2472    -16068.525391
2473    -16068.631836
2474    -16068.736328
2475    -16068.841797
2476    -16068.947266
2477    -16069.052734
2478    -16069.156250
2479    -16069.261719
2480    -16069.365234
2481    -16069.469727
2482    -16069.574219
2483    -16069.678711
2484    -16069.783203
2485    -16069.886719
2486    -16069.992188
2487    -16070.094727
2488    -16070.199219
2489    -16070.302734
2490    -16070.405273
2491    -16070.509766
2492    -16070.613281
2493    -16070.715820
2494    -16070.819336
2495    -16070.921875
2496    -16071.024414
2497    -16071.126953
2498    -16071.228516
2499    -16071.332031
2500    -16071.434570
2501    -16071.537109
2502    -16071.638672
2503    -16071.740234
2504    -16071.842773
2505    -16071.943359
2506    -16072.045898
2507    -16072.146484
2508    -16072.247070
2509    -16072.348633
2510    -16072.450195
2511    -16072.550781
2512    -16072.651367
2513    -16072.751953
2514    -16072.851562
2515    -16072.951172
2516    -16073.050781
2517    -16073.152344
2518    -16073.251953
2519    -16073.349609
2520    -16073.449219
2521    -16073.548828
2522    -16073.647461
2523    -16073.747070
2524    -16073.845703
2525    -16073.944336
2526    -16074.042969
2527    -16074.140625
2528    -16074.237305
2529    -16074.335938
2530    -16074.433594
2531    -16074.531250
2532    -16074.626953
2533    -16074.724609
2534    -16074.820312
2535    -16074.914062
2536    -16075.006836
2537    -16075.099609
2538    -16075.191406
2539    -16075.283203
2540    -16075.375000
2541    -16075.466797
2542    -16075.556641
2543    -16075.647461
2544    -16075.738281
2545    -16075.827148
2546    -16075.916992
2547    -16076.007812
2548    -16076.096680
2549    -16076.185547
2550    -16076.275391
2551    -16076.363281
2552    -16076.451172
2553    -16076.539062
2554    -16076.626953
2555    -16076.713867
2556    -16076.800781
2557    -16076.888672
2558    -16076.974609
2559    -16077.061523
2560    -16077.146484
2561    -16077.233398
2562    -16077.319336
2563    -16077.404297
2564    -16077.489258
2565    -16077.573242
2566    -16077.658203
2567    -16077.742188
2568    -16077.826172
2569    -16077.908203
2570    -16077.992188
2571    -16078.074219
2572    -16078.156250
2573    -16078.240234
2574    -16078.321289
2575    -16078.401367
2576    -16078.482422
2577    -16078.564453
2578    -16078.644531
2579    -16078.724609
2580    -16078.804688
2581    -16078.882812
2582    -16078.960938
2583    -16079.041016
2584    -16079.119141
2585    -16079.196289
2586    -16079.274414
2587    -16079.351562
2588    -16079.422852
2589    -16079.490234
2590    -16079.557617
2591    -16079.625977
2592    -16079.691406
2593    -16079.759766
2594    -16079.825195
2595    -16079.891602
2596    -16079.957031
2597    -16080.023438
2598    -16080.087891
2599    -16080.152344
2600    -16080.216797
2601    -16080.280273
2602    -16080.343750
2603    -16080.407227
2604    -16080.470703
2605    -16080.532227
2606    -16080.594727
2607    -16080.657227
2608    -16080.718750
2609    -16080.778320
2610    -16080.839844
2611    -16080.900391
2612    -16080.960938
2613    -16081.020508
2614    -16081.080078
2615    -16081.139648
2616    -16081.197266
2617    -16081.255859
2618    -16081.314453
2619    -16081.371094
2620    -16081.429688
2621    -16081.486328
2622    -16081.542969
2623    -16081.599609
2624    -16081.655273
2625    -16081.709961
2626    -16081.765625
2627    -16081.820312
2628    -16081.875000
2629    -16081.929688
2630    -16081.984375
2631    -16082.037109
2632    -16082.089844
2633    -16082.143555
2634    -16082.196289
2635    -16082.248047
2636    -16082.300781
2637    -16082.351562
2638    -16082.402344
2639    -16082.452148
2640    -16082.500977
2641    -16082.550781
2642    -16082.599609
2643    -16082.648438
2644    -16082.697266
2645    -16082.744141
2646    -16082.792969
2647    -16082.840820
2648    -16082.887695
2649    -16082.934570
2650    -16082.982422
2651    -16083.027344
2652    -16083.073242
2653    -16083.119141
2654    -16083.165039
2655    -16083.209961
2656    -16083.254883
2657    -16083.298828
2658    -16083.344727
2659    -16083.388672
2660    -16083.431641
2661    -16083.475586
2662    -16083.519531
2663    -16083.562500
2664    -16083.605469
2665    -16083.648438
2666    -16083.689453
2667    -16083.732422
2668    -16083.775391
2669    -16083.814453
2670    -16083.857422
2671    -16083.898438
2672    -16083.939453
2673    -16083.980469
2674    -16084.021484
2675    -16084.060547
2676    -16084.099609
2677    -16084.140625
2678    -16084.179688
2679    -16084.218750
2680    -16084.258789
2681    -16084.297852
2682    -16084.335938
2683    -16084.374023
2684    -16084.413086
2685    -16084.451172
2686    -16084.488281
2687    -16084.527344
2688    -16084.563477
2689    -16084.601562
2690    -16084.637695
2691    -16084.675781
2692    -16084.710938
2693    -16084.749023
2694    -16084.785156
2695    -16084.820312
2696    -16084.856445
2697    -16084.892578
2698    -16084.928711
2699    -16084.964844
2700    -16085.000000
2701    -16085.035156
2702    -16085.070312
2703    -16085.105469
2704    -16085.138672
2705    -16085.171875
2706    -16085.202148
2707    -16085.233398
2708    -16085.263672
2709    -16085.295898
2710    -16085.326172
2711    -16085.355469
2712    -16085.385742
2713    -16085.416016
2714    -16085.446289
2715    -16085.475586
2716    -16085.505859
2717    -16085.535156
2718    -16085.564453
2719    -16085.593750
2720    -16085.623047
2721    -16085.652344
2722    -16085.680664
2723    -16085.709961
2724    -16085.738281
2725    -16085.767578
2726    -16085.794922
2727    -16085.824219
2728    -16085.853516
2729    -16085.880859
2730    -16085.910156
2731    -16085.938477
2732    -16085.966797
2733    -16085.995117
2734    -16086.021484
2735    -16086.050781
2736    -16086.078125
2737    -16086.105469
2738    -16086.133789
2739    -16086.160156
2740    -16086.188477
2741    -16086.215820
2742    -16086.243164
2743    -16086.269531
2744    -16086.297852
2745    -16086.324219
2746    -16086.351562
2747    -16086.378906
2748    -16086.406250
2749    -16086.431641
2750    -16086.458984
2751    -16086.487305
2752    -16086.513672
2753    -16086.540039
2754    -16086.566406
2755    -16086.592773
2756    -16086.616211
2757    -16086.636719
2758    -16086.658203
2759    -16086.681641
2760    -16086.703125
2761    -16086.724609
2762    -16086.746094
2763    -16086.767578
2764    -16086.790039
2765    -16086.811523
2766    -16086.833008
2767    -16086.855469
2768    -16086.876953
2769    -16086.899414
2770    -16086.919922
2771    -16086.941406
2772    -16086.962891
2773    -16086.985352
2774    -16087.006836
2775    -16087.028320
2776    -16087.049805
2777    -16087.073242
2778    -16087.093750
2779    -16087.116211
2780    -16087.137695
2781    -16087.160156
2782    -16087.181641
2783    -16087.203125
2784    -16087.226562
2785    -16087.248047
2786    -16087.270508
2787    -16087.292969
2788    -16087.314453
2789    -16087.335938
2790    -16087.359375
2791    -16087.380859
2792    -16087.403320
2793    -16087.425781
2794    -16087.449219
2795    -16087.470703
2796    -16087.493164
2797    -16087.515625
2798    -16087.537109
2799    -16087.560547
2800    -16087.583008
2801    -16087.605469
2802    -16087.628906
2803    -16087.651367
2804    -16087.674805
2805    -16087.697266
2806    -16087.720703
2807    -16087.743164
2808    -16087.766602
2809    -16087.789062
2810    -16087.812500
2811    -16087.835938
2812    -16087.859375
2813    -16087.882812
2814    -16087.906250
2815    -16087.929688
2816    -16087.952148
2817    -16087.976562
2818    -16088.000000
2819    -16088.023438
2820    -16088.046875
2821    -16088.072266
2822    -16088.095703
2823    -16088.119141
2824    -16088.143555
2825    -16088.167969
2826    -16088.193359
2827    -16088.216797
2828    -16088.241211
2829    -16088.266602
2830    -16088.291016
2831    -16088.315430
2832    -16088.339844
2833    -16088.365234
2834    -16088.389648
2835    -16088.416016
2836    -16088.440430
2837    -16088.465820
2838    -16088.490234
2839    -16088.516602
2840    -16088.541016
2841    -16088.564453
2842    -16088.588867
2843    -16088.613281
2844    -16088.636719
2845    -16088.662109
2846    -16088.686523
2847    -16088.712891
2848    -16088.736328
2849    -16088.761719
2850    -16088.787109
2851    -16088.812500
2852    -16088.837891
2853    -16088.863281
2854    -16088.889648
2855    -16088.915039
2856    -16088.940430
2857    -16088.967773
2858    -16088.992188
2859    -16089.019531
2860    -16089.044922
2861    -16089.072266
2862    -16089.098633
2863    -16089.125000
2864    -16089.153320
2865    -16089.179688
2866    -16089.207031
2867    -16089.234375
2868    -16089.261719
2869    -16089.290039
2870    -16089.318359
2871    -16089.345703
2872    -16089.374023
2873    -16089.402344
2874    -16089.431641
2875    -16089.459961
2876    -16089.488281
2877    -16089.517578
2878    -16089.546875
2879    -16089.576172
2880    -16089.604492
2881    -16089.633789
2882    -16089.664062
2883    -16089.694336
2884    -16089.723633
2885    -16089.752930
2886    -16089.784180
2887    -16089.814453
2888    -16089.845703
2889    -16089.875977
2890    -16089.906250
2891    -16089.937500
2892    -16089.969727
2893    -16090.000000
2894    -16090.031250
2895    -16090.064453
2896    -16090.095703
2897    -16090.128906
2898    -16090.160156
2899    -16090.193359
2900    -16090.225586
2901    -16090.257812
2902    -16090.291992
2903    -16090.324219
2904    -16090.358398
2905    -16090.391602
2906    -16090.425781
2907    -16090.458984
2908    -16090.494141
2909    -16090.527344
2910    -16090.562500
2911    -16090.596680
2912    -16090.631836
2913    -16090.666992
2914    -16090.702148
2915    -16090.737305
2916    -16090.772461
2917    -16090.808594
2918    -16090.845703
2919    -16090.880859
2920    -16090.916016
2921    -16090.953125
2922    -16090.988281
2923    -16091.026367
2924    -16091.062500
2925    -16091.099609
2926    -16091.136719
2927    -16091.174805
2928    -16091.210938
2929    -16091.250000
2930    -16091.287109
2931    -16091.324219
2932    -16091.363281
2933    -16091.402344
2934    -16091.440430
2935    -16091.478516
2936    -16091.517578
2937    -16091.557617
2938    -16091.596680
2939    -16091.636719
2940    -16091.675781
2941    -16091.714844
2942    -16091.755859
2943    -16091.794922
2944    -16091.835938
2945    -16091.876953
2946    -16091.917969
2947    -16091.958008
2948    -16092.000000
2949    -16092.040039
2950    -16092.082031
2951    -16092.123047
2952    -16092.166016
2953    -16092.207031
2954    -16092.250000
2955    -16092.291992
2956    -16092.333984
2957    -16092.376953
2958    -16092.420898
2959    -16092.462891
2960    -16092.507812
2961    -16092.549805
2962    -16092.593750
2963    -16092.636719
2964    -16092.681641
2965    -16092.724609
2966    -16092.769531
2967    -16092.814453
2968    -16092.858398
2969    -16092.903320
2970    -16092.947266
2971    -16092.991211
2972    -16093.037109
2973    -16093.080078
2974    -16093.125977
2975    -16093.169922
2976    -16093.214844
2977    -16093.260742
2978    -16093.306641
2979    -16093.352539
2980    -16093.398438
2981    -16093.444336
2982    -16093.490234
2983    -16093.536133
2984    -16093.583008
2985    -16093.629883
2986    -16093.675781
2987    -16093.722656
2988    -16093.769531
2989    -16093.816406
2990    -16093.863281
2991    -16093.910156
2992    -16093.958008
2993    -16094.004883
2994    -16094.052734
2995    -16094.100586
2996    -16094.149414
2997    -16094.197266
2998    -16094.244141
2999    -16094.291016
3000    -16094.337891
3001    -16094.385742
3002    -16094.433594
3003    -16094.480469
3004    -16094.529297
3005    -16094.576172
3006    -16094.625000
3007    -16094.670898
3008    -16094.720703
3009    -16094.767578
3010    -16094.816406
3011    -16094.865234
3012    -16094.912109
3013    -16094.960938
3014    -16095.009766
3015    -16095.058594
3016    -16095.107422
3017    -16095.155273
3018    -16095.204102
3019    -16095.252930
3020    -16095.302734
3021    -16095.350586
3022    -16095.400391
3023    -16095.449219
3024    -16095.498047
3025    -16095.546875
3026    -16095.595703
3027    -16095.645508
3028    -16095.694336
3029    -16095.743164
3030    -16095.792969
3031    -16095.841797
3032    -16095.890625
3033    -16095.939453
3034    -16095.989258
3035    -16096.039062
3036    -16096.086914
3037    -16096.136719
3038    -16096.186523
3039    -16096.234375
3040    -16096.284180
3041    -16096.333984
3042    -16096.382812
3043    -16096.431641
3044    -16096.480469
3045    -16096.530273
3046    -16096.579102
3047    -16096.626953
3048    -16096.675781
3049    -16096.722656
3050    -16096.767578
3051    -16096.814453
3052    -16096.859375
3053    -16096.906250
3054    -16096.951172
3055    -16096.997070
3056    -16097.042969
3057    -16097.088867
3058    -16097.134766
3059    -16097.179688
3060    -16097.224609
3061    -16097.270508
3062    -16097.315430
3063    -16097.361328
3064    -16097.404297
3065    -16097.451172
3066    -16097.495117
3067    -16097.540039
3068    -16097.583984
3069    -16097.628906
3070    -16097.673828
3071    -16097.716797
3072    -16097.761719
3073    -16097.805664
3074    -16097.849609
3075    -16097.893555
3076    -16097.937500
3077    -16097.980469
3078    -16098.023438
3079    -16098.067383
3080    -16098.109375
3081    -16098.152344
3082    -16098.197266
3083    -16098.239258
3084    -16098.281250
3085    -16098.323242
3086    -16098.367188
3087    -16098.408203
3088    -16098.451172
3089    -16098.493164
3090    -16098.534180
3091    -16098.575195
3092    -16098.617188
3093    -16098.658203
3094    -16098.699219
3095    -16098.740234
3096    -16098.781250
3097    -16098.821289
3098    -16098.862305
3099    -16098.902344
3100    -16098.942383
3101    -16098.982422
3102    -16099.022461
3103    -16099.062500
3104    -16099.101562
3105    -16099.140625
3106    -16099.179688
3107    -16099.219727
3108    -16099.258789
3109    -16099.296875
3110    -16099.335938
3111    -16099.374023
3112    -16099.412109
3113    -16099.450195
3114    -16099.488281
3115    -16099.526367
3116    -16099.563477
3117    -16099.601562
3118    -16099.637695
3119    -16099.674805
3120    -16099.710938
3121    -16099.750000
3122    -16099.785156
3123    -16099.820312
3124    -16099.857422
3125    -16099.894531
3126    -16099.929688
3127    -16099.964844
3128    -16100.001953
3129    -16100.035156
3130    -16100.071289
3131    -16100.106445
3132    -16100.141602
3133    -16100.175781
3134    -16100.210938
3135    -16100.244141
3136    -16100.279297
3137    -16100.313477
3138    -16100.347656
3139    -16100.381836
3140    -16100.415039
3141    -16100.448242
3142    -16100.481445
3143    -16100.514648
3144    -16100.547852
3145    -16100.580078
3146    -16100.613281
3147    -16100.645508
3148    -16100.677734
3149    -16100.708984
3150    -16100.742188
3151    -16100.774414
3152    -16100.805664
3153    -16100.836914
3154    -16100.869141
3155    -16100.900391
3156    -16100.930664
3157    -16100.961914
3158    -16100.993164
3159    -16101.023438
3160    -16101.053711
3161    -16101.083984
3162    -16101.114258
3163    -16101.143555
3164    -16101.174805
3165    -16101.204102
3166    -16101.234375
3167    -16101.263672
3168    -16101.292969
3169    -16101.322266
3170    -16101.349609
3171    -16101.379883
3172    -16101.409180
3173    -16101.437500
3174    -16101.465820
3175    -16101.495117
3176    -16101.522461
3177    -16101.550781
3178    -16101.578125
3179    -16101.605469
3180    -16101.633789
3181    -16101.661133
3182    -16101.687500
3183    -16101.714844
3184    -16101.741211
3185    -16101.768555
3186    -16101.794922
3187    -16101.820312
3188    -16101.847656
3189    -16101.873047
3190    -16101.899414
3191    -16101.925781
3192    -16101.951172
3193    -16101.977539
3194    -16102.003906
3195    -16102.027344
3196    -16102.054688
3197    -16102.079102
3198    -16102.105469
3199    -16102.130859
3200    -16102.150391
3201    -16102.170898
3202    -16102.192383
3203    -16102.210938
3204    -16102.232422
3205    -16102.253906
3206    -16102.271484
3207    -16102.292969
3208    -16102.313477
3209    -16102.333008
3210    -16102.353516
3211    -16102.372070
3212    -16102.392578
3213    -16102.412109
3214    -16102.430664
3215    -16102.451172
3216    -16102.469727
3217    -16102.490234
3218    -16102.508789
3219    -16102.528320
3220    -16102.547852
3221    -16102.566406
3222    -16102.585938
3223    -16102.604492
3224    -16102.624023
3225    -16102.641602
3226    -16102.662109
3227    -16102.679688
3228    -16102.699219
3229    -16102.717773
3230    -16102.736328
3231    -16102.755859
3232    -16102.773438
3233    -16102.791992
3234    -16102.810547
3235    -16102.829102
3236    -16102.847656
3237    -16102.865234
3238    -16102.884766
3239    -16102.902344
3240    -16102.920898
3241    -16102.937500
3242    -16102.956055
3243    -16102.974609
3244    -16102.992188
3245    -16103.010742
3246    -16103.028320
3247    -16103.046875
3248    -16103.063477
3249    -16103.082031
3250    -16103.099609
3251    -16103.118164
3252    -16103.134766
3253    -16103.153320
3254    -16103.170898
3255    -16103.189453
3256    -16103.206055
3257    -16103.223633
3258    -16103.240234
3259    -16103.257812
3260    -16103.275391
3261    -16103.293945
3262    -16103.311523
3263    -16103.329102
3264    -16103.345703
3265    -16103.364258
3266    -16103.380859
3267    -16103.398438
3268    -16103.416016
3269    -16103.432617
3270    -16103.451172
3271    -16103.468750
3272    -16103.485352
3273    -16103.502930
3274    -16103.520508
3275    -16103.537109
3276    -16103.555664
3277    -16103.572266
3278    -16103.589844
3279    -16103.607422
3280    -16103.625000
3281    -16103.642578
3282    -16103.659180
3283    -16103.677734
3284    -16103.694336
3285    -16103.711914
3286    -16103.728516
3287    -16103.746094
3288    -16103.764648
3289    -16103.781250
3290    -16103.798828
3291    -16103.816406
3292    -16103.833984
3293    -16103.851562
3294    -16103.868164
3295    -16103.885742
3296    -16103.904297
3297    -16103.921875
3298    -16103.938477
3299    -16103.956055
3300    -16103.973633
3301    -16103.991211
3302    -16104.009766
3303    -16104.027344
3304    -16104.044922
3305    -16104.062500
3306    -16104.080078
3307    -16104.098633
3308    -16104.116211
3309    -16104.132812
3310    -16104.151367
3311    -16104.169922
3312    -16104.187500
3313    -16104.205078
3314    -16104.224609
3315    -16104.242188
3316    -16104.261719
3317    -16104.278320
3318    -16104.296875
3319    -16104.315430
3320    -16104.333984
3321    -16104.351562
3322    -16104.371094
3323    -16104.388672
3324    -16104.407227
3325    -16104.425781
3326    -16104.443359
3327    -16104.460938
3328    -16104.477539
3329    -16104.493164
3330    -16104.510742
3331    -16104.527344
3332    -16104.544922
3333    -16104.560547
3334    -16104.579102
3335    -16104.595703
3336    -16104.613281
3337    -16104.630859
3338    -16104.648438
3339    -16104.666016
3340    -16104.683594
3341    -16104.702148
3342    -16104.718750
3343    -16104.737305
3344    -16104.755859
3345    -16104.773438
3346    -16104.792969
3347    -16104.810547
3348    -16104.830078
3349    -16104.847656
3350    -16104.867188
3351    -16104.884766
3352    -16104.905273
3353    -16104.923828
3354    -16104.943359
3355    -16104.962891
3356    -16104.982422
3357    -16105.000977
3358    -16105.020508
3359    -16105.041016
3360    -16105.060547
3361    -16105.080078
3362    -16105.101562
3363    -16105.121094
3364    -16105.141602
3365    -16105.162109
3366    -16105.183594
3367    -16105.204102
3368    -16105.224609
3369    -16105.245117
3370    -16105.266602
3371    -16105.287109
3372    -16105.308594
3373    -16105.331055
3374    -16105.353516
3375    -16105.374023
3376    -16105.396484
3377    -16105.419922
3378    -16105.442383
3379    -16105.464844
3380    -16105.487305
3381    -16105.509766
3382    -16105.533203
3383    -16105.556641
3384    -16105.581055
3385    -16105.604492
3386    -16105.628906
3387    -16105.652344
3388    -16105.675781
3389    -16105.700195
3390    -16105.724609
3391    -16105.749023
3392    -16105.773438
3393    -16105.799805
3394    -16105.824219
3395    -16105.850586
3396    -16105.875000
3397    -16105.901367
3398    -16105.927734
3399    -16105.954102
3400    -16105.980469
3401    -16106.005859
3402    -16106.034180
3403    -16106.060547
3404    -16106.087891
3405    -16106.115234
3406    -16106.141602
3407    -16106.170898
3408    -16106.198242
3409    -16106.226562
3410    -16106.255859
3411    -16106.283203
3412    -16106.311523
3413    -16106.340820
3414    -16106.371094
3415    -16106.399414
3416    -16106.427734
3417    -16106.458008
3418    -16106.488281
3419    -16106.518555
3420    -16106.548828
3421    -16106.579102
3422    -16106.609375
3423    -16106.640625
3424    -16106.671875
3425    -16106.703125
3426    -16106.734375
3427    -16106.765625
3428    -16106.797852
3429    -16106.830078
3430    -16106.862305
3431    -16106.892578
3432    -16106.925781
3433    -16106.959961
3434    -16106.992188
3435    -16107.023438
3436    -16107.058594
3437    -16107.092773
3438    -16107.125000
3439    -16107.159180
3440    -16107.193359
3441    -16107.226562
3442    -16107.260742
3443    -16107.294922
3444    -16107.330078
3445    -16107.364258
3446    -16107.398438
3447    -16107.433594
3448    -16107.468750
3449    -16107.504883
3450    -16107.539062
3451    -16107.575195
3452    -16107.610352
3453    -16107.645508
3454    -16107.681641
3455    -16107.717773
3456    -16107.753906
3457    -16107.790039
3458    -16107.826172
3459    -16107.863281
3460    -16107.899414
3461    -16107.935547
3462    -16107.972656
3463    -16108.008789
3464    -16108.045898
3465    -16108.083008
3466    -16108.120117
3467    -16108.157227
3468    -16108.193359
3469    -16108.230469
3470    -16108.268555
3471    -16108.305664
3472    -16108.343750
3473    -16108.381836
3474    -16108.417969
3475    -16108.456055
3476    -16108.494141
3477    -16108.531250
3478    -16108.568359
3479    -16108.606445
3480    -16108.644531
3481    -16108.680664
3482    -16108.720703
3483    -16108.757812
3484    -16108.794922
3485    -16108.832031
3486    -16108.870117
3487    -16108.908203
3488    -16108.946289
3489    -16108.984375
3490    -16109.022461
3491    -16109.058594
3492    -16109.097656
3493    -16109.134766
3494    -16109.171875
3495    -16109.210938
3496    -16109.247070
3497    -16109.285156
3498    -16109.322266
3499    -16109.360352
3500    -16109.398438
3501    -16109.435547
3502    -16109.472656
3503    -16109.510742
3504    -16109.547852
3505    -16109.583984
3506    -16109.622070
3507    -16109.660156
3508    -16109.697266
3509    -16109.732422
3510    -16109.770508
3511    -16109.807617
3512    -16109.843750
3513    -16109.880859
3514    -16109.916992
3515    -16109.953125
3516    -16109.990234
3517    -16110.025391
3518    -16110.062500
3519    -16110.098633
3520    -16110.134766
3521    -16110.170898
3522    -16110.207031
3523    -16110.242188
3524    -16110.279297
3525    -16110.313477
3526    -16110.348633
3527    -16110.384766
3528    -16110.418945
3529    -16110.455078
3530    -16110.491211
3531    -16110.524414
3532    -16110.559570
3533    -16110.594727
3534    -16110.628906
3535    -16110.662109
3536    -16110.698242
3537    -16110.732422
3538    -16110.765625
3539    -16110.800781
3540    -16110.833984
3541    -16110.867188
3542    -16110.901367
3543    -16110.934570
3544    -16110.968750
3545    -16111.001953
3546    -16111.035156
3547    -16111.068359
3548    -16111.100586
3549    -16111.132812
3550    -16111.166016
3551    -16111.199219
3552    -16111.230469
3553    -16111.263672
3554    -16111.295898
3555    -16111.328125
3556    -16111.359375
3557    -16111.389648
3558    -16111.421875
3559    -16111.454102
3560    -16111.484375
3561    -16111.516602
3562    -16111.546875
3563    -16111.578125
3564    -16111.608398
3565    -16111.638672
3566    -16111.669922
3567    -16111.700195
3568    -16111.730469
3569    -16111.759766
3570    -16111.791016
3571    -16111.820312
3572    -16111.850586
3573    -16111.878906
3574    -16111.909180
3575    -16111.939453
3576    -16111.967773
3577    -16111.997070
3578    -16112.025391
3579    -16112.053711
3580    -16112.083984
3581    -16112.111328
3582    -16112.139648
3583    -16112.167969
3584    -16112.195312
3585    -16112.223633
3586    -16112.251953
3587    -16112.279297
3588    -16112.307617
3589    -16112.335938
3590    -16112.362305
3591    -16112.389648
3592    -16112.416992
3593    -16112.443359
3594    -16112.470703
3595    -16112.498047
3596    -16112.525391
3597    -16112.551758
3598    -16112.578125
3599    -16112.603516
3600    -16112.629883
3601    -16112.655273
3602    -16112.681641
3603    -16112.708008
3604    -16112.734375
3605    -16112.759766
3606    -16112.785156
3607    -16112.811523
3608    -16112.836914
3609    -16112.861328
3610    -16112.886719
3611    -16112.911133
3612    -16112.937500
3613    -16112.961914
3614    -16112.986328
3615    -16113.012695
3616    -16113.037109
3617    -16113.060547
3618    -16113.084961
3619    -16113.109375
3620    -16113.133789
3621    -16113.158203
3622    -16113.181641
3623    -16113.205078
3624    -16113.229492
3625    -16113.252930
3626    -16113.276367
3627    -16113.299805
3628    -16113.323242
3629    -16113.345703
3630    -16113.369141
3631    -16113.391602
3632    -16113.415039
3633    -16113.436523
3634    -16113.460938
3635    -16113.482422
3636    -16113.504883
3637    -16113.528320
3638    -16113.550781
3639    -16113.572266
3640    -16113.594727
3641    -16113.617188
3642    -16113.639648
3643    -16113.661133
3644    -16113.683594
3645    -16113.706055
3646    -16113.728516
3647    -16113.750000
3648    -16113.771484
3649    -16113.792969
3650    -16113.814453
3651    -16113.837891
3652    -16113.858398
3653    -16113.881836
3654    -16113.902344
3655    -16113.923828
3656    -16113.946289
3657    -16113.967773
3658    -16113.989258
3659    -16114.011719
3660    -16114.032227
3661    -16114.052734
3662    -16114.073242
3663    -16114.092773
3664    -16114.113281
3665    -16114.132812
3666    -16114.153320
3667    -16114.173828
3668    -16114.193359
3669    -16114.212891
3670    -16114.232422
3671    -16114.252930
3672    -16114.273438
3673    -16114.292969
3674    -16114.312500
3675    -16114.333008
3676    -16114.353516
3677    -16114.373047
3678    -16114.392578
3679    -16114.413086
3680    -16114.432617
3681    -16114.453125
3682    -16114.474609
3683    -16114.494141
3684    -16114.513672
3685    -16114.535156
3686    -16114.554688
3687    -16114.576172
3688    -16114.595703
3689    -16114.617188
3690    -16114.637695
3691    -16114.660156
3692    -16114.678711
3693    -16114.699219
3694    -16114.720703
3695    -16114.741211
3696    -16114.762695
3697    -16114.785156
3698    -16114.804688
3699    -16114.826172
3700    -16114.848633
3701    -16114.870117
3702    -16114.890625
3703    -16114.914062
3704    -16114.935547
3705    -16114.957031
3706    -16114.979492
3707    -16115.001953
3708    -16115.024414
3709    -16115.046875
3710    -16115.069336
3711    -16115.091797
3712    -16115.115234
3713    -16115.138672
3714    -16115.161133
3715    -16115.184570
3716    -16115.208984
3717    -16115.232422
3718    -16115.254883
3719    -16115.279297
3720    -16115.303711
3721    -16115.328125
3722    -16115.351562
3723    -16115.376953
3724    -16115.402344
3725    -16115.426758
3726    -16115.451172
3727    -16115.476562
3728    -16115.503906
3729    -16115.529297
3730    -16115.554688
3731    -16115.580078
3732    -16115.607422
3733    -16115.634766
3734    -16115.661133
3735    -16115.687500
3736    -16115.714844
3737    -16115.742188
3738    -16115.770508
3739    -16115.798828
3740    -16115.826172
3741    -16115.853516
3742    -16115.882812
3743    -16115.912109
3744    -16115.941406
3745    -16115.969727
3746    -16115.999023
3747    -16116.029297
3748    -16116.059570
3749    -16116.089844
3750    -16116.120117
3751    -16116.150391
3752    -16116.181641
3753    -16116.212891
3754    -16116.244141
3755    -16116.277344
3756    -16116.308594
3757    -16116.339844
3758    -16116.373047
3759    -16116.406250
3760    -16116.438477
3761    -16116.471680
3762    -16116.505859
3763    -16116.539062
3764    -16116.573242
3765    -16116.606445
3766    -16116.641602
3767    -16116.675781
3768    -16116.710938
3769    -16116.746094
3770    -16116.781250
3771    -16116.816406
3772    -16116.853516
3773    -16116.888672
3774    -16116.924805
3775    -16116.960938
3776    -16116.998047
3777    -16117.035156
3778    -16117.072266
3779    -16117.108398
3780    -16117.146484
3781    -16117.183594
3782    -16117.219727
3783    -16117.257812
3784    -16117.295898
3785    -16117.333984
3786    -16117.371094
3787    -16117.410156
3788    -16117.447266
3789    -16117.486328
3790    -16117.525391
3791    -16117.563477
3792    -16117.602539
3793    -16117.640625
3794    -16117.679688
3795    -16117.714844
3796    -16117.751953
3797    -16117.787109
3798    -16117.823242
3799    -16117.859375
3800    -16117.894531
3801    -16117.930664
3802    -16117.967773
3803    -16118.002930
3804    -16118.039062
3805    -16118.075195
3806    -16118.111328
3807    -16118.146484
3808    -16118.183594
3809    -16118.218750
3810    -16118.255859
3811    -16118.291016
3812    -16118.326172
3813    -16118.363281
3814    -16118.398438
3815    -16118.434570
3816    -16118.469727
3817    -16118.505859
3818    -16118.541992
3819    -16118.576172
3820    -16118.611328
3821    -16118.646484
3822    -16118.681641
3823    -16118.716797
3824    -16118.751953
3825    -16118.787109
3826    -16118.821289
3827    -16118.855469
3828    -16118.889648
3829    -16118.923828
3830    -16118.958008
3831    -16118.993164
3832    -16119.025391
3833    -16119.059570
3834    -16119.093750
3835    -16119.126953
3836    -16119.159180
3837    -16119.192383
3838    -16119.225586
3839    -16119.256836
3840    -16119.291016
3841    -16119.322266
3842    -16119.355469
3843    -16119.386719
3844    -16119.417969
3845    -16119.450195
3846    -16119.481445
3847    -16119.511719
3848    -16119.544922
3849    -16119.573242
3850    -16119.604492
3851    -16119.634766
3852    -16119.666016
3853    -16119.695312
3854    -16119.725586
3855    -16119.754883
3856    -16119.784180
3857    -16119.814453
3858    -16119.843750
3859    -16119.872070
3860    -16119.900391
3861    -16119.929688
3862    -16119.957031
3863    -16119.985352
3864    -16120.013672
3865    -16120.041016
3866    -16120.068359
3867    -16120.095703
3868    -16120.123047
3869    -16120.150391
3870    -16120.177734
3871    -16120.203125
3872    -16120.230469
3873    -16120.255859
3874    -16120.281250
3875    -16120.304688
3876    -16120.329102
3877    -16120.354492
3878    -16120.378906
3879    -16120.402344
3880    -16120.427734
3881    -16120.451172
3882    -16120.474609
3883    -16120.498047
3884    -16120.521484
3885    -16120.544922
3886    -16120.568359
3887    -16120.589844
3888    -16120.613281
3889    -16120.634766
3890    -16120.658203
3891    -16120.679688
3892    -16120.703125
3893    -16120.724609
3894    -16120.746094
3895    -16120.767578
3896    -16120.789062
3897    -16120.810547
3898    -16120.832031
3899    -16120.852539
3900    -16120.874023
3901    -16120.894531
3902    -16120.915039
3903    -16120.935547
3904    -16120.956055
3905    -16120.976562
3906    -16120.997070
3907    -16121.016602
3908    -16121.037109
3909    -16121.057617
3910    -16121.076172
3911    -16121.096680
3912    -16121.115234
3913    -16121.134766
3914    -16121.155273
3915    -16121.173828
3916    -16121.193359
3917    -16121.211914
3918    -16121.230469
3919    -16121.250000
3920    -16121.268555
3921    -16121.287109
3922    -16121.305664
3923    -16121.324219
3924    -16121.341797
3925    -16121.360352
3926    -16121.378906
3927    -16121.397461
3928    -16121.414062
3929    -16121.433594
3930    -16121.451172
3931    -16121.468750
3932    -16121.485352
3933    -16121.503906
3934    -16121.521484
3935    -16121.539062
3936    -16121.556641
3937    -16121.573242
3938    -16121.590820
3939    -16121.609375
3940    -16121.625977
3941    -16121.642578
3942    -16121.660156
3943    -16121.676758
3944    -16121.694336
3945    -16121.710938
3946    -16121.728516
3947    -16121.745117
3948    -16121.761719
3949    -16121.779297
3950    -16121.794922
3951    -16121.810547
3952    -16121.829102
3953    -16121.845703
3954    -16121.862305
3955    -16121.877930
3956    -16121.894531
3957    -16121.911133
3958    -16121.926758
3959    -16121.944336
3960    -16121.960938
3961    -16121.976562
3962    -16121.993164
3963    -16122.009766
3964    -16122.025391
3965    -16122.041992
3966    -16122.058594
3967    -16122.074219
3968    -16122.089844
3969    -16122.107422
3970    -16122.123047
3971    -16122.138672
3972    -16122.155273
3973    -16122.170898
3974    -16122.187500
3975    -16122.204102
3976    -16122.219727
3977    -16122.236328
3978    -16122.251953
3979    -16122.264648
3980    -16122.273438
3981    -16122.283203
3982    -16122.292969
3983    -16122.302734
3984    -16122.312500
3985    -16122.322266
3986    -16122.332031
3987    -16122.342773
3988    -16122.351562
3989    -16122.361328
3990    -16122.371094
3991    -16122.381836
3992    -16122.392578
3993    -16122.402344
3994    -16122.412109
3995    -16122.422852
3996    -16122.433594
3997    -16122.444336
3998    -16122.453125
3999    -16122.464844
4000    -16122.474609
4001    -16122.486328
4002    -16122.497070
4003    -16122.507812
4004    -16122.518555
4005    -16122.530273
4006    -16122.539062
4007    -16122.550781
4008    -16122.561523
4009    -16122.572266
4010    -16122.583984
4011    -16122.595703
4012    -16122.607422
4013    -16122.619141
4014    -16122.629883
4015    -16122.642578
4016    -16122.653320
4017    -16122.666016
4018    -16122.677734
4019    -16122.689453
4020    -16122.701172
4021    -16122.712891
