1_data_1000
-1.85825e+04 -1.75007e+04 -1.81355e+04 -1.96323e+04 -1.75155e+04 
-1.91806e+04 -1.82955e+04 -1.88621e+04 -2.01876e+04 -1.81958e+04 
-1.96442e+04 -1.87928e+04 -1.93667e+04 -2.05760e+04 -1.85880e+04 
-1.98272e+04 -1.91048e+04 -1.95614e+04 -2.07252e+04 -1.88695e+04 
-1.98777e+04 -1.91976e+04 -1.96044e+04 -2.08498e+04 -1.89404e+04 
-1.99500e+04 -1.92132e+04 -1.96890e+04 -2.08498e+04 -1.89488e+04 

2_data_6000
-2.36901e+05 -2.40083e+05 -2.44839e+05 -2.33997e+05 -2.28847e+05 
-2.71350e+05 -2.72952e+05 -2.75491e+05 -2.66722e+05 -2.61780e+05 
-2.76694e+05 -2.78283e+05 -2.80951e+05 -2.72635e+05 -2.67904e+05 
-2.79754e+05 -2.80548e+05 -2.83963e+05 -2.74278e+05 -2.70390e+05 
-2.81198e+05 -2.82276e+05 -2.85359e+05 -2.75460e+05 -2.72340e+05 
-2.82240e+05 -2.82925e+05 -2.86332e+05 -2.76598e+05 -2.73369e+05 

3_data_25000
-1.88230e+06 -1.83897e+06 -1.88150e+06 -1.88344e+06 -1.88844e+06 
-2.29400e+06 -2.25759e+06 -2.30007e+06 -2.29490e+06 -2.30442e+06 
-2.34202e+06 -2.30728e+06 -2.34693e+06 -2.34435e+06 -2.35153e+06 
-2.36919e+06 -2.33486e+06 -2.36957e+06 -2.37057e+06 -2.37548e+06 
-2.37614e+06 -2.34492e+06 -2.37693e+06 -2.37823e+06 -2.38177e+06 
-2.38244e+06 -2.34991e+06 -2.38714e+06 -2.38847e+06 -2.39209e+06 


