Step            Loss
--------------------
1       -1298.291870
2       -1707.022705
3       -2116.574707
4       -2525.058105
5       -2935.175781
6       -3343.311768
7       -3754.134277
8       -4162.538086
9       -4572.293457
10      -4981.391602
11      -5391.545898
12      -5801.481445
13      -6211.416016
14      -6621.062012
15      -7030.666992
16      -7442.098145
17      -7851.997070
18      -8263.964844
19      -8673.566406
20      -9085.140625
21      -9495.345703
22      -9907.232422
23      -10318.805664
24      -10730.447266
25      -11142.479492
26      -11554.444336
27      -11967.525391
28      -12380.097656
29      -12793.413086
30      -13207.872070
31      -13621.494141
32      -14036.453125
33      -14450.685547
34      -14866.480469
35      -15281.510742
36      -15698.603516
37      -16114.336914
38      -16531.226562
39      -16949.005859
40      -17366.962891
41      -17786.013672
42      -18204.265625
43      -18624.882812
44      -19045.207031
45      -19464.437500
46      -19887.423828
47      -20308.980469
48      -20730.984375
49      -21155.570312
50      -21578.839844
51      -22002.951172
52      -22428.964844
53      -22854.361328
54      -23280.996094
55      -23708.210938
56      -24136.355469
57      -24565.121094
58      -24994.625000
59      -25424.392578
60      -25855.925781
61      -26287.554688
62      -26720.937500
63      -27153.562500
64      -27587.617188
65      -28022.673828
66      -28458.554688
67      -28894.835938
68      -29332.972656
69      -29770.562500
70      -30210.011719
71      -30649.183594
72      -31090.826172
73      -31531.730469
74      -31974.023438
75      -32418.115234
76      -32862.632812
77      -33306.933594
78      -33752.960938
79      -34200.019531
80      -34648.402344
81      -35095.722656
82      -35546.156250
83      -35996.550781
84      -36447.695312
85      -36899.863281
86      -37353.835938
87      -37806.308594
88      -38262.132812
89      -38717.281250
90      -39174.859375
91      -39632.718750
92      -40091.324219
93      -40551.062500
94      -41010.574219
95      -41472.050781
96      -41935.164062
97      -42397.835938
98      -42861.855469
99      -43326.875000
100     -43792.378906
101     -44259.644531
102     -44727.203125
103     -45194.898438
104     -45664.843750
105     -46135.210938
106     -46605.777344
107     -47077.476562
108     -47550.187500
109     -48025.187500
110     -48501.386719
111     -48975.214844
112     -49451.992188
113     -49929.539062
114     -50407.320312
115     -50886.796875
116     -51366.359375
117     -51846.554688
118     -52327.687500
119     -52810.531250
120     -53293.894531
121     -53778.062500
122     -54262.593750
123     -54748.640625
124     -55234.699219
125     -55720.957031
126     -56209.265625
127     -56697.011719
128     -57186.574219
129     -57677.273438
130     -58169.144531
131     -58659.667969
132     -59151.925781
133     -59646.117188
134     -60139.992188
135     -60632.773438
136     -61128.777344
137     -61623.906250
138     -62121.648438
139     -62618.371094
140     -63115.796875
141     -63613.718750
142     -64113.011719
143     -64612.453125
144     -65112.703125
145     -65613.617188
146     -66114.304688
147     -66617.250000
148     -67119.328125
149     -67622.554688
150     -68126.281250
151     -68629.289062
152     -69134.117188
153     -69639.421875
154     -70144.921875
155     -70651.046875
156     -71156.148438
157     -71662.539062
158     -72169.742188
159     -72678.953125
160     -73185.109375
161     -73693.929688
162     -74203.921875
163     -74711.695312
164     -75220.187500
165     -75730.828125
166     -76241.218750
167     -76750.312500
168     -77261.468750
169     -77772.250000
170     -78282.953125
171     -78795.351562
172     -79307.570312
173     -79817.437500
174     -80330.453125
175     -80843.531250
176     -81354.921875
177     -81866.976562
178     -82379.515625
179     -82893.171875
180     -83404.257812
181     -83917.781250
182     -84430.140625
183     -84943.734375
184     -85457.875000
185     -85969.812500
186     -86482.046875
187     -86994.968750
188     -87507.859375
189     -88020.796875
190     -88533.734375
191     -89046.164062
192     -89558.890625
193     -90071.671875
194     -90584.109375
195     -91096.148438
196     -91608.546875
197     -92120.000000
198     -92632.687500
199     -93143.882812
200     -93655.148438
201     -94165.500000
202     -94677.328125
203     -95187.921875
204     -95699.609375
205     -96209.148438
206     -96718.812500
207     -97230.085938
208     -97738.914062
209     -98247.640625
210     -98755.312500
211     -99263.445312
212     -99771.851562
213     -100279.164062
214     -100786.656250
215     -101292.851562
216     -101798.906250
217     -102303.453125
218     -102809.703125
219     -103314.929688
220     -103818.148438
221     -104321.218750
222     -104824.976562
223     -105327.000000
224     -105829.382812
225     -106330.781250
226     -106832.843750
227     -107332.960938
228     -107832.000000
229     -108331.484375
230     -108829.367188
231     -109326.843750
232     -109824.382812
233     -110320.109375
234     -110814.296875
235     -111309.265625
236     -111805.812500
237     -112298.015625
238     -112791.468750
239     -113282.164062
240     -113774.359375
241     -114265.304688
242     -114754.046875
243     -115243.312500
244     -115731.062500
245     -116218.304688
246     -116706.156250
247     -117190.109375
248     -117675.765625
249     -118158.898438
250     -118641.476562
251     -119123.914062
252     -119604.820312
253     -120085.515625
254     -120564.328125
255     -121041.156250
256     -121521.351562
257     -121995.156250
258     -122471.898438
259     -122946.015625
260     -123420.507812
261     -123891.750000
262     -124364.203125
263     -124834.515625
264     -125302.875000
265     -125772.578125
266     -126238.929688
267     -126705.210938
268     -127170.585938
269     -127635.375000
270     -128097.460938
271     -128560.093750
272     -129021.789062
273     -129481.546875
274     -129940.414062
275     -130398.507812
276     -130855.492188
277     -131310.187500
278     -131765.781250
279     -132217.140625
280     -132669.484375
281     -133121.562500
282     -133570.812500
283     -134019.421875
284     -134466.937500
285     -134912.468750
286     -135357.593750
287     -135803.953125
288     -136244.562500
289     -136684.875000
290     -137125.703125
291     -137565.046875
292     -138000.937500
293     -138436.750000
294     -138871.765625
295     -139304.000000
296     -139739.343750
297     -140169.718750
298     -140600.125000
299     -141027.718750
300     -141455.906250
301     -141880.890625
302     -142304.218750
303     -142729.484375
304     -143150.656250
305     -143570.015625
306     -143989.515625
307     -144407.718750
308     -144822.734375
309     -145237.921875
310     -145652.750000
311     -146063.828125
312     -146476.500000
313     -146886.250000
314     -147296.015625
315     -147700.921875
316     -148106.234375
317     -148510.468750
318     -148913.671875
319     -149314.390625
320     -149716.296875
321     -150113.781250
322     -150509.671875
323     -150907.093750
324     -151301.250000
325     -151695.281250
326     -152085.406250
327     -152474.531250
328     -152863.468750
329     -153250.031250
330     -153637.906250
331     -154019.343750
332     -154403.812500
333     -154784.593750
334     -155165.562500
335     -155545.156250
336     -155922.687500
337     -156297.812500
338     -156670.687500
339     -157044.781250
340     -157415.312500
341     -157786.718750
342     -158155.140625
343     -158520.687500
344     -158887.500000
345     -159250.437500
346     -159615.140625
347     -159975.312500
348     -160333.500000
349     -160692.546875
350     -161050.875000
351     -161406.390625
352     -161758.718750
353     -162111.875000
354     -162462.390625
355     -162813.046875
356     -163161.968750
357     -163505.656250
358     -163849.687500
359     -164194.140625
360     -164535.937500
361     -164875.515625
362     -165214.687500
363     -165552.359375
364     -165887.671875
365     -166222.234375
366     -166553.906250
367     -166885.875000
368     -167216.000000
369     -167544.031250
370     -167869.406250
371     -168194.515625
372     -168517.828125
373     -168840.281250
374     -169158.859375
375     -169478.562500
376     -169795.906250
377     -170110.406250
378     -170425.265625
379     -170736.296875
380     -171048.343750
381     -171359.234375
382     -171668.562500
383     -171974.125000
384     -172281.031250
385     -172584.406250
386     -172886.156250
387     -173188.093750
388     -173486.156250
389     -173783.093750
390     -174080.015625
391     -174373.265625
392     -174665.187500
393     -174956.578125
394     -175246.687500
395     -175534.968750
396     -175821.406250
397     -176106.156250
398     -176390.187500
399     -176674.312500
400     -176955.015625
401     -177234.718750
402     -177510.375000
403     -177787.031250
404     -178063.406250
405     -178336.343750
406     -178608.156250
407     -178879.812500
408     -179150.062500
409     -179416.375000
410     -179681.546875
411     -179947.062500
412     -180211.250000
413     -180473.921875
414     -180734.390625
415     -180992.218750
416     -181250.375000
417     -181506.500000
418     -181762.609375
419     -182014.187500
420     -182267.531250
421     -182517.406250
422     -182767.093750
423     -183014.078125
424     -183260.625000
425     -183505.906250
426     -183747.171875
427     -183989.125000
428     -184230.843750
429     -184468.796875
430     -184707.171875
431     -184942.843750
432     -185178.218750
433     -185411.734375
434     -185643.000000
435     -185872.062500
436     -186102.187500
437     -186329.218750
438     -186555.406250
439     -186779.703125
440     -187003.343750
441     -187225.890625
442     -187446.218750
443     -187665.437500
444     -187884.843750
445     -188102.890625
446     -188318.437500
447     -188531.656250
448     -188744.593750
449     -188957.437500
450     -189167.343750
451     -189375.640625
452     -189584.218750
453     -189790.546875
454     -189995.484375
455     -190200.343750
456     -190402.859375
457     -190601.937500
458     -190802.750000
459     -191000.531250
460     -191197.687500
461     -191392.750000
462     -191586.750000
463     -191779.500000
464     -191970.390625
465     -192160.078125
466     -192349.093750
467     -192535.046875
468     -192719.906250
469     -192905.156250
470     -193086.640625
471     -193267.156250
472     -193449.187500
473     -193629.000000
474     -193804.734375
475     -193981.156250
476     -194157.562500
477     -194332.625000
478     -194504.546875
479     -194675.593750
480     -194846.843750
481     -195017.062500
482     -195185.359375
483     -195350.687500
484     -195517.562500
485     -195682.125000
486     -195845.937500
487     -196008.625000
488     -196169.750000
489     -196329.734375
490     -196488.546875
491     -196647.250000
492     -196804.984375
493     -196959.296875
494     -197113.671875
495     -197267.109375
496     -197419.531250
497     -197569.000000
498     -197719.812500
499     -197868.718750
500     -198015.843750
501     -198162.250000
502     -198307.203125
503     -198451.203125
504     -198595.281250
505     -198738.156250
506     -198878.750000
507     -199019.484375
508     -199158.375000
509     -199297.281250
510     -199434.609375
511     -199569.421875
512     -199704.625000
513     -199838.265625
514     -199970.453125
515     -200101.187500
516     -200232.125000
517     -200360.781250
518     -200489.468750
519     -200617.890625
520     -200744.234375
521     -200869.000000
522     -200993.687500
523     -201116.875000
524     -201240.515625
525     -201361.781250
526     -201481.828125
527     -201602.062500
528     -201720.140625
529     -201838.562500
530     -201954.312500
531     -202070.281250
532     -202185.437500
533     -202298.359375
534     -202411.125000
535     -202522.843750
536     -202634.500000
537     -202744.062500
538     -202853.406250
539     -202962.500000
540     -203069.343750
541     -203176.218750
542     -203283.468750
543     -203387.062500
544     -203492.593750
545     -203595.562500
546     -203698.562500
547     -203800.281250
548     -203900.718750
549     -204000.593750
550     -204099.750000
551     -204198.218750
552     -204296.187500
553     -204392.078125
554     -204488.687500
555     -204583.625000
556     -204676.781250
557     -204770.218750
558     -204862.281250
559     -204953.328125
560     -205043.703125
561     -205134.140625
562     -205222.921875
563     -205310.437500
564     -205398.156250
565     -205484.593750
566     -205568.906250
567     -205653.906250
568     -205738.578125
569     -205822.093750
570     -205903.734375
571     -205985.750000
572     -206067.265625
573     -206146.656250
574     -206226.968750
575     -206304.828125
576     -206383.937500
577     -206461.140625
578     -206537.625000
579     -206613.796875
580     -206688.859375
581     -206763.562500
582     -206837.562500
583     -206911.390625
584     -206983.328125
585     -207054.890625
586     -207126.656250
587     -207197.093750
588     -207267.421875
589     -207337.750000
590     -207406.703125
591     -207474.750000
592     -207542.609375
593     -207609.750000
594     -207676.671875
595     -207742.828125
596     -207808.171875
597     -207873.750000
598     -207939.625000
599     -208002.906250
600     -208066.406250
601     -208129.281250
602     -208191.890625
603     -208254.875000
604     -208316.406250
605     -208378.187500
606     -208438.359375
607     -208498.484375
608     -208557.312500
609     -208616.578125
610     -208674.609375
611     -208733.156250
612     -208789.406250
613     -208846.718750
614     -208903.812500
615     -208959.468750
616     -209014.859375
617     -209069.421875
618     -209123.671875
619     -209177.703125
620     -209231.343750
621     -209284.203125
622     -209336.718750
623     -209388.531250
624     -209440.437500
625     -209491.453125
626     -209542.390625
627     -209592.093750
628     -209642.156250
629     -209691.593750
630     -209739.562500
631     -209788.500000
632     -209835.828125
633     -209883.562500
634     -209930.828125
635     -209976.796875
636     -210023.796875
637     -210069.484375
638     -210115.187500
639     -210159.890625
640     -210204.187500
641     -210248.187500
642     -210291.937500
643     -210335.468750
644     -210378.281250
645     -210420.859375
646     -210463.828125
647     -210504.953125
648     -210546.906250
649     -210588.250000
650     -210629.156250
651     -210669.890625
652     -210709.781250
653     -210749.281250
654     -210789.000000
655     -210828.000000
656     -210866.718750
657     -210904.687500
658     -210943.718750
659     -210980.843750
660     -211018.906250
661     -211055.750000
662     -211092.343750
663     -211129.343750
664     -211165.265625
665     -211201.906250
666     -211237.000000
667     -211272.515625
668     -211307.562500
669     -211342.093750
670     -211377.234375
671     -211411.078125
672     -211445.031250
673     -211478.546875
674     -211512.187500
675     -211545.343750
676     -211578.078125
677     -211611.218750
678     -211643.484375
679     -211675.937500
680     -211707.781250
681     -211739.593750
682     -211771.265625
683     -211802.906250
684     -211833.875000
685     -211865.062500
686     -211895.421875
687     -211926.031250
688     -211956.296875
689     -211985.828125
690     -212015.843750
691     -212044.781250
692     -212074.812500
693     -212103.156250
694     -212132.500000
695     -212160.468750
696     -212188.593750
697     -212216.906250
698     -212245.093750
699     -212272.562500
700     -212300.343750
701     -212327.359375
702     -212354.375000
703     -212381.281250
704     -212407.875000
705     -212434.687500
706     -212460.359375
707     -212486.515625
708     -212512.296875
709     -212537.531250
710     -212562.734375
711     -212587.843750
712     -212613.015625
713     -212637.296875
714     -212662.125000
715     -212686.718750
716     -212710.406250
717     -212734.531250
718     -212758.531250
719     -212782.250000
720     -212805.625000
721     -212828.843750
722     -212852.125000
723     -212874.937500
724     -212897.421875
725     -212920.281250
726     -212942.343750
727     -212964.421875
728     -212986.468750
729     -213008.343750
730     -213029.906250
731     -213051.343750
732     -213072.281250
733     -213093.140625
734     -213114.218750
735     -213135.125000
736     -213155.656250
737     -213176.093750
738     -213196.062500
739     -213216.218750
740     -213236.312500
741     -213256.328125
742     -213276.093750
743     -213295.312500
744     -213314.343750
745     -213334.250000
746     -213353.000000
747     -213372.500000
748     -213391.234375
749     -213409.718750
750     -213427.968750
751     -213446.875000
752     -213464.953125
753     -213483.453125
754     -213501.312500
755     -213519.343750
756     -213537.078125
757     -213554.687500
758     -213572.328125
759     -213589.375000
760     -213607.000000
761     -213623.968750
762     -213641.187500
763     -213657.906250
764     -213674.843750
765     -213691.781250
766     -213708.468750
767     -213724.750000
768     -213741.093750
769     -213757.640625
770     -213773.406250
771     -213789.421875
772     -213805.531250
773     -213821.062500
774     -213836.968750
775     -213852.390625
776     -213867.921875
777     -213883.031250
778     -213898.484375
779     -213913.812500
780     -213928.750000
781     -213944.093750
782     -213958.796875
783     -213973.656250
784     -213988.437500
785     -214003.187500
786     -214017.343750
787     -214032.000000
788     -214046.359375
789     -214060.625000
790     -214074.562500
791     -214088.578125
792     -214102.296875
793     -214116.250000
794     -214130.406250
795     -214144.062500
796     -214157.750000
797     -214171.640625
798     -214185.250000
799     -214198.421875
800     -214212.046875
801     -214225.281250
802     -214238.625000
803     -214251.750000
804     -214265.000000
805     -214277.937500
806     -214290.984375
807     -214304.000000
808     -214316.812500
809     -214329.562500
810     -214342.171875
811     -214355.062500
812     -214368.000000
813     -214380.562500
814     -214392.890625
815     -214405.218750
816     -214417.718750
817     -214430.000000
818     -214442.562500
819     -214454.812500
820     -214466.921875
821     -214479.031250
822     -214490.890625
823     -214502.812500
824     -214515.109375
825     -214527.031250
826     -214538.656250
827     -214549.953125
828     -214561.343750
829     -214573.046875
830     -214584.359375
831     -214595.750000
832     -214607.156250
833     -214618.375000
834     -214629.671875
835     -214640.937500
836     -214651.875000
837     -214662.781250
838     -214673.765625
839     -214684.578125
840     -214695.531250
841     -214706.312500
842     -214716.906250
843     -214727.593750
844     -214738.125000
845     -214749.015625
846     -214759.093750
847     -214769.515625
848     -214780.062500
849     -214790.296875
850     -214800.562500
851     -214810.781250
852     -214821.031250
853     -214830.781250
854     -214840.843750
855     -214850.843750
856     -214860.750000
857     -214870.593750
858     -214880.281250
859     -214889.843750
860     -214899.656250
861     -214909.218750
862     -214918.718750
863     -214928.437500
864     -214937.937500
865     -214947.500000
866     -214956.890625
867     -214966.468750
868     -214975.656250
869     -214984.937500
870     -214994.234375
871     -215003.093750
872     -215012.218750
873     -215021.343750
874     -215030.281250
875     -215039.468750
876     -215048.375000
877     -215057.187500
878     -215066.296875
879     -215075.015625
880     -215083.859375
881     -215092.375000
882     -215101.062500
883     -215109.812500
884     -215118.593750
885     -215127.062500
886     -215135.406250
887     -215144.093750
888     -215152.734375
889     -215161.046875
890     -215169.250000
891     -215178.078125
892     -215186.062500
893     -215194.531250
894     -215202.796875
895     -215211.015625
896     -215219.250000
897     -215227.593750
898     -215235.671875
899     -215243.750000
900     -215251.625000
901     -215259.640625
902     -215267.578125
903     -215275.500000
904     -215283.265625
905     -215291.125000
906     -215299.000000
907     -215306.625000
908     -215314.484375
909     -215322.468750
910     -215329.906250
911     -215337.437500
912     -215345.296875
913     -215352.812500
914     -215360.375000
915     -215368.093750
916     -215375.437500
917     -215382.671875
918     -215390.250000
919     -215397.718750
920     -215404.968750
921     -215412.562500
922     -215419.906250
923     -215427.218750
924     -215434.781250
925     -215441.906250
926     -215448.968750
927     -215456.437500
928     -215463.531250
929     -215470.718750
930     -215478.093750
931     -215484.984375
932     -215491.984375
933     -215499.359375
934     -215506.296875
935     -215513.531250
936     -215520.218750
937     -215527.218750
938     -215534.140625
939     -215540.671875
940     -215547.625000
941     -215554.421875
942     -215561.078125
943     -215567.750000
944     -215574.562500
945     -215580.937500
946     -215587.843750
947     -215594.593750
948     -215601.125000
949     -215607.546875
950     -215614.000000
951     -215620.468750
952     -215626.984375
953     -215633.406250
954     -215639.968750
955     -215646.187500
956     -215652.875000
957     -215659.156250
958     -215665.500000
959     -215671.812500
960     -215677.984375
961     -215684.437500
962     -215690.750000
963     -215696.968750
964     -215703.218750
965     -215709.375000
966     -215715.593750
967     -215721.562500
968     -215727.796875
969     -215734.093750
970     -215740.031250
971     -215746.125000
972     -215752.203125
973     -215758.125000
974     -215764.250000
975     -215770.000000
976     -215775.906250
977     -215782.046875
978     -215788.078125
979     -215793.750000
980     -215799.890625
981     -215805.531250
982     -215811.406250
983     -215817.312500
984     -215823.171875
985     -215829.046875
986     -215834.687500
987     -215840.484375
988     -215846.468750
989     -215852.093750
990     -215857.734375
991     -215863.484375
992     -215869.390625
993     -215874.828125
994     -215880.609375
995     -215886.265625
996     -215891.937500
997     -215897.531250
998     -215903.062500
999     -215908.687500
1000    -215914.328125
1001    -215919.953125
1002    -215925.265625
1003    -215930.921875
1004    -215936.312500
1005    -215941.750000
1006    -215947.281250
1007    -215952.750000
1008    -215958.218750
1009    -215963.562500
1010    -215968.953125
1011    -215974.390625
1012    -215979.843750
1013    -215985.093750
1014    -215990.218750
1015    -215995.437500
1016    -216000.828125
1017    -216005.828125
1018    -216011.156250
1019    -216016.328125
1020    -216021.421875
1021    -216026.515625
1022    -216031.640625
1023    -216036.546875
1024    -216041.500000
1025    -216046.812500
1026    -216051.906250
1027    -216056.968750
1028    -216062.156250
1029    -216066.890625
1030    -216072.078125
1031    -216076.718750
1032    -216081.875000
1033    -216086.796875
1034    -216091.906250
1035    -216096.500000
1036    -216101.437500
1037    -216106.437500
1038    -216111.578125
1039    -216116.406250
1040    -216121.156250
1041    -216125.875000
1042    -216130.843750
1043    -216135.578125
1044    -216140.562500
1045    -216145.171875
1046    -216150.375000
1047    -216154.812500
1048    -216159.687500
1049    -216164.500000
1050    -216169.281250
1051    -216173.906250
1052    -216178.687500
1053    -216183.343750
1054    -216187.968750
1055    -216192.890625
1056    -216197.390625
1057    -216202.093750
1058    -216206.703125
1059    -216211.437500
1060    -216215.968750
1061    -216220.531250
1062    -216225.250000
1063    -216229.906250
1064    -216234.531250
1065    -216238.781250
1066    -216243.468750
1067    -216248.156250
1068    -216252.843750
1069    -216257.343750
1070    -216261.906250
1071    -216266.234375
1072    -216270.859375
1073    -216275.500000
1074    -216279.765625
1075    -216284.437500
1076    -216288.828125
1077    -216293.343750
1078    -216297.750000
1079    -216302.203125
1080    -216306.421875
1081    -216311.093750
1082    -216315.468750
1083    -216319.968750
1084    -216324.406250
1085    -216328.812500
1086    -216333.140625
1087    -216337.625000
1088    -216341.937500
1089    -216346.375000
1090    -216350.671875
1091    -216355.093750
1092    -216359.312500
1093    -216363.640625
1094    -216368.046875
1095    -216372.281250
1096    -216376.687500
1097    -216381.000000
1098    -216385.093750
1099    -216389.390625
1100    -216393.812500
1101    -216397.984375
1102    -216402.406250
1103    -216406.656250
1104    -216410.906250
1105    -216415.171875
1106    -216419.437500
1107    -216423.531250
1108    -216427.812500
1109    -216432.031250
1110    -216436.359375
1111    -216440.343750
1112    -216444.593750
1113    -216448.812500
1114    -216452.906250
1115    -216457.031250
1116    -216461.187500
1117    -216465.359375
1118    -216469.406250
1119    -216473.515625
1120    -216477.640625
1121    -216481.671875
1122    -216485.921875
1123    -216489.781250
1124    -216494.109375
1125    -216497.937500
1126    -216502.031250
1127    -216506.031250
1128    -216510.093750
1129    -216514.328125
1130    -216518.312500
1131    -216522.406250
1132    -216526.343750
1133    -216530.250000
1134    -216534.406250
1135    -216538.250000
1136    -216542.187500
1137    -216546.187500
1138    -216550.109375
1139    -216554.000000
1140    -216557.937500
1141    -216561.796875
1142    -216565.906250
1143    -216569.968750
1144    -216573.671875
1145    -216577.734375
1146    -216581.406250
1147    -216585.531250
1148    -216589.218750
1149    -216593.000000
1150    -216597.062500
1151    -216601.000000
1152    -216604.812500
1153    -216608.562500
1154    -216612.390625
1155    -216616.171875
1156    -216620.015625
1157    -216623.953125
1158    -216627.750000
1159    -216631.625000
1160    -216635.531250
1161    -216639.187500
1162    -216642.921875
1163    -216646.812500
1164    -216650.531250
1165    -216654.359375
1166    -216658.000000
1167    -216661.875000
1168    -216665.546875
1169    -216669.375000
1170    -216673.125000
1171    -216676.593750
1172    -216680.468750
1173    -216684.218750
1174    -216687.765625
1175    -216691.484375
1176    -216695.234375
1177    -216698.937500
1178    -216702.515625
1179    -216706.125000
1180    -216709.828125
1181    -216713.468750
1182    -216717.062500
1183    -216720.812500
1184    -216724.421875
1185    -216728.093750
1186    -216731.578125
1187    -216735.218750
1188    -216738.656250
1189    -216742.406250
1190    -216745.843750
1191    -216749.421875
1192    -216753.015625
1193    -216756.546875
1194    -216760.062500
1195    -216763.468750
1196    -216767.187500
1197    -216770.921875
1198    -216774.281250
1199    -216777.625000
1200    -216781.093750
1201    -216784.625000
1202    -216787.890625
1203    -216791.437500
1204    -216794.875000
1205    -216798.312500
1206    -216801.906250
1207    -216805.312500
1208    -216808.625000
1209    -216811.968750
1210    -216815.375000
1211    -216818.859375
1212    -216822.000000
1213    -216825.500000
1214    -216828.796875
1215    -216832.125000
1216    -216835.531250
1217    -216838.875000
1218    -216842.093750
1219    -216845.515625
1220    -216848.734375
1221    -216852.171875
1222    -216855.343750
1223    -216858.593750
1224    -216862.015625
1225    -216865.250000
1226    -216868.593750
1227    -216871.843750
1228    -216875.203125
1229    -216878.265625
1230    -216881.593750
1231    -216884.828125
1232    -216888.156250
1233    -216891.250000
1234    -216894.437500
1235    -216897.671875
1236    -216900.875000
1237    -216904.156250
1238    -216907.203125
1239    -216910.437500
1240    -216913.734375
1241    -216916.687500
1242    -216919.875000
1243    -216923.109375
1244    -216926.125000
1245    -216929.218750
1246    -216932.250000
1247    -216935.531250
1248    -216938.406250
1249    -216941.515625
1250    -216944.562500
1251    -216947.640625
1252    -216950.750000
1253    -216953.750000
1254    -216956.750000
1255    -216959.890625
1256    -216962.812500
1257    -216965.750000
1258    -216968.640625
1259    -216971.812500
1260    -216974.656250
1261    -216977.593750
1262    -216980.656250
1263    -216983.687500
1264    -216986.531250
1265    -216989.406250
1266    -216992.359375
1267    -216995.250000
1268    -216998.250000
1269    -217001.187500
1270    -217004.187500
1271    -217007.015625
1272    -217009.859375
1273    -217012.875000
1274    -217015.750000
1275    -217018.656250
1276    -217021.406250
1277    -217024.343750
1278    -217027.375000
1279    -217030.171875
1280    -217032.890625
1281    -217035.843750
1282    -217038.703125
1283    -217041.781250
1284    -217044.218750
1285    -217047.218750
1286    -217050.046875
1287    -217052.843750
1288    -217055.718750
1289    -217058.390625
1290    -217061.156250
1291    -217063.984375
1292    -217066.796875
1293    -217069.578125
1294    -217072.437500
1295    -217075.093750
1296    -217077.890625
1297    -217080.843750
1298    -217083.562500
1299    -217086.187500
1300    -217088.906250
1301    -217091.703125
1302    -217094.437500
1303    -217097.359375
1304    -217099.875000
1305    -217102.656250
1306    -217105.328125
1307    -217108.078125
1308    -217110.781250
1309    -217113.593750
1310    -217116.218750
1311    -217118.984375
1312    -217121.796875
1313    -217124.609375
1314    -217126.984375
1315    -217129.828125
1316    -217132.562500
1317    -217135.125000
1318    -217137.750000
1319    -217140.468750
1320    -217143.093750
1321    -217145.828125
1322    -217148.343750
1323    -217150.953125
1324    -217153.734375
1325    -217156.062500
1326    -217158.781250
1327    -217161.406250
1328    -217163.968750
1329    -217166.718750
1330    -217169.281250
1331    -217171.765625
1332    -217174.375000
1333    -217177.000000
1334    -217179.593750
1335    -217182.140625
1336    -217184.625000
1337    -217187.156250
1338    -217189.812500
1339    -217192.453125
1340    -217194.812500
1341    -217197.515625
1342    -217199.875000
1343    -217202.468750
1344    -217205.093750
1345    -217207.640625
1346    -217210.125000
1347    -217212.687500
1348    -217215.171875
1349    -217217.656250
1350    -217220.187500
1351    -217222.656250
1352    -217225.218750
1353    -217227.562500
1354    -217229.937500
1355    -217232.468750
1356    -217234.890625
1357    -217237.343750
1358    -217239.859375
1359    -217242.093750
1360    -217244.593750
1361    -217246.906250
1362    -217249.281250
1363    -217251.968750
1364    -217254.078125
1365    -217256.500000
1366    -217258.906250
1367    -217261.156250
1368    -217263.703125
1369    -217265.937500
1370    -217268.343750
1371    -217270.718750
1372    -217273.062500
1373    -217275.531250
1374    -217277.875000
1375    -217280.156250
1376    -217282.468750
1377    -217284.718750
1378    -217287.062500
1379    -217289.500000
1380    -217291.812500
1381    -217293.921875
1382    -217296.140625
1383    -217298.406250
1384    -217300.875000
1385    -217303.062500
1386    -217305.328125
1387    -217307.468750
1388    -217309.656250
1389    -217311.937500
1390    -217314.140625
1391    -217316.328125
1392    -217318.484375
1393    -217320.656250
1394    -217322.796875
1395    -217325.000000
1396    -217327.093750
1397    -217329.343750
1398    -217331.468750
1399    -217333.640625
1400    -217335.765625
1401    -217337.953125
1402    -217340.015625
1403    -217341.937500
1404    -217344.187500
1405    -217346.234375
1406    -217348.359375
1407    -217350.437500
1408    -217352.531250
1409    -217354.625000
1410    -217356.718750
1411    -217358.796875
1412    -217360.906250
1413    -217362.781250
1414    -217364.984375
1415    -217366.968750
1416    -217368.984375
1417    -217371.078125
1418    -217373.062500
1419    -217375.187500
1420    -217377.203125
1421    -217379.203125
1422    -217381.265625
1423    -217383.328125
1424    -217385.406250
1425    -217387.250000
1426    -217389.437500
1427    -217391.343750
1428    -217393.281250
1429    -217395.296875
1430    -217397.125000
1431    -217399.187500
1432    -217401.218750
1433    -217403.187500
1434    -217405.062500
1435    -217407.187500
1436    -217409.046875
1437    -217410.812500
1438    -217412.828125
1439    -217414.859375
1440    -217416.500000
1441    -217418.531250
1442    -217420.421875
1443    -217422.234375
1444    -217424.218750
1445    -217426.156250
1446    -217427.859375
1447    -217429.890625
1448    -217431.546875
1449    -217433.593750
1450    -217435.406250
1451    -217437.187500
1452    -217439.031250
1453    -217440.812500
1454    -217442.750000
1455    -217444.593750
1456    -217446.375000
1457    -217448.265625
1458    -217449.968750
1459    -217451.906250
1460    -217453.656250
1461    -217455.593750
1462    -217457.312500
