Step            Loss
--------------------
1       -2529.126465
2       -2929.802734
3       -3331.887695
4       -3733.064941
5       -4135.195312
6       -4535.755859
7       -4937.839844
8       -5338.589355
9       -5740.419922
10      -6141.712891
11      -6543.979492
12      -6946.354980
13      -7347.764648
14      -7750.700195
15      -8151.938477
16      -8555.128906
17      -8957.228516
18      -9359.968750
19      -9762.959961
20      -10165.764648
21      -10569.474609
22      -10972.925781
23      -11377.156250
24      -11781.615234
25      -12185.620117
26      -12589.779297
27      -12995.835938
28      -13400.057617
29      -13805.299805
30      -14211.914062
31      -14618.578125
32      -15025.136719
33      -15432.296875
34      -15840.111328
35      -16248.269531
36      -16656.691406
37      -17066.064453
38      -17475.011719
39      -17885.761719
40      -18295.789062
41      -18707.771484
42      -19118.019531
43      -19531.664062
44      -19943.648438
45      -20357.332031
46      -20772.435547
47      -21186.871094
48      -21602.390625
49      -22018.039062
50      -22435.755859
51      -22852.621094
52      -23270.500000
53      -23689.384766
54      -24108.117188
55      -24529.068359
56      -24949.955078
57      -25371.660156
58      -25794.562500
59      -26217.218750
60      -26643.023438
61      -27067.400391
62      -27492.769531
63      -27919.378906
64      -28346.251953
65      -28774.664062
66      -29203.664062
67      -29633.693359
68      -30064.818359
69      -30495.685547
70      -30928.488281
71      -31361.953125
72      -31796.667969
73      -32231.781250
74      -32666.835938
75      -33104.910156
76      -33542.894531
77      -33981.339844
78      -34420.976562
79      -34861.859375
80      -35304.023438
81      -35746.152344
82      -36189.546875
83      -36634.070312
84      -37079.253906
85      -37526.406250
86      -37972.765625
87      -38421.367188
88      -38871.164062
89      -39321.269531
90      -39772.179688
91      -40224.460938
92      -40678.140625
93      -41131.753906
94      -41586.429688
95      -42043.015625
96      -42497.910156
97      -42957.871094
98      -43415.667969
99      -43876.195312
100     -44336.550781
101     -44799.648438
102     -45260.820312
103     -45725.593750
104     -46190.613281
105     -46657.058594
106     -47122.542969
107     -47589.964844
108     -48059.410156
109     -48527.964844
110     -48999.402344
111     -49470.203125
112     -49942.167969
113     -50415.894531
114     -50890.355469
115     -51365.296875
116     -51840.460938
117     -52317.613281
118     -52795.710938
119     -53275.171875
120     -53754.968750
121     -54235.171875
122     -54716.304688
123     -55198.402344
124     -55681.828125
125     -56165.046875
126     -56648.789062
127     -57135.734375
128     -57621.683594
129     -58108.578125
130     -58597.589844
131     -59085.156250
132     -59575.515625
133     -60064.679688
134     -60556.789062
135     -61049.312500
136     -61541.734375
137     -62034.195312
138     -62528.011719
139     -63024.226562
140     -63518.843750
141     -64015.414062
142     -64511.769531
143     -65009.042969
144     -65507.554688
145     -66007.421875
146     -66506.132812
147     -67005.046875
148     -67506.734375
149     -68008.265625
150     -68509.757812
151     -69012.164062
152     -69515.960938
153     -70018.460938
154     -70522.101562
155     -71026.835938
156     -71530.578125
157     -72037.296875
158     -72543.679688
159     -73050.312500
160     -73556.453125
161     -74064.656250
162     -74570.367188
163     -75078.921875
164     -75587.179688
165     -76096.710938
166     -76605.539062
167     -77115.648438
168     -77624.835938
169     -78135.140625
170     -78645.015625
171     -79157.492188
172     -79666.546875
173     -80178.921875
174     -80689.765625
175     -81203.484375
176     -81713.921875
177     -82225.390625
178     -82738.609375
179     -83250.828125
180     -83762.500000
181     -84275.750000
182     -84788.390625
183     -85300.187500
184     -85813.648438
185     -86326.937500
186     -86840.195312
187     -87352.843750
188     -87865.445312
189     -88379.703125
190     -88891.351562
191     -89404.234375
192     -89918.093750
193     -90429.234375
194     -90943.328125
195     -91456.226562
196     -91967.765625
197     -92479.046875
198     -92993.242188
199     -93504.906250
200     -94016.804688
201     -94529.539062
202     -95040.640625
203     -95550.906250
204     -96062.734375
205     -96574.156250
206     -97083.468750
207     -97594.031250
208     -98105.343750
209     -98613.460938
210     -99122.703125
211     -99632.335938
212     -100140.148438
213     -100648.828125
214     -101155.750000
215     -101664.593750
216     -102170.875000
217     -102678.273438
218     -103182.765625
219     -103689.140625
220     -104194.031250
221     -104701.218750
222     -105203.695312
223     -105709.593750
224     -106212.179688
225     -106714.882812
226     -107215.312500
227     -107718.328125
228     -108218.109375
229     -108719.062500
230     -109217.531250
231     -109717.484375
232     -110215.703125
233     -110713.921875
234     -111211.437500
235     -111706.531250
236     -112202.234375
237     -112697.531250
238     -113193.796875
239     -113687.656250
240     -114180.546875
241     -114671.726562
242     -115163.210938
243     -115653.171875
244     -116143.335938
245     -116631.773438
246     -117121.156250
247     -117608.679688
248     -118095.625000
249     -118579.062500
250     -119064.968750
251     -119548.671875
252     -120033.625000
253     -120513.398438
254     -120994.523438
255     -121474.914062
256     -121954.242188
257     -122433.000000
258     -122910.390625
259     -123387.281250
260     -123861.937500
261     -124337.007812
262     -124811.031250
263     -125283.484375
264     -125754.109375
265     -126224.203125
266     -126695.375000
267     -127163.367188
268     -127630.765625
269     -128097.125000
270     -128561.765625
271     -129026.398438
272     -129489.828125
273     -129951.000000
274     -130410.601562
275     -130871.148438
276     -131328.718750
277     -131786.781250
278     -132242.921875
279     -132696.656250
280     -133150.359375
281     -133602.578125
282     -134053.562500
283     -134504.375000
284     -134952.625000
285     -135400.328125
286     -135847.640625
287     -136293.890625
288     -136735.609375
289     -137179.656250
290     -137621.937500
291     -138061.218750
292     -138501.187500
293     -138940.609375
294     -139375.578125
295     -139811.187500
296     -140246.718750
297     -140679.937500
298     -141112.125000
299     -141541.796875
300     -141971.046875
301     -142400.062500
302     -142826.765625
303     -143251.750000
304     -143676.625000
305     -144099.203125
306     -144521.531250
307     -144940.953125
308     -145359.234375
309     -145777.125000
310     -146192.937500
311     -146607.468750
312     -147020.937500
313     -147432.406250
314     -147842.531250
315     -148252.812500
316     -148659.375000
317     -149066.343750
318     -149469.468750
319     -149873.531250
320     -150275.890625
321     -150675.343750
322     -151074.312500
323     -151472.968750
324     -151869.234375
325     -152263.359375
326     -152655.109375
327     -153046.843750
328     -153437.687500
329     -153828.328125
330     -154213.875000
331     -154601.625000
332     -154984.859375
333     -155368.656250
334     -155749.171875
335     -156128.531250
336     -156508.781250
337     -156886.093750
338     -157262.562500
339     -157634.531250
340     -158009.406250
341     -158380.906250
342     -158749.109375
343     -159116.656250
344     -159483.453125
345     -159847.406250
346     -160212.343750
347     -160573.609375
348     -160934.312500
349     -161293.000000
350     -161649.453125
351     -162006.562500
352     -162359.375000
353     -162712.546875
354     -163064.281250
355     -163414.968750
356     -163761.546875
357     -164109.656250
358     -164456.421875
359     -164800.031250
360     -165142.234375
361     -165482.125000
362     -165821.171875
363     -166160.281250
364     -166496.171875
365     -166830.140625
366     -167163.093750
367     -167494.468750
368     -167824.218750
369     -168154.187500
370     -168479.750000
371     -168804.578125
372     -169128.875000
373     -169451.265625
374     -169772.593750
375     -170092.500000
376     -170410.187500
377     -170726.359375
378     -171043.000000
379     -171356.281250
380     -171669.234375
381     -171978.906250
382     -172288.187500
383     -172594.250000
384     -172900.656250
385     -173204.843750
386     -173508.000000
387     -173809.093750
388     -174109.218750
389     -174405.531250
390     -174702.468750
391     -174997.640625
392     -175291.500000
393     -175583.453125
394     -175872.890625
395     -176164.015625
396     -176450.250000
397     -176736.343750
398     -177020.343750
399     -177302.312500
400     -177584.203125
401     -177862.750000
402     -178141.093750
403     -178417.328125
404     -178692.031250
405     -178966.250000
406     -179238.906250
407     -179507.281250
408     -179776.562500
409     -180043.890625
410     -180309.718750
411     -180572.968750
412     -180836.500000
413     -181096.968750
414     -181357.125000
415     -181615.625000
416     -181871.906250
417     -182126.062500
418     -182380.156250
419     -182632.078125
420     -182883.781250
421     -183132.515625
422     -183380.593750
423     -183626.812500
424     -183871.890625
425     -184115.343750
426     -184356.281250
427     -184596.390625
428     -184834.593750
429     -185071.390625
430     -185308.312500
431     -185541.765625
432     -185776.609375
433     -186007.890625
434     -186236.437500
435     -186466.218750
436     -186693.375000
437     -186919.156250
438     -187143.687500
439     -187365.062500
440     -187586.890625
441     -187807.687500
442     -188027.093750
443     -188243.687500
444     -188458.562500
445     -188673.343750
446     -188885.093750
447     -189095.359375
448     -189306.703125
449     -189514.968750
450     -189721.203125
451     -189928.375000
452     -190132.187500
453     -190334.593750
454     -190536.609375
455     -190735.093750
456     -190935.093750
457     -191133.875000
458     -191330.500000
459     -191525.593750
460     -191719.187500
461     -191911.406250
462     -192102.984375
463     -192294.234375
464     -192483.875000
465     -192673.078125
466     -192859.843750
467     -193044.593750
468     -193227.687500
469     -193409.375000
470     -193590.218750
471     -193768.843750
472     -193945.843750
473     -194123.250000
474     -194299.359375
475     -194473.734375
476     -194645.125000
477     -194815.937500
478     -194986.156250
479     -195154.421875
480     -195321.406250
481     -195487.140625
482     -195651.718750
483     -195815.343750
484     -195977.437500
485     -196138.062500
486     -196296.687500
487     -196454.343750
488     -196612.843750
489     -196768.859375
490     -196923.250000
491     -197076.343750
492     -197229.015625
493     -197381.593750
494     -197531.765625
495     -197681.250000
496     -197831.281250
497     -197976.343750
498     -198121.234375
499     -198265.781250
500     -198409.906250
501     -198551.531250
502     -198691.906250
503     -198832.781250
504     -198971.875000
505     -199109.546875
506     -199246.484375
507     -199381.437500
508     -199515.843750
509     -199648.406250
510     -199781.437500
511     -199912.046875
512     -200041.156250
513     -200169.015625
514     -200296.750000
515     -200422.843750
516     -200547.625000
517     -200673.296875
518     -200794.937500
519     -200917.421875
520     -201037.281250
521     -201159.593750
522     -201278.640625
523     -201395.984375
524     -201513.078125
525     -201631.187500
526     -201745.750000
527     -201860.593750
528     -201974.437500
529     -202086.531250
530     -202197.750000
531     -202308.796875
532     -202417.531250
533     -202526.625000
534     -202632.859375
535     -202739.843750
536     -202846.656250
537     -202950.140625
538     -203053.750000
539     -203157.125000
540     -203258.218750
541     -203359.437500
542     -203458.781250
543     -203559.062500
544     -203658.531250
545     -203755.281250
546     -203852.828125
547     -203947.562500
548     -204042.718750
549     -204137.000000
550     -204229.765625
551     -204322.703125
552     -204414.312500
553     -204506.125000
554     -204597.031250
555     -204685.968750
556     -204774.359375
557     -204863.265625
558     -204949.406250
559     -205036.250000
560     -205123.156250
561     -205206.953125
562     -205291.781250
563     -205374.093750
564     -205457.375000
565     -205539.671875
566     -205621.718750
567     -205701.703125
568     -205780.265625
569     -205860.187500
570     -205938.687500
571     -206017.187500
572     -206092.953125
573     -206170.281250
574     -206244.468750
575     -206319.015625
576     -206394.171875
577     -206466.812500
578     -206540.609375
579     -206612.703125
580     -206683.875000
581     -206754.171875
582     -206824.890625
583     -206894.593750
584     -206962.953125
585     -207032.156250
586     -207101.046875
587     -207168.421875
588     -207234.828125
589     -207301.609375
590     -207367.484375
591     -207432.468750
592     -207498.562500
593     -207561.250000
594     -207625.500000
595     -207687.343750
596     -207750.468750
597     -207811.750000
598     -207873.671875
599     -207934.562500
600     -207995.546875
601     -208055.093750
602     -208114.218750
603     -208172.531250
604     -208232.000000
605     -208288.937500
606     -208346.187500
607     -208403.218750
608     -208458.750000
609     -208514.375000
610     -208569.750000
611     -208623.531250
612     -208678.531250
613     -208730.625000
614     -208783.828125
615     -208835.656250
616     -208888.406250
617     -208938.406250
618     -208989.781250
619     -209039.656250
620     -209090.453125
621     -209140.406250
622     -209189.218750
623     -209238.109375
624     -209286.156250
625     -209334.468750
626     -209381.875000
627     -209428.312500
628     -209474.500000
629     -209520.062500
630     -209564.812500
631     -209610.312500
632     -209654.734375
633     -209698.625000
634     -209742.312500
635     -209785.875000
636     -209828.890625
637     -209871.406250
638     -209914.031250
639     -209954.656250
640     -209996.531250
641     -210037.000000
642     -210077.500000
643     -210118.078125
644     -210158.078125
645     -210197.281250
646     -210236.234375
647     -210275.000000
648     -210313.437500
649     -210351.484375
650     -210389.312500
651     -210425.656250
652     -210462.468750
653     -210498.437500
654     -210534.734375
655     -210570.359375
656     -210605.437500
657     -210640.890625
658     -210675.000000
659     -210709.906250
660     -210744.187500
661     -210778.312500
662     -210811.546875
663     -210844.750000
664     -210877.187500
665     -210910.515625
666     -210942.687500
667     -210974.687500
668     -211006.843750
669     -211037.984375
670     -211069.421875
671     -211100.656250
672     -211130.812500
673     -211160.937500
674     -211191.093750
675     -211220.578125
676     -211249.968750
677     -211279.390625
678     -211308.156250
679     -211337.046875
680     -211365.656250
681     -211393.890625
682     -211422.375000
683     -211450.562500
684     -211477.984375
685     -211505.781250
686     -211532.812500
687     -211559.843750
688     -211587.218750
689     -211614.125000
690     -211640.593750
691     -211667.000000
692     -211692.937500
693     -211719.656250
694     -211744.890625
695     -211770.859375
696     -211795.687500
697     -211821.062500
698     -211846.187500
699     -211871.156250
700     -211895.562500
701     -211920.125000
702     -211944.171875
703     -211967.921875
704     -211991.750000
705     -212015.453125
706     -212038.500000
707     -212061.687500
708     -212084.375000
709     -212107.421875
710     -212129.703125
711     -212152.156250
712     -212174.046875
713     -212196.375000
714     -212218.468750
715     -212240.171875
716     -212261.937500
717     -212283.437500
718     -212305.000000
719     -212326.031250
720     -212346.828125
721     -212367.843750
722     -212388.750000
723     -212409.312500
724     -212430.234375
725     -212450.265625
726     -212470.750000
727     -212491.406250
728     -212511.406250
729     -212531.046875
730     -212550.812500
731     -212570.281250
732     -212589.906250
733     -212608.921875
734     -212628.015625
735     -212647.187500
736     -212665.656250
737     -212684.656250
738     -212703.031250
739     -212721.078125
740     -212739.484375
741     -212757.406250
742     -212775.359375
743     -212793.296875
744     -212811.062500
745     -212828.156250
746     -212845.906250
747     -212863.140625
748     -212880.765625
749     -212897.734375
750     -212914.750000
751     -212931.406250
752     -212948.312500
753     -212965.125000
754     -212981.734375
755     -212998.250000
756     -213014.687500
757     -213031.156250
758     -213047.437500
759     -213063.781250
760     -213079.750000
761     -213095.781250
762     -213111.531250
763     -213127.593750
764     -213143.296875
765     -213158.937500
766     -213174.937500
767     -213190.437500
768     -213205.718750
769     -213220.812500
770     -213236.000000
771     -213251.062500
772     -213266.062500
773     -213280.843750
774     -213295.796875
775     -213310.531250
776     -213325.250000
777     -213339.781250
778     -213354.343750
779     -213368.437500
780     -213382.812500
781     -213397.093750
782     -213411.000000
783     -213425.015625
784     -213438.750000
785     -213452.515625
786     -213466.468750
787     -213480.093750
788     -213493.609375
789     -213507.015625
790     -213521.015625
791     -213534.031250
792     -213547.531250
793     -213560.843750
794     -213574.250000
795     -213587.500000
796     -213600.500000
797     -213613.843750
798     -213626.671875
799     -213639.593750
800     -213652.406250
801     -213665.156250
802     -213677.906250
803     -213690.656250
804     -213703.375000
805     -213715.750000
806     -213728.406250
807     -213740.906250
808     -213753.218750
809     -213765.593750
810     -213777.687500
811     -213790.015625
812     -213802.046875
813     -213814.046875
814     -213826.218750
815     -213838.218750
816     -213849.578125
817     -213861.546875
818     -213873.171875
819     -213884.687500
820     -213896.093750
821     -213907.625000
822     -213918.937500
823     -213930.218750
824     -213941.546875
825     -213952.437500
826     -213963.562500
827     -213975.078125
828     -213985.671875
829     -213996.640625
830     -214007.640625
831     -214018.343750
832     -214029.109375
833     -214040.015625
834     -214050.609375
835     -214060.828125
836     -214071.750000
837     -214082.187500
838     -214092.406250
839     -214103.140625
840     -214113.562500
841     -214123.937500
842     -214134.031250
843     -214144.328125
844     -214154.250000
845     -214164.437500
846     -214174.390625
847     -214184.203125
848     -214194.156250
849     -214203.937500
850     -214213.687500
851     -214223.531250
852     -214233.328125
853     -214242.875000
854     -214252.250000
855     -214261.750000
856     -214271.296875
857     -214280.515625
858     -214290.015625
859     -214299.531250
860     -214308.718750
861     -214318.031250
862     -214327.125000
863     -214336.312500
864     -214345.265625
865     -214354.265625
866     -214363.265625
867     -214372.046875
868     -214381.062500
869     -214389.843750
870     -214398.796875
871     -214407.625000
872     -214416.218750
873     -214424.875000
874     -214433.750000
875     -214442.281250
876     -214450.875000
877     -214459.343750
878     -214468.046875
879     -214476.343750
880     -214484.625000
881     -214492.937500
882     -214501.187500
883     -214509.437500
884     -214517.625000
885     -214525.812500
886     -214534.000000
887     -214541.937500
888     -214549.843750
889     -214557.921875
890     -214565.937500
891     -214573.703125
892     -214581.531250
893     -214589.765625
894     -214597.406250
895     -214605.328125
896     -214613.015625
897     -214620.843750
898     -214628.343750
899     -214636.171875
900     -214643.562500
901     -214651.500000
902     -214658.968750
903     -214666.218750
904     -214673.890625
905     -214681.250000
906     -214688.468750
907     -214695.875000
908     -214703.000000
909     -214710.312500
910     -214717.312500
911     -214724.562500
912     -214731.734375
913     -214738.593750
914     -214745.625000
915     -214752.687500
916     -214759.468750
917     -214766.359375
918     -214773.203125
919     -214780.218750
920     -214786.859375
921     -214793.562500
922     -214800.390625
923     -214807.031250
924     -214813.640625
925     -214820.312500
926     -214827.031250
927     -214833.625000
928     -214839.937500
929     -214846.640625
930     -214852.890625
931     -214859.609375
932     -214865.968750
933     -214872.406250
934     -214878.656250
935     -214884.968750
936     -214891.390625
937     -214897.625000
938     -214903.875000
939     -214909.906250
940     -214916.046875
941     -214922.312500
942     -214928.328125
943     -214934.406250
944     -214940.531250
945     -214946.468750
946     -214952.531250
947     -214958.390625
948     -214964.312500
949     -214970.156250
950     -214976.078125
951     -214982.000000
952     -214987.781250
953     -214993.609375
954     -214999.343750
955     -215005.281250
956     -215010.968750
957     -215016.812500
958     -215022.500000
959     -215028.343750
960     -215033.765625
961     -215039.531250
962     -215045.078125
963     -215050.625000
964     -215056.250000
965     -215061.843750
966     -215067.406250
967     -215072.906250
968     -215078.187500
969     -215083.906250
970     -215089.250000
971     -215094.625000
972     -215099.890625
973     -215105.468750
974     -215110.906250
975     -215116.078125
976     -215121.343750
977     -215126.812500
978     -215132.125000
979     -215137.390625
980     -215142.687500
981     -215147.812500
982     -215152.781250
983     -215158.218750
984     -215163.171875
985     -215168.281250
986     -215173.265625
987     -215178.156250
988     -215183.218750
989     -215188.218750
990     -215193.000000
991     -215198.187500
992     -215203.109375
993     -215207.906250
994     -215212.765625
995     -215217.656250
996     -215222.750000
997     -215227.421875
998     -215232.406250
999     -215237.437500
1000    -215242.203125
1001    -215246.859375
1002    -215251.687500
1003    -215256.453125
1004    -215261.156250
1005    -215266.031250
1006    -215270.781250
1007    -215275.562500
1008    -215280.062500
1009    -215284.984375
1010    -215289.484375
1011    -215294.031250
1012    -215298.531250
1013    -215303.093750
1014    -215307.937500
1015    -215312.265625
1016    -215316.984375
1017    -215321.437500
1018    -215325.875000
1019    -215330.593750
1020    -215335.093750
1021    -215339.390625
1022    -215343.906250
1023    -215348.515625
1024    -215352.843750
1025    -215357.453125
1026    -215361.859375
1027    -215366.187500
1028    -215370.656250
1029    -215375.031250
1030    -215379.640625
1031    -215383.906250
1032    -215388.250000
1033    -215392.812500
1034    -215397.093750
1035    -215401.390625
1036    -215405.703125
1037    -215410.000000
1038    -215414.328125
1039    -215418.640625
1040    -215422.875000
1041    -215427.125000
1042    -215431.218750
1043    -215435.578125
1044    -215439.625000
1045    -215443.953125
1046    -215448.125000
1047    -215452.375000
1048    -215456.562500
1049    -215460.734375
1050    -215465.125000
1051    -215469.125000
1052    -215473.171875
1053    -215477.437500
1054    -215481.328125
1055    -215485.750000
1056    -215489.656250
1057    -215493.812500
1058    -215497.937500
1059    -215501.937500
1060    -215505.781250
1061    -215509.828125
1062    -215514.015625
1063    -215517.984375
1064    -215521.781250
1065    -215525.859375
1066    -215529.875000
1067    -215533.812500
1068    -215537.734375
1069    -215541.687500
1070    -215545.531250
1071    -215549.687500
1072    -215553.656250
1073    -215557.437500
1074    -215561.187500
1075    -215565.203125
1076    -215568.843750
1077    -215573.046875
1078    -215576.828125
1079    -215580.812500
1080    -215584.359375
1081    -215588.375000
1082    -215592.218750
1083    -215595.984375
1084    -215599.953125
1085    -215603.875000
1086    -215607.562500
1087    -215611.234375
1088    -215615.328125
1089    -215619.062500
1090    -215622.843750
1091    -215626.625000
1092    -215630.421875
1093    -215634.015625
1094    -215637.906250
1095    -215641.500000
1096    -215645.437500
1097    -215648.890625
1098    -215652.875000
1099    -215656.546875
1100    -215660.328125
1101    -215664.109375
1102    -215667.703125
1103    -215671.281250
1104    -215675.140625
1105    -215678.796875
1106    -215682.515625
1107    -215686.046875
1108    -215689.687500
1109    -215693.390625
1110    -215697.031250
1111    -215700.750000
1112    -215704.406250
1113    -215707.921875
1114    -215711.468750
1115    -215715.062500
1116    -215718.906250
1117    -215722.218750
1118    -215725.937500
1119    -215729.500000
1120    -215733.062500
1121    -215736.656250
1122    -215740.250000
1123    -215744.000000
1124    -215747.531250
1125    -215750.843750
1126    -215754.437500
1127    -215757.937500
1128    -215761.546875
1129    -215765.171875
1130    -215768.421875
1131    -215772.234375
1132    -215775.484375
1133    -215778.953125
1134    -215782.687500
1135    -215786.000000
1136    -215789.500000
1137    -215793.078125
1138    -215796.468750
1139    -215799.968750
1140    -215803.375000
1141    -215806.906250
1142    -215810.343750
1143    -215813.812500
1144    -215817.250000
1145    -215820.437500
1146    -215824.031250
1147    -215827.468750
1148    -215830.812500
1149    -215834.234375
1150    -215837.796875
1151    -215841.156250
1152    -215844.500000
1153    -215847.968750
1154    -215851.234375
1155    -215854.828125
1156    -215858.062500
1157    -215861.421875
1158    -215864.953125
1159    -215868.171875
1160    -215871.453125
1161    -215874.843750
1162    -215878.343750
1163    -215881.468750
1164    -215885.031250
1165    -215888.250000
1166    -215891.484375
1167    -215894.968750
1168    -215898.312500
1169    -215901.593750
1170    -215904.875000
1171    -215908.343750
1172    -215911.515625
1173    -215914.937500
1174    -215918.125000
1175    -215921.359375
1176    -215924.546875
1177    -215927.906250
1178    -215931.062500
1179    -215934.390625
1180    -215937.656250
1181    -215940.687500
1182    -215944.093750
1183    -215947.296875
1184    -215950.500000
1185    -215953.875000
1186    -215956.968750
1187    -215960.187500
1188    -215963.468750
1189    -215966.703125
1190    -215969.781250
1191    -215973.000000
1192    -215976.140625
1193    -215979.312500
1194    -215982.468750
1195    -215985.734375
1196    -215988.828125
1197    -215992.156250
1198    -215995.093750
1199    -215998.375000
1200    -216001.625000
1201    -216004.734375
1202    -216007.890625
1203    -216010.937500
1204    -216014.187500
1205    -216017.500000
1206    -216020.484375
1207    -216023.781250
1208    -216026.718750
1209    -216029.984375
1210    -216033.078125
1211    -216036.187500
1212    -216039.343750
1213    -216042.390625
1214    -216045.687500
1215    -216048.843750
1216    -216051.843750
1217    -216055.031250
1218    -216057.953125
1219    -216061.078125
1220    -216064.109375
1221    -216067.218750
1222    -216070.296875
1223    -216073.437500
1224    -216076.375000
1225    -216079.562500
1226    -216082.781250
1227    -216085.781250
1228    -216088.796875
1229    -216091.796875
1230    -216094.968750
1231    -216097.906250
1232    -216100.937500
1233    -216103.843750
1234    -216107.062500
1235    -216110.046875
1236    -216113.187500
1237    -216116.046875
1238    -216119.218750
1239    -216122.296875
1240    -216125.109375
1241    -216128.218750
1242    -216131.109375
1243    -216134.156250
1244    -216137.109375
1245    -216140.250000
1246    -216143.093750
1247    -216146.000000
1248    -216148.968750
1249    -216151.765625
1250    -216154.781250
1251    -216157.781250
1252    -216160.671875
1253    -216163.656250
1254    -216166.515625
1255    -216169.453125
1256    -216172.328125
1257    -216175.093750
1258    -216178.250000
1259    -216181.031250
1260    -216183.781250
1261    -216186.703125
1262    -216189.562500
1263    -216192.312500
1264    -216195.218750
1265    -216197.906250
1266    -216201.031250
1267    -216203.687500
1268    -216206.546875
1269    -216209.218750
1270    -216212.156250
1271    -216215.062500
1272    -216217.687500
1273    -216220.531250
1274    -216223.125000
1275    -216226.078125
1276    -216228.718750
1277    -216231.312500
1278    -216234.171875
1279    -216236.828125
1280    -216239.625000
1281    -216242.375000
1282    -216245.062500
1283    -216247.750000
1284    -216250.734375
1285    -216253.437500
1286    -216256.203125
1287    -216258.843750
1288    -216261.562500
1289    -216263.875000
1290    -216266.625000
1291    -216269.468750
1292    -216272.171875
1293    -216274.656250
1294    -216277.343750
1295    -216279.968750
1296    -216282.656250
1297    -216285.453125
1298    -216288.078125
1299    -216290.640625
1300    -216293.343750
1301    -216295.843750
1302    -216298.562500
1303    -216301.218750
1304    -216303.812500
1305    -216306.375000
1306    -216308.968750
1307    -216311.734375
1308    -216314.281250
1309    -216316.828125
1310    -216319.390625
1311    -216322.000000
1312    -216324.687500
1313    -216327.234375
1314    -216329.937500
1315    -216332.312500
1316    -216334.859375
1317    -216337.437500
1318    -216339.984375
1319    -216342.500000
1320    -216345.187500
1321    -216347.718750
1322    -216350.250000
1323    -216352.796875
1324    -216355.250000
1325    -216357.828125
1326    -216360.187500
1327    -216362.750000
1328    -216365.453125
1329    -216367.750000
1330    -216370.265625
1331    -216372.765625
1332    -216375.218750
1333    -216377.625000
1334    -216380.234375
1335    -216382.734375
1336    -216385.062500
1337    -216387.546875
1338    -216389.812500
1339    -216392.343750
1340    -216395.046875
1341    -216397.218750
1342    -216399.750000
1343    -216402.312500
1344    -216404.625000
1345    -216406.890625
1346    -216409.343750
1347    -216411.843750
1348    -216414.156250
1349    -216416.828125
1350    -216419.093750
1351    -216421.390625
1352    -216423.843750
1353    -216426.140625
1354    -216428.453125
1355    -216430.812500
1356    -216433.031250
1357    -216435.421875
1358    -216437.843750
1359    -216440.093750
1360    -216442.312500
1361    -216444.656250
1362    -216446.968750
1363    -216449.218750
1364    -216451.437500
1365    -216453.625000
1366    -216455.843750
1367    -216458.015625
1368    -216460.187500
1369    -216462.531250
1370    -216464.671875
1371    -216466.875000
1372    -216468.984375
1373    -216471.187500
1374    -216473.421875
1375    -216475.656250
1376    -216477.687500
1377    -216480.015625
1378    -216482.265625
1379    -216484.375000
1380    -216486.500000
1381    -216488.531250
1382    -216490.593750
1383    -216492.781250
1384    -216494.937500
1385    -216497.031250
1386    -216499.109375
1387    -216501.234375
1388    -216503.250000
1389    -216505.359375
1390    -216507.359375
1391    -216509.625000
1392    -216511.640625
1393    -216513.562500
1394    -216515.656250
1395    -216517.828125
1396    -216519.796875
1397    -216521.968750
1398    -216524.000000
1399    -216525.906250
1400    -216528.046875
1401    -216530.140625
1402    -216532.125000
1403    -216534.062500
1404    -216536.093750
1405    -216538.093750
1406    -216540.093750
1407    -216542.062500
1408    -216544.015625
1409    -216546.093750
1410    -216548.046875
1411    -216550.031250
1412    -216552.031250
1413    -216553.984375
1414    -216556.015625
1415    -216557.906250
1416    -216559.781250
1417    -216561.781250
1418    -216563.812500
1419    -216565.750000
1420    -216567.718750
1421    -216569.593750
1422    -216571.593750
1423    -216573.437500
1424    -216575.406250
1425    -216577.312500
1426    -216579.187500
1427    -216581.031250
1428    -216582.968750
1429    -216584.812500
1430    -216586.656250
1431    -216588.718750
1432    -216590.437500
1433    -216592.453125
1434    -216594.203125
1435    -216596.250000
1436    -216597.906250
1437    -216599.750000
1438    -216601.656250
1439    -216603.500000
1440    -216605.328125
1441    -216607.187500
1442    -216608.843750
1443    -216610.843750
1444    -216612.593750
1445    -216614.484375
