Step            Loss
--------------------
1       -1921.256348
2       -5350.646484
3       -8779.934570
4       -12208.320312
5       -15637.211914
6       -19066.863281
7       -22499.521484
8       -25924.857422
9       -29357.712891
10      -32784.921875
11      -36216.402344
12      -39650.214844
13      -43080.894531
14      -46515.500000
15      -49948.757812
16      -53383.605469
17      -56821.156250
18      -60258.414062
19      -63695.828125
20      -67139.023438
21      -70578.843750
22      -74020.484375
23      -77466.562500
24      -80915.234375
25      -84364.468750
26      -87817.500000
27      -91273.343750
28      -94727.609375
29      -98188.562500
30      -101650.460938
31      -105117.859375
32      -108585.171875
33      -112061.656250
34      -115535.968750
35      -119015.937500
36      -122499.250000
37      -125983.531250
38      -129475.070312
39      -132968.453125
40      -136472.968750
41      -139970.156250
42      -143477.062500
43      -146991.187500
44      -150509.328125
45      -154030.843750
46      -157556.000000
47      -161091.875000
48      -164625.000000
49      -168169.000000
50      -171717.218750
51      -175273.375000
52      -178832.906250
53      -182395.781250
54      -185966.343750
55      -189546.125000
56      -193126.031250
57      -196717.468750
58      -200307.328125
59      -203916.203125
60      -207522.859375
61      -211135.359375
62      -214756.281250
63      -218379.062500
64      -222018.343750
65      -225658.828125
66      -229305.359375
67      -232959.250000
68      -236623.437500
69      -240294.187500
70      -243969.343750
71      -247646.500000
72      -251342.093750
73      -255040.906250
74      -258742.968750
75      -262457.000000
76      -266179.875000
77      -269903.687500
78      -273637.062500
79      -277384.000000
80      -281130.250000
81      -284889.250000
82      -288656.375000
83      -292428.843750
84      -296211.218750
85      -299997.343750
86      -303796.125000
87      -307595.500000
88      -311406.562500
89      -315228.093750
90      -319054.843750
91      -322887.875000
92      -326731.875000
93      -330576.031250
94      -334438.250000
95      -338306.562500
96      -342178.312500
97      -346058.250000
98      -349949.437500
99      -353848.562500
100     -357750.718750
101     -361666.312500
102     -365581.250000
103     -369508.250000
104     -373448.593750
105     -377390.531250
106     -381340.531250
107     -385293.312500
108     -389261.281250
109     -393236.625000
110     -397216.812500
111     -401205.031250
112     -405199.593750
113     -409200.437500
114     -413208.000000
115     -417231.250000
116     -421252.125000
117     -425283.156250
118     -429320.562500
119     -433368.906250
120     -437423.750000
121     -441482.000000
122     -445544.656250
123     -449620.062500
124     -453699.250000
125     -457783.156250
126     -461878.218750
127     -465976.062500
128     -470084.000000
129     -474195.250000
130     -478312.750000
131     -482438.500000
132     -486570.750000
133     -490708.281250
134     -494850.937500
135     -498999.625000
136     -503153.218750
137     -507309.812500
138     -511478.937500
139     -515649.406250
140     -519829.156250
141     -524012.125000
142     -528201.437500
143     -532390.500000
144     -536586.750000
145     -540786.312500
146     -544997.250000
147     -549212.000000
148     -553428.000000
149     -557648.562500
150     -561881.312500
151     -566107.375000
152     -570338.250000
153     -574579.062500
154     -578827.125000
155     -583075.437500
156     -587324.562500
157     -591575.062500
158     -595835.250000
159     -600096.500000
160     -604359.125000
161     -608630.500000
162     -612899.750000
163     -617172.125000
164     -621452.375000
165     -625733.312500
166     -630009.625000
167     -634300.000000
168     -638587.375000
169     -642878.000000
170     -647168.000000
171     -651462.125000
172     -655756.250000
173     -660055.875000
174     -664358.125000
175     -668657.125000
176     -672955.812500
177     -677266.937500
178     -681569.562500
179     -685874.750000
180     -690180.625000
181     -694488.562500
182     -698795.625000
183     -703110.625000
184     -707419.625000
185     -711728.375000
186     -716034.437500
187     -720346.625000
188     -724655.875000
189     -728967.062500
190     -733276.687500
191     -737585.250000
192     -741893.125000
193     -746201.875000
194     -750502.562500
195     -754818.625000
196     -759118.875000
197     -763423.437500
198     -767723.875000
199     -772026.187500
200     -776328.250000
201     -780618.312500
202     -784916.312500
203     -789208.812500
204     -793501.375000
205     -797795.500000
206     -802080.875000
207     -806365.312500
208     -810641.750000
209     -814928.437500
210     -819205.875000
211     -823477.125000
212     -827747.000000
213     -832014.125000
214     -836281.000000
215     -840544.375000
216     -844798.000000
217     -849056.375000
218     -853310.250000
219     -857548.750000
220     -861788.625000
221     -866030.312500
222     -870265.875000
223     -874493.750000
224     -878718.875000
225     -882935.812500
226     -887154.625000
227     -891370.187500
228     -895578.375000
229     -899773.500000
230     -903968.812500
231     -908161.750000
232     -912343.250000
233     -916526.375000
234     -920701.750000
235     -924872.500000
236     -929032.875000
237     -933187.625000
238     -937339.250000
239     -941482.500000
240     -945623.375000
241     -949753.125000
242     -953881.687500
243     -957999.312500
244     -962108.250000
245     -966216.187500
246     -970314.875000
247     -974406.000000
248     -978492.812500
249     -982570.500000
250     -986641.250000
251     -990703.187500
252     -994758.625000
253     -998808.000000
254     -1002838.250000
255     -1006876.562500
256     -1010897.625000
257     -1014909.187500
258     -1018923.500000
259     -1022925.750000
260     -1026911.562500
261     -1030896.625000
262     -1034871.375000
263     -1038834.000000
264     -1042794.437500
265     -1046739.125000
266     -1050672.875000
267     -1054611.500000
268     -1058534.750000
269     -1062441.500000
270     -1066342.500000
271     -1070239.000000
272     -1074124.250000
273     -1077995.625000
274     -1081863.500000
275     -1085721.750000
276     -1089564.500000
277     -1093400.500000
278     -1097227.125000
279     -1101045.750000
280     -1104852.250000
281     -1108649.000000
282     -1112439.000000
283     -1116214.000000
284     -1119984.000000
285     -1123745.500000
286     -1127491.000000
287     -1131226.750000
288     -1134956.000000
289     -1138672.250000
290     -1142377.000000
291     -1146075.000000
292     -1149766.500000
293     -1153437.000000
294     -1157099.625000
295     -1160758.000000
296     -1164402.750000
297     -1168030.250000
298     -1171651.250000
299     -1175261.250000
300     -1178856.500000
301     -1182448.750000
302     -1186027.250000
303     -1189596.000000
304     -1193148.250000
305     -1196698.375000
306     -1200229.750000
307     -1203749.875000
308     -1207263.875000
309     -1210767.250000
310     -1214253.750000
311     -1217735.625000
312     -1221198.250000
313     -1224653.250000
314     -1228092.000000
315     -1231521.250000
316     -1234946.000000
317     -1238357.375000
318     -1241750.750000
319     -1245137.375000
320     -1248511.250000
321     -1251878.125000
322     -1255221.125000
323     -1258563.750000
324     -1261887.500000
325     -1265206.000000
326     -1268504.500000
327     -1271793.500000
328     -1275070.625000
329     -1278339.750000
330     -1281594.000000
331     -1284838.500000
332     -1288062.750000
333     -1291277.625000
334     -1294484.875000
335     -1297679.125000
336     -1300856.625000
337     -1304025.250000
338     -1307181.250000
339     -1310326.875000
340     -1313455.000000
341     -1316566.000000
342     -1319671.750000
343     -1322763.000000
344     -1325840.000000
345     -1328912.375000
346     -1331967.375000
347     -1335012.000000
348     -1338038.500000
349     -1341053.500000
350     -1344059.375000
351     -1347049.875000
352     -1350026.875000
353     -1352999.000000
354     -1355948.250000
355     -1358897.500000
356     -1361819.500000
357     -1364739.625000
358     -1367642.250000
359     -1370536.375000
360     -1373411.250000
361     -1376280.750000
362     -1379133.500000
363     -1381979.875000
364     -1384802.750000
365     -1387615.500000
366     -1390417.750000
367     -1393205.875000
368     -1395983.500000
369     -1398739.750000
370     -1401492.750000
371     -1404230.750000
372     -1406951.500000
373     -1409663.750000
374     -1412366.000000
375     -1415057.000000
376     -1417724.250000
377     -1420394.250000
378     -1423044.000000
379     -1425676.000000
380     -1428300.000000
381     -1430906.500000
382     -1433511.500000
383     -1436092.500000
384     -1438669.000000
385     -1441231.500000
386     -1443774.625000
387     -1446316.250000
388     -1448834.750000
389     -1451343.625000
390     -1453840.375000
391     -1456319.750000
392     -1458792.625000
393     -1461245.750000
394     -1463690.000000
395     -1466124.000000
396     -1468547.125000
397     -1470951.250000
398     -1473335.250000
399     -1475720.000000
400     -1478095.625000
401     -1480447.250000
402     -1482785.000000
403     -1485120.500000
404     -1487431.250000
405     -1489738.125000
406     -1492027.750000
407     -1494300.875000
408     -1496570.375000
409     -1498822.625000
410     -1501056.250000
411     -1503276.750000
412     -1505491.250000
413     -1507690.125000
414     -1509878.000000
415     -1512049.750000
416     -1514208.500000
417     -1516356.000000
418     -1518487.000000
419     -1520615.750000
420     -1522722.500000
421     -1524815.500000
422     -1526911.500000
423     -1528979.125000
424     -1531040.125000
425     -1533093.500000
426     -1535124.375000
427     -1537147.250000
428     -1539155.125000
429     -1541153.625000
430     -1543146.000000
431     -1545127.500000
432     -1547085.000000
433     -1549038.875000
434     -1550985.375000
435     -1552910.750000
436     -1554828.500000
437     -1556739.750000
438     -1558629.500000
439     -1560507.250000
440     -1562382.750000
441     -1564245.000000
442     -1566085.500000
443     -1567915.750000
444     -1569741.500000
445     -1571547.750000
446     -1573345.500000
447     -1575130.375000
448     -1576906.750000
449     -1578665.500000
450     -1580417.000000
451     -1582162.250000
452     -1583890.750000
453     -1585610.500000
454     -1587314.750000
455     -1589012.750000
456     -1590697.000000
457     -1592367.625000
458     -1594028.875000
459     -1595680.250000
460     -1597318.125000
461     -1598941.750000
462     -1600562.750000
463     -1602165.500000
464     -1603758.000000
465     -1605342.000000
466     -1606914.500000
467     -1608471.750000
468     -1610027.625000
469     -1611565.250000
470     -1613094.750000
471     -1614611.000000
472     -1616119.250000
473     -1617614.125000
474     -1619102.750000
475     -1620578.000000
476     -1622042.625000
477     -1623499.750000
478     -1624935.000000
479     -1626371.500000
480     -1627794.625000
481     -1629208.500000
482     -1630609.750000
483     -1632000.625000
484     -1633389.000000
485     -1634757.500000
486     -1636119.625000
487     -1637470.250000
488     -1638815.875000
489     -1640143.375000
490     -1641469.500000
491     -1642788.000000
492     -1644090.500000
493     -1645381.000000
494     -1646668.500000
495     -1647942.500000
496     -1649206.000000
497     -1650465.875000
498     -1651713.375000
499     -1652947.250000
500     -1654175.500000
501     -1655392.750000
502     -1656600.375000
503     -1657801.750000
504     -1658990.000000
505     -1660171.875000
506     -1661344.125000
507     -1662508.000000
508     -1663659.625000
509     -1664798.250000
510     -1665936.750000
511     -1667064.125000
512     -1668180.625000
513     -1669291.750000
514     -1670387.250000
515     -1671478.500000
516     -1672564.125000
517     -1673638.250000
518     -1674701.375000
519     -1675758.000000
520     -1676805.750000
521     -1677846.125000
522     -1678875.500000
523     -1679899.000000
524     -1680913.250000
525     -1681921.000000
526     -1682913.500000
527     -1683902.500000
528     -1684883.750000
529     -1685850.125000
530     -1686811.500000
531     -1687767.500000
532     -1688717.250000
533     -1689658.250000
534     -1690586.250000
535     -1691506.250000
536     -1692425.375000
537     -1693328.125000
538     -1694227.750000
539     -1695118.000000
540     -1696005.750000
541     -1696883.750000
542     -1697750.125000
543     -1698611.750000
544     -1699464.625000
545     -1700310.250000
546     -1701148.250000
547     -1701984.625000
548     -1702807.250000
549     -1703626.250000
550     -1704439.500000
551     -1705240.250000
552     -1706034.000000
553     -1706824.500000
554     -1707607.000000
555     -1708383.500000
556     -1709150.000000
557     -1709914.000000
558     -1710668.500000
559     -1711411.250000
560     -1712158.500000
561     -1712892.875000
562     -1713622.000000
563     -1714341.000000
564     -1715055.250000
565     -1715770.500000
566     -1716473.250000
567     -1717170.250000
568     -1717861.875000
569     -1718551.125000
570     -1719231.375000
571     -1719901.750000
572     -1720568.750000
573     -1721235.875000
574     -1721888.250000
575     -1722541.875000
576     -1723186.125000
577     -1723824.125000
578     -1724461.375000
579     -1725088.375000
580     -1725713.750000
581     -1726329.250000
582     -1726943.500000
583     -1727549.500000
584     -1728150.250000
585     -1728748.125000
586     -1729334.000000
587     -1729919.125000
588     -1730495.000000
589     -1731067.750000
590     -1731636.375000
591     -1732196.125000
592     -1732750.875000
593     -1733304.125000
594     -1733847.625000
595     -1734387.875000
596     -1734921.125000
597     -1735455.625000
598     -1735977.750000
599     -1736499.250000
600     -1737013.250000
601     -1737520.875000
602     -1738027.000000
603     -1738526.000000
604     -1739021.625000
605     -1739509.750000
606     -1739996.750000
607     -1740480.250000
608     -1740954.000000
609     -1741425.375000
610     -1741895.625000
611     -1742353.375000
612     -1742815.375000
613     -1743266.250000
614     -1743713.500000
615     -1744162.125000
616     -1744599.875000
617     -1745036.500000
618     -1745467.125000
619     -1745896.375000
620     -1746320.750000
621     -1746741.500000
622     -1747155.500000
623     -1747569.500000
624     -1747974.500000
625     -1748379.250000
626     -1748778.000000
627     -1749174.500000
628     -1749569.000000
629     -1749954.750000
630     -1750339.500000
631     -1750719.000000
632     -1751101.000000
633     -1751474.125000
634     -1751842.750000
635     -1752208.375000
636     -1752574.000000
637     -1752931.375000
638     -1753289.750000
639     -1753642.750000
640     -1753990.750000
641     -1754338.000000
642     -1754681.125000
643     -1755021.250000
644     -1755353.500000
645     -1755689.125000
646     -1756016.250000
647     -1756343.125000
648     -1756667.625000
649     -1756986.875000
650     -1757306.125000
651     -1757618.250000
652     -1757928.625000
653     -1758239.125000
654     -1758544.750000
655     -1758847.375000
656     -1759146.750000
657     -1759446.000000
658     -1759743.375000
659     -1760035.375000
660     -1760324.500000
661     -1760612.750000
662     -1760898.250000
663     -1761181.875000
664     -1761459.750000
665     -1761739.250000
666     -1762015.750000
667     -1762288.000000
668     -1762559.750000
669     -1762830.125000
670     -1763094.750000
671     -1763360.750000
672     -1763621.125000
673     -1763882.750000
674     -1764140.250000
675     -1764396.250000
676     -1764649.750000
677     -1764901.125000
678     -1765152.000000
679     -1765399.875000
680     -1765645.750000
681     -1765887.875000
682     -1766129.250000
683     -1766369.625000
684     -1766607.500000
685     -1766842.000000
686     -1767079.000000
687     -1767308.625000
688     -1767539.125000
689     -1767766.000000
690     -1767993.500000
691     -1768217.500000
692     -1768441.250000
693     -1768660.750000
694     -1768879.750000
695     -1769097.250000
696     -1769311.500000
697     -1769525.750000
698     -1769737.125000
699     -1769947.500000
700     -1770155.500000
701     -1770363.500000
702     -1770568.750000
703     -1770771.250000
704     -1770974.750000
705     -1771176.375000
706     -1771375.000000
707     -1771569.625000
708     -1771766.750000
709     -1771960.250000
710     -1772155.750000
711     -1772346.500000
712     -1772534.250000
713     -1772724.125000
714     -1772909.250000
715     -1773094.750000
716     -1773279.250000
717     -1773461.500000
718     -1773642.500000
719     -1773819.750000
720     -1774000.250000
721     -1774176.250000
722     -1774351.500000
723     -1774525.625000
724     -1774699.250000
725     -1774871.750000
726     -1775043.375000
727     -1775213.500000
728     -1775382.625000
729     -1775550.500000
730     -1775717.000000
731     -1775882.750000
732     -1776047.500000
733     -1776210.500000
734     -1776373.250000
735     -1776533.750000
736     -1776694.750000
737     -1776852.000000
738     -1777010.250000
739     -1777166.000000
740     -1777321.875000
741     -1777475.500000
742     -1777629.500000
743     -1777780.250000
744     -1777931.500000
745     -1778082.000000
746     -1778230.375000
747     -1778377.250000
748     -1778525.125000
749     -1778671.000000
750     -1778814.625000
751     -1778958.000000
752     -1779100.500000
753     -1779241.250000
754     -1779382.125000
755     -1779520.250000
756     -1779659.875000
757     -1779794.250000
758     -1779931.875000
759     -1780066.000000
760     -1780200.875000
761     -1780335.000000
762     -1780466.250000
763     -1780598.750000
764     -1780730.250000
765     -1780859.250000
766     -1780990.625000
767     -1781118.250000
768     -1781245.375000
769     -1781372.250000
770     -1781498.750000
771     -1781624.000000
772     -1781747.875000
773     -1781872.500000
774     -1781996.250000
775     -1782118.500000
776     -1782240.125000
777     -1782360.750000
778     -1782481.125000
779     -1782600.000000
780     -1782718.625000
781     -1782837.375000
782     -1782954.000000
783     -1783070.125000
784     -1783185.875000
785     -1783302.750000
786     -1783416.500000
787     -1783531.250000
788     -1783645.500000
789     -1783757.750000
790     -1783870.375000
791     -1783980.750000
792     -1784093.500000
793     -1784202.750000
794     -1784313.625000
795     -1784422.500000
796     -1784529.750000
797     -1784638.750000
798     -1784744.500000
799     -1784851.500000
800     -1784956.625000
801     -1785061.250000
802     -1785166.250000
803     -1785271.625000
804     -1785374.500000
805     -1785477.250000
806     -1785580.250000
807     -1785682.000000
808     -1785785.000000
809     -1785886.000000
810     -1785985.500000
811     -1786087.000000
812     -1786186.625000
813     -1786286.375000
814     -1786386.000000
815     -1786483.500000
816     -1786581.250000
817     -1786679.250000
818     -1786776.000000
819     -1786872.500000
820     -1786968.000000
821     -1787064.250000
822     -1787160.625000
823     -1787254.125000
824     -1787348.875000
825     -1787442.750000
826     -1787536.500000
827     -1787628.375000
828     -1787720.625000
829     -1787814.250000
830     -1787905.750000
831     -1787996.250000
832     -1788087.375000
833     -1788179.500000
834     -1788268.625000
835     -1788358.500000
836     -1788446.000000
837     -1788534.250000
838     -1788623.000000
839     -1788710.500000
840     -1788798.250000
841     -1788884.000000
842     -1788971.250000
843     -1789057.375000
844     -1789143.000000
845     -1789229.000000
846     -1789311.875000
847     -1789398.125000
848     -1789481.250000
849     -1789565.500000
850     -1789647.625000
851     -1789730.500000
852     -1789813.500000
853     -1789896.625000
854     -1789977.625000
855     -1790059.250000
856     -1790140.125000
857     -1790220.625000
858     -1790300.875000
859     -1790380.125000
860     -1790459.250000
861     -1790539.500000
862     -1790617.500000
863     -1790696.625000
864     -1790775.000000
865     -1790851.375000
866     -1790930.125000
867     -1791006.625000
868     -1791082.750000
869     -1791159.875000
870     -1791235.375000
871     -1791310.625000
872     -1791386.000000
873     -1791462.875000
874     -1791536.750000
875     -1791612.375000
876     -1791685.875000
877     -1791761.500000
878     -1791834.750000
879     -1791907.125000
880     -1791980.500000
881     -1792052.500000
882     -1792125.250000
883     -1792198.375000
884     -1792269.750000
885     -1792340.750000
886     -1792412.625000
887     -1792483.750000
888     -1792553.250000
889     -1792624.250000
890     -1792693.000000
891     -1792763.000000
892     -1792832.875000
893     -1792901.375000
894     -1792969.500000
895     -1793037.500000
896     -1793106.500000
897     -1793174.125000
898     -1793242.625000
899     -1793310.000000
900     -1793376.250000
901     -1793443.250000
902     -1793509.125000
903     -1793576.750000
904     -1793643.000000
905     -1793708.500000
906     -1793774.125000
907     -1793840.250000
908     -1793904.500000
909     -1793969.500000
910     -1794034.125000
911     -1794099.750000
912     -1794163.250000
913     -1794226.875000
914     -1794291.375000
915     -1794355.125000
916     -1794417.750000
917     -1794481.250000
918     -1794544.500000
919     -1794606.000000
920     -1794669.250000
921     -1794731.750000
922     -1794793.875000
923     -1794855.250000
924     -1794915.625000
925     -1794977.500000
926     -1795039.000000
927     -1795099.250000
928     -1795159.750000
929     -1795220.250000
930     -1795280.000000
931     -1795339.875000
932     -1795400.375000
933     -1795459.250000
934     -1795518.875000
935     -1795578.500000
936     -1795637.000000
937     -1795695.250000
938     -1795754.250000
939     -1795813.000000
940     -1795870.000000
941     -1795928.250000
942     -1795987.375000
943     -1796044.750000
944     -1796101.750000
945     -1796158.750000
946     -1796215.750000
947     -1796272.250000
948     -1796330.000000
949     -1796386.375000
950     -1796442.500000
951     -1796498.750000
952     -1796554.625000
953     -1796610.875000
954     -1796666.500000
955     -1796722.000000
956     -1796777.250000
957     -1796831.625000
958     -1796888.250000
959     -1796943.500000
960     -1796997.875000
961     -1797052.000000
962     -1797105.875000
963     -1797161.250000
964     -1797215.750000
965     -1797269.500000
966     -1797322.875000
967     -1797377.000000
968     -1797430.500000
969     -1797483.625000
970     -1797537.000000
971     -1797590.625000
972     -1797643.000000
973     -1797695.250000
974     -1797747.375000
975     -1797800.250000
976     -1797852.250000
977     -1797904.000000
978     -1797956.000000
979     -1798007.625000
980     -1798058.500000
981     -1798109.750000
982     -1798161.000000
983     -1798211.500000
984     -1798262.000000
985     -1798312.750000
986     -1798363.750000
987     -1798413.625000
988     -1798463.250000
989     -1798513.000000
990     -1798563.500000
991     -1798613.500000
992     -1798663.250000
993     -1798712.250000
994     -1798761.625000
995     -1798811.250000
996     -1798860.375000
997     -1798909.250000
998     -1798957.875000
999     -1799005.750000
1000    -1799055.875000
1001    -1799103.750000
1002    -1799152.000000
1003    -1799200.375000
1004    -1799248.500000
1005    -1799296.250000
1006    -1799343.500000
1007    -1799390.750000
1008    -1799439.500000
1009    -1799486.250000
1010    -1799533.000000
1011    -1799580.000000
1012    -1799626.625000
1013    -1799674.000000
1014    -1799720.375000
1015    -1799767.250000
1016    -1799814.125000
1017    -1799860.000000
1018    -1799906.250000
1019    -1799953.250000
1020    -1799998.500000
1021    -1800044.875000
1022    -1800091.500000
1023    -1800137.250000
1024    -1800183.125000
1025    -1800228.750000
1026    -1800272.750000
1027    -1800318.625000
1028    -1800363.500000
1029    -1800408.500000
1030    -1800454.125000
1031    -1800498.750000
1032    -1800543.250000
1033    -1800587.750000
1034    -1800632.500000
1035    -1800677.250000
1036    -1800720.875000
1037    -1800764.875000
1038    -1800809.375000
1039    -1800852.250000
1040    -1800896.250000
1041    -1800939.500000
1042    -1800982.625000
1043    -1801025.750000
1044    -1801069.250000
1045    -1801112.500000
1046    -1801156.000000
1047    -1801197.625000
1048    -1801241.000000
1049    -1801283.375000
1050    -1801327.000000
1051    -1801369.500000
1052    -1801411.250000
1053    -1801454.000000
1054    -1801495.875000
1055    -1801537.000000
1056    -1801580.000000
1057    -1801621.250000
1058    -1801663.750000
1059    -1801705.625000
1060    -1801746.750000
1061    -1801787.500000
1062    -1801829.000000
1063    -1801870.500000
1064    -1801911.500000
1065    -1801952.000000
1066    -1801993.375000
1067    -1802034.250000
1068    -1802073.875000
1069    -1802115.125000
1070    -1802154.750000
1071    -1802195.750000
1072    -1802236.250000
1073    -1802276.000000
1074    -1802316.250000
1075    -1802356.000000
1076    -1802395.250000
1077    -1802435.125000
1078    -1802474.250000
1079    -1802514.000000
1080    -1802553.250000
1081    -1802592.250000
1082    -1802631.750000
1083    -1802670.750000
1084    -1802709.500000
1085    -1802748.125000
1086    -1802787.500000
1087    -1802825.000000
1088    -1802864.125000
1089    -1802902.750000
1090    -1802941.000000
1091    -1802979.250000
1092    -1803017.250000
1093    -1803055.375000
1094    -1803092.250000
1095    -1803130.500000
1096    -1803168.000000
1097    -1803205.500000
1098    -1803243.250000
1099    -1803280.375000
1100    -1803317.500000
1101    -1803354.500000
1102    -1803392.000000
1103    -1803428.000000
1104    -1803466.125000
1105    -1803502.500000
1106    -1803539.250000
1107    -1803576.250000
1108    -1803612.000000
1109    -1803648.000000
1110    -1803684.375000
1111    -1803720.375000
1112    -1803756.500000
1113    -1803793.000000
1114    -1803828.000000
1115    -1803863.750000
1116    -1803899.250000
1117    -1803935.375000
1118    -1803971.125000
1119    -1804006.250000
1120    -1804041.250000
1121    -1804076.250000
1122    -1804112.125000
1123    -1804147.000000
1124    -1804181.500000
1125    -1804217.500000
1126    -1804252.000000
1127    -1804286.750000
1128    -1804320.375000
1129    -1804355.250000
1130    -1804389.250000
1131    -1804424.000000
1132    -1804458.250000
1133    -1804492.125000
1134    -1804526.250000
1135    -1804559.500000
1136    -1804593.750000
1137    -1804628.500000
1138    -1804661.250000
1139    -1804694.625000
1140    -1804727.250000
1141    -1804761.250000
1142    -1804794.500000
1143    -1804826.750000
1144    -1804859.750000
1145    -1804892.750000
1146    -1804925.500000
1147    -1804958.250000
1148    -1804990.750000
1149    -1805023.625000
1150    -1805056.250000
1151    -1805087.750000
1152    -1805120.500000
1153    -1805151.750000
1154    -1805183.125000
1155    -1805215.125000
1156    -1805247.250000
1157    -1805278.250000
1158    -1805309.750000
1159    -1805340.750000
1160    -1805372.250000
1161    -1805403.250000
1162    -1805433.000000
1163    -1805465.000000
1164    -1805495.125000
1165    -1805525.625000
1166    -1805556.750000
1167    -1805586.625000
1168    -1805617.250000
1169    -1805647.375000
1170    -1805677.500000
1171    -1805707.000000
1172    -1805737.250000
1173    -1805767.125000
1174    -1805796.500000
1175    -1805826.500000
1176    -1805856.000000
1177    -1805886.250000
1178    -1805915.250000
1179    -1805944.625000
1180    -1805973.250000
1181    -1806002.375000
1182    -1806031.750000
1183    -1806061.500000
1184    -1806089.125000
1185    -1806118.500000
1186    -1806146.250000
1187    -1806175.750000
1188    -1806203.750000
1189    -1806232.750000
1190    -1806261.000000
1191    -1806289.875000
1192    -1806317.625000
1193    -1806346.500000
1194    -1806374.500000
1195    -1806402.000000
1196    -1806430.625000
1197    -1806458.125000
1198    -1806485.750000
1199    -1806512.875000
1200    -1806540.500000
1201    -1806568.500000
1202    -1806596.000000
1203    -1806623.875000
1204    -1806650.750000
1205    -1806678.375000
1206    -1806705.250000
1207    -1806731.875000
1208    -1806759.250000
1209    -1806786.500000
1210    -1806813.250000
1211    -1806840.000000
1212    -1806866.500000
1213    -1806893.125000
1214    -1806920.000000
1215    -1806946.375000
1216    -1806972.500000
1217    -1806998.875000
1218    -1807025.125000
1219    -1807051.750000
1220    -1807078.250000
1221    -1807103.750000
1222    -1807129.125000
1223    -1807155.625000
1224    -1807181.750000
1225    -1807207.250000
1226    -1807232.750000
1227    -1807258.250000
1228    -1807284.750000
1229    -1807309.500000
1230    -1807334.750000
1231    -1807360.250000
1232    -1807385.750000
1233    -1807411.125000
1234    -1807436.000000
1235    -1807460.750000
1236    -1807485.500000
1237    -1807511.125000
1238    -1807535.500000
1239    -1807559.875000
1240    -1807585.125000
1241    -1807609.250000
1242    -1807633.250000
1243    -1807657.250000
1244    -1807681.500000
1245    -1807706.750000
1246    -1807730.000000
1247    -1807754.500000
1248    -1807777.875000
1249    -1807802.250000
1250    -1807826.500000
1251    -1807850.875000
1252    -1807874.500000
1253    -1807897.625000
1254    -1807921.125000
1255    -1807944.250000
1256    -1807968.750000
1257    -1807991.750000
1258    -1808015.000000
1259    -1808038.875000
1260    -1808061.750000
1261    -1808084.750000
1262    -1808107.250000
1263    -1808130.875000
1264    -1808153.875000
1265    -1808176.750000
1266    -1808199.250000
1267    -1808221.750000
1268    -1808244.500000
1269    -1808267.500000
1270    -1808289.750000
1271    -1808312.000000
1272    -1808334.250000
1273    -1808357.125000
1274    -1808379.000000
1275    -1808400.875000
1276    -1808422.500000
1277    -1808445.000000
1278    -1808466.875000
1279    -1808488.500000
1280    -1808510.875000
1281    -1808532.500000
1282    -1808554.000000
1283    -1808576.000000
1284    -1808597.500000
1285    -1808619.000000
1286    -1808640.625000
1287    -1808662.000000
1288    -1808683.750000
1289    -1808704.000000
1290    -1808726.000000
1291    -1808747.750000
1292    -1808768.500000
1293    -1808789.250000
1294    -1808810.750000
1295    -1808831.375000
1296    -1808853.000000
1297    -1808873.375000
1298    -1808894.750000
1299    -1808915.750000
1300    -1808936.500000
1301    -1808956.875000
1302    -1808977.625000
1303    -1808998.125000
1304    -1809018.875000
1305    -1809039.750000
1306    -1809060.250000
1307    -1809081.000000
1308    -1809101.125000
1309    -1809121.500000
1310    -1809141.875000
1311    -1809162.500000
1312    -1809182.625000
1313    -1809203.250000
1314    -1809222.750000
1315    -1809242.750000
1316    -1809263.250000
1317    -1809283.250000
1318    -1809302.375000
1319    -1809322.875000
1320    -1809342.875000
1321    -1809362.750000
1322    -1809382.750000
1323    -1809403.250000
1324    -1809422.000000
1325    -1809441.375000
1326    -1809461.500000
1327    -1809481.375000
1328    -1809501.500000
1329    -1809520.250000
1330    -1809540.500000
1331    -1809560.250000
1332    -1809579.500000
1333    -1809598.500000
1334    -1809618.000000
1335    -1809637.750000
1336    -1809657.500000
1337    -1809675.875000
1338    -1809694.625000
1339    -1809714.750000
1340    -1809733.500000
1341    -1809752.625000
1342    -1809771.500000
1343    -1809790.750000
1344    -1809809.875000
1345    -1809828.500000
1346    -1809847.750000
1347    -1809866.250000
1348    -1809885.750000
1349    -1809905.000000
1350    -1809923.375000
1351    -1809942.500000
1352    -1809961.125000
1353    -1809979.500000
1354    -1809998.000000
1355    -1810016.750000
1356    -1810035.250000
1357    -1810053.500000
1358    -1810072.750000
1359    -1810090.500000
1360    -1810109.750000
1361    -1810127.250000
1362    -1810146.500000
1363    -1810165.000000
1364    -1810183.250000
1365    -1810201.500000
1366    -1810219.875000
1367    -1810237.500000
1368    -1810256.250000
1369    -1810274.000000
1370    -1810292.250000
1371    -1810310.500000
1372    -1810328.125000
1373    -1810346.500000
1374    -1810364.750000
1375    -1810382.375000
1376    -1810400.625000
1377    -1810418.500000
1378    -1810436.250000
1379    -1810454.500000
1380    -1810472.875000
1381    -1810490.625000
1382    -1810507.500000
1383    -1810526.250000
1384    -1810544.750000
1385    -1810561.875000
1386    -1810580.000000
1387    -1810598.000000
1388    -1810615.250000
1389    -1810633.500000
1390    -1810651.250000
1391    -1810669.000000
1392    -1810686.750000
1393    -1810704.375000
1394    -1810722.000000
1395    -1810739.250000
1396    -1810757.750000
1397    -1810775.125000
1398    -1810792.250000
1399    -1810810.625000
1400    -1810828.250000
1401    -1810846.000000
1402    -1810862.500000
1403    -1810880.500000
1404    -1810898.125000
1405    -1810914.500000
1406    -1810932.500000
1407    -1810949.250000
1408    -1810967.625000
1409    -1810985.375000
1410    -1811001.500000
1411    -1811019.500000
1412    -1811037.000000
1413    -1811054.375000
1414    -1811070.250000
1415    -1811088.250000
1416    -1811105.125000
1417    -1811122.750000
1418    -1811139.625000
1419    -1811156.500000
1420    -1811173.750000
1421    -1811190.375000
1422    -1811208.000000
1423    -1811224.750000
1424    -1811241.625000
1425    -1811258.625000
1426    -1811275.250000
1427    -1811291.875000
1428    -1811308.750000
1429    -1811326.000000
1430    -1811342.375000
1431    -1811359.000000
1432    -1811376.125000
1433    -1811392.125000
1434    -1811409.250000
1435    -1811426.250000
1436    -1811442.500000
1437    -1811459.250000
1438    -1811475.500000
1439    -1811492.500000
1440    -1811508.625000
1441    -1811526.250000
1442    -1811542.750000
1443    -1811559.500000
1444    -1811575.250000
1445    -1811591.750000
