Step            Loss
--------------------
1        -198.148743
2       -3598.325195
3       -7002.408203
4       -10407.696289
5       -13805.937500
6       -17210.246094
7       -20615.960938
8       -24022.843750
9       -27425.343750
10      -30831.160156
11      -34234.734375
12      -37643.296875
13      -41047.554688
14      -44455.851562
15      -47863.546875
16      -51274.140625
17      -54687.003906
18      -58095.355469
19      -61511.734375
20      -64921.445312
21      -68340.320312
22      -71754.234375
23      -75175.875000
24      -78596.468750
25      -82023.109375
26      -85448.734375
27      -88873.664062
28      -92306.585938
29      -95738.906250
30      -99178.500000
31      -102614.718750
32      -106056.937500
33      -109502.710938
34      -112950.835938
35      -116404.812500
36      -119856.984375
37      -123316.796875
38      -126782.281250
39      -130247.257812
40      -133722.531250
41      -137197.015625
42      -140676.968750
43      -144161.093750
44      -147655.265625
45      -151144.687500
46      -154645.234375
47      -158147.500000
48      -161659.468750
49      -165169.156250
50      -168693.656250
51      -172219.328125
52      -175749.796875
53      -179287.125000
54      -182826.718750
55      -186377.390625
56      -189928.296875
57      -193490.421875
58      -197058.500000
59      -200627.671875
60      -204210.062500
61      -207798.343750
62      -211387.125000
63      -214984.406250
64      -218590.343750
65      -222202.328125
66      -225820.359375
67      -229449.562500
68      -233078.718750
69      -236719.031250
70      -240367.062500
71      -244025.781250
72      -247685.593750
73      -251352.406250
74      -255029.125000
75      -258712.640625
76      -262404.250000
77      -266104.031250
78      -269811.562500
79      -273525.531250
80      -277240.968750
81      -280972.531250
82      -284711.000000
83      -288454.750000
84      -292210.375000
85      -295969.187500
86      -299736.812500
87      -303511.093750
88      -307293.562500
89      -311086.406250
90      -314885.875000
91      -318691.250000
92      -322505.500000
93      -326326.250000
94      -330157.625000
95      -333995.250000
96      -337843.062500
97      -341701.062500
98      -345557.375000
99      -349430.437500
100     -353304.750000
101     -357194.593750
102     -361089.656250
103     -364989.156250
104     -368896.250000
105     -372815.125000
106     -376735.562500
107     -380671.125000
108     -384612.156250
109     -388556.312500
110     -392510.562500
111     -396474.437500
112     -400444.531250
113     -404418.625000
114     -408408.906250
115     -412395.937500
116     -416402.500000
117     -420409.687500
118     -424420.593750
119     -428442.468750
120     -432472.250000
121     -436507.375000
122     -440549.750000
123     -444600.312500
124     -448652.781250
125     -452720.218750
126     -456791.250000
127     -460867.281250
128     -464950.187500
129     -469044.187500
130     -473138.031250
131     -477242.343750
132     -481352.562500
133     -485467.312500
134     -489587.000000
135     -493710.812500
136     -497847.937500
137     -501989.406250
138     -506133.843750
139     -510284.031250
140     -514440.500000
141     -518603.125000
142     -522778.250000
143     -526949.937500
144     -531123.375000
145     -535307.937500
146     -539498.000000
147     -543687.750000
148     -547886.687500
149     -552092.625000
150     -556301.062500
151     -560510.562500
152     -564730.500000
153     -568948.750000
154     -573175.375000
155     -577409.312500
156     -581639.500000
157     -585880.187500
158     -590120.500000
159     -594369.625000
160     -598621.875000
161     -602865.250000
162     -607125.250000
163     -611382.750000
164     -615647.187500
165     -619907.000000
166     -624178.875000
167     -628455.000000
168     -632723.250000
169     -636998.000000
170     -641278.062500
171     -645560.375000
172     -649846.875000
173     -654124.375000
174     -658413.125000
175     -662699.812500
176     -666995.500000
177     -671287.250000
178     -675576.937500
179     -679875.500000
180     -684167.937500
181     -688464.750000
182     -692765.562500
183     -697062.625000
184     -701358.625000
185     -705660.187500
186     -709965.312500
187     -714263.875000
188     -718564.125000
189     -722861.437500
190     -727161.625000
191     -731465.187500
192     -735759.125000
193     -740063.125000
194     -744357.687500
195     -748656.875000
196     -752952.375000
197     -757250.250000
198     -761543.750000
199     -765836.750000
200     -770127.562500
201     -774423.250000
202     -778705.000000
203     -782991.937500
204     -787277.250000
205     -791555.562500
206     -795838.812500
207     -800115.875000
208     -804392.312500
209     -808664.375000
210     -812936.000000
211     -817203.875000
212     -821464.250000
213     -825729.000000
214     -829987.187500
215     -834240.000000
216     -838492.000000
217     -842743.625000
218     -846988.437500
219     -851225.250000
220     -855467.750000
221     -859697.875000
222     -863925.875000
223     -868147.750000
224     -872366.687500
225     -876584.875000
226     -880805.875000
227     -885002.250000
228     -889205.375000
229     -893403.187500
230     -897596.875000
231     -901779.250000
232     -905963.625000
233     -910140.250000
234     -914306.750000
235     -918475.625000
236     -922635.625000
237     -926789.125000
238     -930929.875000
239     -935076.250000
240     -939213.375000
241     -943346.000000
242     -947455.000000
243     -951577.375000
244     -955689.125000
245     -959792.875000
246     -963886.750000
247     -967974.000000
248     -972058.312500
249     -976130.625000
250     -980199.875000
251     -984256.625000
252     -988306.500000
253     -992348.687500
254     -996387.812500
255     -1000419.250000
256     -1004433.250000
257     -1008448.625000
258     -1012455.125000
259     -1016447.750000
260     -1020435.875000
261     -1024422.750000
262     -1028384.625000
263     -1032349.625000
264     -1036305.812500
265     -1040258.500000
266     -1044188.625000
267     -1048121.625000
268     -1052043.875000
269     -1055949.000000
270     -1059854.250000
271     -1063741.750000
272     -1067628.750000
273     -1071502.500000
274     -1075364.625000
275     -1079222.625000
276     -1083070.875000
277     -1086905.250000
278     -1090734.000000
279     -1094553.000000
280     -1098357.625000
281     -1102154.750000
282     -1105944.750000
283     -1109715.500000
284     -1113481.875000
285     -1117240.625000
286     -1120990.000000
287     -1124719.125000
288     -1128445.000000
289     -1132163.625000
290     -1135870.500000
291     -1139558.500000
292     -1143247.750000
293     -1146915.500000
294     -1150576.500000
295     -1154227.625000
296     -1157870.500000
297     -1161492.750000
298     -1165113.000000
299     -1168721.875000
300     -1172321.750000
301     -1175911.625000
302     -1179485.000000
303     -1183047.125000
304     -1186608.500000
305     -1190138.750000
306     -1193672.125000
307     -1197189.500000
308     -1200699.500000
309     -1204196.125000
310     -1207684.000000
311     -1211151.750000
312     -1214615.250000
313     -1218064.500000
314     -1221502.500000
315     -1224929.000000
316     -1228346.500000
317     -1231749.750000
318     -1235143.500000
319     -1238523.250000
320     -1241892.500000
321     -1245247.500000
322     -1248594.875000
323     -1251934.750000
324     -1255258.000000
325     -1258563.000000
326     -1261860.000000
327     -1265150.000000
328     -1268421.500000
329     -1271684.500000
330     -1274933.000000
331     -1278174.250000
332     -1281397.500000
333     -1284612.500000
334     -1287809.750000
335     -1290993.750000
336     -1294173.750000
337     -1297336.625000
338     -1300482.250000
339     -1303626.500000
340     -1306745.500000
341     -1309863.000000
342     -1312958.250000
343     -1316050.250000
344     -1319123.625000
345     -1322183.250000
346     -1325230.250000
347     -1328267.250000
348     -1331290.500000
349     -1334304.125000
350     -1337304.250000
351     -1340288.250000
352     -1343263.500000
353     -1346230.500000
354     -1349170.500000
355     -1352110.000000
356     -1355038.500000
357     -1357948.750000
358     -1360845.500000
359     -1363731.500000
360     -1366610.000000
361     -1369471.750000
362     -1372314.375000
363     -1375157.125000
364     -1377978.750000
365     -1380779.500000
366     -1383574.000000
367     -1386359.000000
368     -1389131.500000
369     -1391887.500000
370     -1394633.000000
371     -1397370.375000
372     -1400091.250000
373     -1402791.750000
374     -1405490.500000
375     -1408172.000000
376     -1410832.875000
377     -1413499.125000
378     -1416138.250000
379     -1418770.500000
380     -1421394.375000
381     -1423999.375000
382     -1426585.125000
383     -1429169.000000
384     -1431732.750000
385     -1434285.125000
386     -1436824.625000
387     -1439356.500000
388     -1441869.875000
389     -1444378.000000
390     -1446857.750000
391     -1449333.500000
392     -1451798.000000
393     -1454248.250000
394     -1456679.250000
395     -1459100.625000
396     -1461513.750000
397     -1463912.125000
398     -1466295.250000
399     -1468665.500000
400     -1471025.250000
401     -1473373.250000
402     -1475710.000000
403     -1478028.250000
404     -1480339.500000
405     -1482635.000000
406     -1484920.750000
407     -1487189.125000
408     -1489446.750000
409     -1491691.750000
410     -1493923.625000
411     -1496135.375000
412     -1498349.500000
413     -1500540.000000
414     -1502726.000000
415     -1504892.250000
416     -1507050.250000
417     -1509189.750000
418     -1511327.000000
419     -1513449.250000
420     -1515553.375000
421     -1517650.375000
422     -1519732.500000
423     -1521807.625000
424     -1523860.500000
425     -1525902.500000
426     -1527941.500000
427     -1529962.125000
428     -1531962.250000
429     -1533960.375000
430     -1535943.375000
431     -1537914.750000
432     -1539869.750000
433     -1541817.500000
434     -1543758.000000
435     -1545676.000000
436     -1547586.750000
437     -1549488.750000
438     -1551374.375000
439     -1553249.750000
440     -1555112.500000
441     -1556969.750000
442     -1558803.875000
443     -1560639.000000
444     -1562457.000000
445     -1564261.125000
446     -1566060.250000
447     -1567837.625000
448     -1569608.875000
449     -1571370.000000
450     -1573119.250000
451     -1574854.625000
452     -1576573.500000
453     -1578291.000000
454     -1579993.750000
455     -1581682.750000
456     -1583362.500000
457     -1585023.250000
458     -1586681.250000
459     -1588319.125000
460     -1589951.500000
461     -1591571.625000
462     -1593185.750000
463     -1594789.250000
464     -1596378.250000
465     -1597961.375000
466     -1599523.375000
467     -1601078.250000
468     -1602628.250000
469     -1604166.000000
470     -1605690.625000
471     -1607209.125000
472     -1608716.500000
473     -1610207.500000
474     -1611692.125000
475     -1613172.875000
476     -1614635.875000
477     -1616087.375000
478     -1617536.500000
479     -1618970.125000
480     -1620395.000000
481     -1621810.000000
482     -1623219.000000
483     -1624611.500000
484     -1625999.625000
485     -1627371.750000
486     -1628735.625000
487     -1630091.000000
488     -1631432.500000
489     -1632767.250000
490     -1634094.625000
491     -1635412.625000
492     -1636719.125000
493     -1638015.500000
494     -1639300.750000
495     -1640577.875000
496     -1641847.250000
497     -1643103.375000
498     -1644352.250000
499     -1645590.500000
500     -1646820.000000
501     -1648047.500000
502     -1649252.750000
503     -1650460.750000
504     -1651654.000000
505     -1652834.750000
506     -1654014.625000
507     -1655179.500000
508     -1656333.250000
509     -1657481.250000
510     -1658624.500000
511     -1659751.000000
512     -1660865.500000
513     -1661983.000000
514     -1663082.500000
515     -1664170.000000
516     -1665255.000000
517     -1666330.750000
518     -1667395.500000
519     -1668459.125000
520     -1669505.500000
521     -1670540.500000
522     -1671581.125000
523     -1672600.500000
524     -1673618.000000
525     -1674623.875000
526     -1675621.750000
527     -1676608.750000
528     -1677591.250000
529     -1678560.750000
530     -1679522.625000
531     -1680479.500000
532     -1681432.500000
533     -1682369.625000
534     -1683305.250000
535     -1684232.250000
536     -1685148.250000
537     -1686055.750000
538     -1686958.500000
539     -1687858.125000
540     -1688742.250000
541     -1689618.500000
542     -1690491.250000
543     -1691351.250000
544     -1692204.750000
545     -1693054.250000
546     -1693892.250000
547     -1694729.000000
548     -1695551.500000
549     -1696369.750000
550     -1697182.500000
551     -1697987.500000
552     -1698780.750000
553     -1699573.750000
554     -1700354.000000
555     -1701125.625000
556     -1701898.000000
557     -1702660.000000
558     -1703413.125000
559     -1704159.750000
560     -1704905.500000
561     -1705645.500000
562     -1706371.375000
563     -1707095.500000
564     -1707810.000000
565     -1708522.375000
566     -1709225.750000
567     -1709920.250000
568     -1710611.250000
569     -1711294.875000
570     -1711974.625000
571     -1712643.750000
572     -1713312.125000
573     -1713969.625000
574     -1714622.625000
575     -1715276.500000
576     -1715918.750000
577     -1716554.375000
578     -1717186.500000
579     -1717813.000000
580     -1718431.750000
581     -1719047.125000
582     -1719656.250000
583     -1720261.875000
584     -1720857.125000
585     -1721450.250000
586     -1722038.250000
587     -1722623.000000
588     -1723197.250000
589     -1723768.500000
590     -1724335.250000
591     -1724890.750000
592     -1725444.500000
593     -1725994.375000
594     -1726537.375000
595     -1727072.000000
596     -1727606.750000
597     -1728135.000000
598     -1728661.875000
599     -1729180.625000
600     -1729692.250000
601     -1730203.125000
602     -1730703.000000
603     -1731204.500000
604     -1731697.375000
605     -1732189.000000
606     -1732670.750000
607     -1733153.500000
608     -1733628.000000
609     -1734099.875000
610     -1734568.250000
611     -1735031.250000
612     -1735490.500000
613     -1735948.750000
614     -1736403.625000
615     -1736845.750000
616     -1737289.750000
617     -1737732.750000
618     -1738162.750000
619     -1738595.000000
620     -1739022.375000
621     -1739448.250000
622     -1739870.125000
623     -1740288.000000
624     -1740697.750000
625     -1741108.625000
626     -1741515.000000
627     -1741914.750000
628     -1742313.000000
629     -1742705.000000
630     -1743102.000000
631     -1743487.000000
632     -1743872.000000
633     -1744254.000000
634     -1744633.500000
635     -1745008.750000
636     -1745382.500000
637     -1745752.250000
638     -1746117.750000
639     -1746482.500000
640     -1746842.750000
641     -1747200.500000
642     -1747553.625000
643     -1747906.000000
644     -1748252.000000
645     -1748594.750000
646     -1748937.750000
647     -1749275.000000
648     -1749612.000000
649     -1749942.500000
650     -1750274.500000
651     -1750601.250000
652     -1750924.875000
653     -1751248.250000
654     -1751566.750000
655     -1751881.250000
656     -1752196.000000
657     -1752505.750000
658     -1752816.375000
659     -1753119.500000
660     -1753423.750000
661     -1753723.750000
662     -1754020.125000
663     -1754312.375000
664     -1754603.500000
665     -1754893.000000
666     -1755178.750000
667     -1755463.875000
668     -1755744.875000
669     -1756025.750000
670     -1756299.500000
671     -1756576.375000
672     -1756846.750000
673     -1757116.375000
674     -1757385.000000
675     -1757650.500000
676     -1757910.750000
677     -1758171.250000
678     -1758429.375000
679     -1758684.750000
680     -1758941.000000
681     -1759190.500000
682     -1759441.125000
683     -1759687.750000
684     -1759932.000000
685     -1760175.625000
686     -1760416.500000
687     -1760655.625000
688     -1760892.750000
689     -1761128.250000
690     -1761362.750000
691     -1761596.750000
692     -1761827.625000
693     -1762054.750000
694     -1762281.500000
695     -1762506.375000
696     -1762731.000000
697     -1762951.500000
698     -1763170.625000
699     -1763389.500000
700     -1763605.625000
701     -1763820.000000
702     -1764033.750000
703     -1764244.250000
704     -1764453.250000
705     -1764661.250000
706     -1764868.000000
707     -1765072.000000
708     -1765274.750000
709     -1765477.250000
710     -1765675.625000
711     -1765877.000000
712     -1766072.875000
713     -1766269.375000
714     -1766462.500000
715     -1766656.250000
716     -1766848.625000
717     -1767039.875000
718     -1767227.750000
719     -1767416.000000
720     -1767602.500000
721     -1767788.000000
722     -1767972.375000
723     -1768154.375000
724     -1768335.000000
725     -1768514.750000
726     -1768693.125000
727     -1768867.500000
728     -1769044.375000
729     -1769218.500000
730     -1769392.750000
731     -1769563.750000
732     -1769733.750000
733     -1769904.000000
734     -1770073.000000
735     -1770240.000000
736     -1770405.500000
737     -1770571.250000
738     -1770735.000000
739     -1770897.500000
740     -1771058.000000
741     -1771219.000000
742     -1771378.250000
743     -1771536.625000
744     -1771693.875000
745     -1771849.000000
746     -1772006.375000
747     -1772158.750000
748     -1772312.750000
749     -1772462.750000
750     -1772613.625000
751     -1772763.000000
752     -1772912.750000
753     -1773059.500000
754     -1773207.000000
755     -1773352.750000
756     -1773498.000000
757     -1773640.875000
758     -1773785.250000
759     -1773927.250000
760     -1774068.625000
761     -1774208.000000
762     -1774347.625000
763     -1774485.625000
764     -1774624.375000
765     -1774760.250000
766     -1774897.750000
767     -1775032.500000
768     -1775168.375000
769     -1775299.750000
770     -1775433.500000
771     -1775564.750000
772     -1775695.125000
773     -1775825.500000
774     -1775954.375000
775     -1776083.250000
776     -1776210.750000
777     -1776339.000000
778     -1776464.750000
779     -1776590.500000
780     -1776714.750000
781     -1776838.875000
782     -1776961.875000
783     -1777084.750000
784     -1777205.750000
785     -1777326.750000
786     -1777447.250000
787     -1777567.250000
788     -1777686.375000
789     -1777804.250000
790     -1777922.875000
791     -1778040.250000
792     -1778157.625000
793     -1778273.250000
794     -1778388.250000
795     -1778503.250000
796     -1778616.375000
797     -1778731.375000
798     -1778842.375000
799     -1778955.000000
800     -1779066.375000
801     -1779178.500000
802     -1779288.000000
803     -1779397.625000
804     -1779506.500000
805     -1779615.250000
806     -1779722.250000
807     -1779830.500000
808     -1779937.625000
809     -1780041.750000
810     -1780149.375000
811     -1780253.250000
812     -1780358.250000
813     -1780460.500000
814     -1780564.125000
815     -1780667.000000
816     -1780768.375000
817     -1780868.000000
818     -1780969.500000
819     -1781069.500000
820     -1781169.750000
821     -1781269.750000
822     -1781368.750000
823     -1781466.250000
824     -1781564.875000
825     -1781661.750000
826     -1781759.250000
827     -1781856.000000
828     -1781950.875000
829     -1782046.375000
830     -1782141.000000
831     -1782234.250000
832     -1782328.000000
833     -1782420.500000
834     -1782513.750000
835     -1782606.250000
836     -1782698.875000
837     -1782790.500000
838     -1782880.375000
839     -1782972.000000
840     -1783061.375000
841     -1783150.875000
842     -1783241.125000
843     -1783329.250000
844     -1783418.250000
845     -1783505.625000
846     -1783592.750000
847     -1783680.000000
848     -1783766.000000
849     -1783851.625000
850     -1783938.000000
851     -1784023.250000
852     -1784107.750000
853     -1784191.250000
854     -1784275.750000
855     -1784360.250000
856     -1784443.500000
857     -1784525.750000
858     -1784608.250000
859     -1784690.125000
860     -1784771.125000
861     -1784852.125000
862     -1784933.125000
863     -1785014.000000
864     -1785093.625000
865     -1785172.000000
866     -1785252.000000
867     -1785330.750000
868     -1785410.000000
869     -1785488.250000
870     -1785566.375000
871     -1785644.000000
872     -1785721.125000
873     -1785798.500000
874     -1785875.250000
875     -1785950.375000
876     -1786026.375000
877     -1786103.125000
878     -1786177.750000
879     -1786252.500000
880     -1786327.500000
881     -1786402.000000
882     -1786476.125000
883     -1786550.000000
884     -1786623.250000
885     -1786697.250000
886     -1786770.250000
887     -1786842.125000
888     -1786914.750000
889     -1786985.750000
890     -1787058.750000
891     -1787129.750000
892     -1787200.125000
893     -1787270.625000
894     -1787342.500000
895     -1787413.000000
896     -1787482.250000
897     -1787550.750000
898     -1787621.375000
899     -1787689.000000
900     -1787758.500000
901     -1787827.000000
902     -1787894.250000
903     -1787961.875000
904     -1788029.250000
905     -1788095.500000
906     -1788162.750000
907     -1788228.250000
908     -1788294.500000
909     -1788360.625000
910     -1788425.750000
911     -1788491.625000
912     -1788557.125000
913     -1788621.375000
914     -1788686.375000
915     -1788750.250000
916     -1788814.250000
917     -1788878.000000
918     -1788941.750000
919     -1789005.500000
920     -1789067.875000
921     -1789129.250000
922     -1789192.875000
923     -1789254.250000
924     -1789317.000000
925     -1789378.500000
926     -1789438.500000
927     -1789500.875000
928     -1789561.250000
929     -1789621.500000
930     -1789681.750000
931     -1789741.750000
932     -1789801.875000
933     -1789860.750000
934     -1789920.500000
935     -1789978.500000
936     -1790037.125000
937     -1790096.750000
938     -1790155.250000
939     -1790212.625000
940     -1790270.750000
941     -1790328.750000
942     -1790385.375000
943     -1790442.250000
944     -1790500.000000
945     -1790556.000000
946     -1790613.000000
947     -1790669.250000
948     -1790725.750000
949     -1790780.750000
950     -1790837.250000
951     -1790893.250000
952     -1790947.500000
953     -1791003.250000
954     -1791057.500000
955     -1791111.875000
956     -1791166.500000
957     -1791220.750000
958     -1791274.500000
959     -1791328.750000
960     -1791382.000000
961     -1791435.500000
962     -1791488.500000
963     -1791542.000000
964     -1791594.250000
965     -1791647.500000
966     -1791700.375000
967     -1791751.500000
968     -1791803.750000
969     -1791855.625000
970     -1791908.000000
971     -1791958.375000
972     -1792011.250000
973     -1792062.125000
974     -1792112.625000
975     -1792163.375000
976     -1792214.375000
977     -1792264.375000
978     -1792315.000000
979     -1792365.500000
980     -1792414.625000
981     -1792464.375000
982     -1792513.875000
983     -1792564.000000
984     -1792612.375000
985     -1792661.250000
986     -1792710.250000
987     -1792759.250000
988     -1792807.500000
989     -1792855.250000
990     -1792903.000000
991     -1792950.875000
992     -1792997.500000
993     -1793045.125000
994     -1793092.125000
995     -1793140.000000
996     -1793187.000000
997     -1793234.000000
998     -1793279.500000
999     -1793326.500000
1000    -1793372.500000
1001    -1793417.875000
1002    -1793463.875000
1003    -1793510.375000
1004    -1793555.875000
1005    -1793600.500000
1006    -1793646.250000
1007    -1793691.000000
1008    -1793735.875000
1009    -1793780.500000
1010    -1793825.000000
1011    -1793870.250000
1012    -1793914.000000
1013    -1793958.000000
1014    -1794002.125000
1015    -1794046.000000
1016    -1794089.500000
1017    -1794132.000000
1018    -1794176.250000
1019    -1794219.500000
1020    -1794261.625000
1021    -1794303.750000
1022    -1794346.125000
1023    -1794388.875000
1024    -1794431.125000
1025    -1794473.250000
1026    -1794514.500000
1027    -1794557.375000
1028    -1794598.875000
1029    -1794640.750000
1030    -1794682.250000
1031    -1794723.250000
1032    -1794764.000000
1033    -1794805.500000
1034    -1794845.500000
1035    -1794886.500000
1036    -1794926.375000
1037    -1794966.750000
1038    -1795008.625000
1039    -1795047.000000
1040    -1795088.125000
1041    -1795128.000000
1042    -1795167.625000
1043    -1795207.000000
1044    -1795246.750000
1045    -1795286.250000
1046    -1795325.500000
1047    -1795363.875000
1048    -1795403.000000
1049    -1795441.500000
1050    -1795480.500000
1051    -1795518.875000
1052    -1795557.500000
1053    -1795595.500000
1054    -1795634.000000
1055    -1795671.375000
1056    -1795710.500000
1057    -1795747.375000
1058    -1795785.500000
1059    -1795823.000000
1060    -1795860.625000
1061    -1795898.375000
1062    -1795935.250000
1063    -1795972.750000
1064    -1796010.375000
1065    -1796046.250000
1066    -1796083.000000
1067    -1796120.000000
1068    -1796156.750000
1069    -1796193.500000
1070    -1796229.250000
1071    -1796265.625000
1072    -1796302.625000
1073    -1796338.250000
1074    -1796374.000000
1075    -1796410.250000
1076    -1796446.250000
1077    -1796482.000000
1078    -1796517.500000
1079    -1796553.500000
1080    -1796588.250000
1081    -1796624.125000
1082    -1796659.500000
1083    -1796694.500000
1084    -1796729.750000
1085    -1796764.125000
1086    -1796799.375000
1087    -1796834.500000
1088    -1796868.875000
1089    -1796904.250000
1090    -1796938.500000
1091    -1796972.500000
1092    -1797006.750000
1093    -1797041.250000
1094    -1797075.250000
1095    -1797109.000000
1096    -1797142.250000
1097    -1797176.875000
1098    -1797209.750000
1099    -1797243.750000
1100    -1797277.750000
1101    -1797311.250000
1102    -1797344.750000
1103    -1797377.750000
1104    -1797410.875000
1105    -1797443.875000
1106    -1797476.875000
1107    -1797508.750000
1108    -1797542.000000
1109    -1797574.625000
1110    -1797607.500000
1111    -1797640.000000
1112    -1797671.875000
1113    -1797703.750000
1114    -1797735.625000
1115    -1797767.750000
1116    -1797800.000000
1117    -1797831.250000
1118    -1797863.500000
1119    -1797894.750000
1120    -1797925.500000
1121    -1797957.375000
1122    -1797988.750000
1123    -1798019.750000
1124    -1798050.500000
1125    -1798081.750000
1126    -1798112.375000
1127    -1798143.250000
1128    -1798174.500000
1129    -1798204.000000
1130    -1798235.125000
1131    -1798265.375000
1132    -1798295.125000
1133    -1798326.000000
1134    -1798355.750000
1135    -1798386.750000
1136    -1798416.750000
1137    -1798446.500000
1138    -1798475.750000
1139    -1798505.750000
1140    -1798535.500000
1141    -1798565.500000
1142    -1798595.250000
1143    -1798624.750000
1144    -1798654.000000
1145    -1798682.625000
1146    -1798711.750000
1147    -1798741.250000
1148    -1798770.750000
1149    -1798800.000000
1150    -1798829.000000
1151    -1798858.250000
1152    -1798886.625000
1153    -1798915.375000
1154    -1798943.750000
1155    -1798972.500000
1156    -1799001.875000
1157    -1799029.875000
1158    -1799059.125000
1159    -1799087.000000
1160    -1799115.750000
1161    -1799144.000000
1162    -1799172.125000
1163    -1799200.875000
1164    -1799228.500000
1165    -1799256.625000
1166    -1799284.250000
1167    -1799312.250000
1168    -1799340.125000
1169    -1799368.000000
1170    -1799396.250000
1171    -1799423.625000
1172    -1799451.750000
1173    -1799478.750000
1174    -1799505.875000
1175    -1799533.750000
1176    -1799561.500000
1177    -1799588.500000
1178    -1799615.750000
1179    -1799643.125000
1180    -1799669.250000
1181    -1799696.000000
1182    -1799723.750000
1183    -1799749.875000
1184    -1799776.500000
1185    -1799803.500000
1186    -1799830.000000
1187    -1799856.750000
1188    -1799882.750000
1189    -1799909.500000
1190    -1799935.375000
1191    -1799961.625000
1192    -1799988.125000
1193    -1800014.125000
1194    -1800040.125000
1195    -1800066.500000
1196    -1800092.125000
1197    -1800118.375000
1198    -1800145.000000
1199    -1800170.000000
1200    -1800195.625000
1201    -1800221.750000
1202    -1800247.000000
1203    -1800273.125000
1204    -1800299.000000
1205    -1800325.000000
1206    -1800349.750000
1207    -1800375.250000
1208    -1800400.750000
1209    -1800426.125000
1210    -1800451.000000
1211    -1800476.875000
1212    -1800502.375000
1213    -1800527.500000
1214    -1800552.750000
1215    -1800578.125000
1216    -1800603.125000
1217    -1800628.625000
1218    -1800652.750000
1219    -1800678.250000
1220    -1800703.750000
1221    -1800728.750000
1222    -1800753.250000
1223    -1800778.500000
1224    -1800803.000000
1225    -1800828.250000
1226    -1800853.125000
1227    -1800877.625000
1228    -1800902.500000
1229    -1800927.000000
1230    -1800951.875000
1231    -1800975.750000
1232    -1801000.875000
1233    -1801025.750000
1234    -1801049.500000
1235    -1801073.750000
1236    -1801098.500000
1237    -1801122.125000
1238    -1801147.125000
1239    -1801170.750000
1240    -1801194.875000
1241    -1801219.500000
1242    -1801243.875000
1243    -1801267.750000
1244    -1801291.500000
1245    -1801315.500000
1246    -1801339.750000
1247    -1801363.250000
1248    -1801387.250000
1249    -1801411.750000
1250    -1801435.250000
1251    -1801459.250000
1252    -1801482.625000
1253    -1801506.250000
1254    -1801529.875000
1255    -1801553.375000
1256    -1801576.375000
1257    -1801600.000000
1258    -1801623.750000
1259    -1801647.000000
1260    -1801670.750000
1261    -1801693.250000
1262    -1801716.375000
1263    -1801740.000000
1264    -1801763.000000
1265    -1801786.750000
1266    -1801809.375000
1267    -1801831.875000
1268    -1801855.750000
1269    -1801878.500000
1270    -1801901.500000
1271    -1801925.000000
1272    -1801947.125000
1273    -1801970.500000
1274    -1801993.250000
1275    -1802015.875000
1276    -1802038.375000
1277    -1802061.250000
1278    -1802084.000000
1279    -1802106.500000
1280    -1802129.500000
1281    -1802151.750000
1282    -1802175.000000
1283    -1802197.250000
1284    -1802219.875000
1285    -1802242.500000
1286    -1802265.000000
1287    -1802286.875000
1288    -1802309.000000
1289    -1802331.875000
1290    -1802354.500000
1291    -1802377.250000
1292    -1802398.750000
1293    -1802421.250000
1294    -1802443.625000
1295    -1802466.000000
1296    -1802487.875000
1297    -1802509.875000
1298    -1802532.625000
1299    -1802554.375000
1300    -1802576.750000
1301    -1802599.500000
1302    -1802620.125000
1303    -1802642.250000
1304    -1802665.000000
1305    -1802686.750000
1306    -1802708.375000
1307    -1802730.500000
1308    -1802752.000000
1309    -1802773.875000
1310    -1802795.625000
1311    -1802817.375000
1312    -1802839.000000
1313    -1802861.250000
1314    -1802883.000000
1315    -1802904.500000
1316    -1802926.125000
1317    -1802947.625000
1318    -1802969.750000
1319    -1802990.625000
1320    -1803012.625000
1321    -1803033.750000
1322    -1803055.375000
1323    -1803076.750000
1324    -1803098.500000
1325    -1803120.125000
1326    -1803140.625000
1327    -1803162.000000
1328    -1803183.250000
1329    -1803204.500000
1330    -1803226.250000
1331    -1803247.250000
1332    -1803268.250000
1333    -1803289.500000
1334    -1803310.000000
1335    -1803331.250000
1336    -1803351.500000
1337    -1803373.500000
1338    -1803393.500000
1339    -1803415.250000
1340    -1803435.750000
1341    -1803456.625000
1342    -1803477.500000
1343    -1803497.500000
1344    -1803519.000000
1345    -1803539.125000
1346    -1803559.750000
1347    -1803580.500000
1348    -1803601.250000
1349    -1803622.000000
1350    -1803642.750000
1351    -1803663.000000
1352    -1803683.875000
1353    -1803704.000000
1354    -1803724.500000
1355    -1803744.625000
1356    -1803764.250000
1357    -1803784.750000
1358    -1803805.250000
1359    -1803825.500000
1360    -1803846.125000
1361    -1803865.500000
1362    -1803886.125000
1363    -1803905.750000
1364    -1803926.375000
1365    -1803946.500000
1366    -1803966.250000
1367    -1803986.500000
1368    -1804006.875000
1369    -1804026.500000
1370    -1804046.125000
1371    -1804065.875000
1372    -1804086.500000
1373    -1804105.500000
1374    -1804125.750000
1375    -1804145.625000
1376    -1804165.000000
1377    -1804185.250000
1378    -1804204.250000
1379    -1804224.250000
1380    -1804243.750000
1381    -1804263.625000
1382    -1804283.000000
1383    -1804302.125000
1384    -1804322.250000
1385    -1804341.875000
1386    -1804361.375000
1387    -1804381.125000
1388    -1804400.625000
1389    -1804419.750000
1390    -1804438.750000
1391    -1804458.125000
1392    -1804477.750000
1393    -1804496.750000
1394    -1804515.750000
1395    -1804535.500000
1396    -1804554.500000
1397    -1804573.500000
1398    -1804592.000000
1399    -1804611.000000
1400    -1804630.250000
1401    -1804649.500000
1402    -1804668.625000
1403    -1804687.500000
1404    -1804705.875000
1405    -1804725.000000
1406    -1804743.875000
1407    -1804761.750000
1408    -1804781.250000
1409    -1804799.625000
1410    -1804817.875000
1411    -1804837.250000
1412    -1804855.500000
1413    -1804874.250000
1414    -1804892.750000
1415    -1804911.375000
1416    -1804930.000000
1417    -1804948.500000
1418    -1804967.250000
1419    -1804985.625000
1420    -1805004.000000
1421    -1805022.875000
1422    -1805041.250000
1423    -1805059.750000
1424    -1805078.125000
1425    -1805096.875000
1426    -1805114.625000
1427    -1805132.750000
1428    -1805151.875000
1429    -1805169.750000
1430    -1805188.000000
1431    -1805206.750000
1432    -1805224.000000
1433    -1805243.000000
1434    -1805260.500000
1435    -1805279.000000
1436    -1805298.000000
1437    -1805315.500000
1438    -1805333.750000
1439    -1805352.000000
1440    -1805369.625000
1441    -1805387.625000
1442    -1805405.750000
1443    -1805423.750000
1444    -1805441.750000
1445    -1805459.750000
1446    -1805476.750000
1447    -1805495.250000
1448    -1805513.500000
1449    -1805531.250000
1450    -1805548.500000
1451    -1805566.375000
1452    -1805584.375000
1453    -1805601.625000
1454    -1805619.250000
1455    -1805636.750000
1456    -1805654.000000
1457    -1805672.000000
1458    -1805689.500000
1459    -1805706.250000
1460    -1805724.250000
1461    -1805741.500000
1462    -1805758.750000
1463    -1805776.000000
1464    -1805793.500000
1465    -1805811.000000
1466    -1805828.000000
1467    -1805845.750000
1468    -1805863.375000
1469    -1805880.750000
1470    -1805898.500000
1471    -1805915.750000
1472    -1805932.625000
1473    -1805950.000000
1474    -1805966.875000
1475    -1805984.250000
1476    -1806001.250000
1477    -1806018.500000
1478    -1806035.500000
1479    -1806053.125000
1480    -1806069.875000
1481    -1806087.625000
1482    -1806104.500000
1483    -1806121.500000
1484    -1806139.125000
1485    -1806156.000000
1486    -1806173.375000
1487    -1806190.375000
1488    -1806207.125000
1489    -1806224.625000
1490    -1806241.375000
1491    -1806258.750000
1492    -1806275.750000
1493    -1806292.625000
1494    -1806309.000000
1495    -1806326.750000
1496    -1806343.875000
1497    -1806361.000000
1498    -1806377.750000
1499    -1806395.250000
1500    -1806412.000000
1501    -1806428.375000
1502    -1806445.500000
1503    -1806462.375000
1504    -1806479.500000
1505    -1806496.750000
1506    -1806513.500000
