Step            Loss
--------------------
1        -377.714294
2        -405.815247
3        -433.919617
4        -462.027588
5        -490.138977
6        -518.254211
7        -546.373779
8        -574.497986
9        -602.627441
10       -630.762756
11       -658.904846
12       -687.054382
13       -715.212280
14       -743.379272
15       -771.556763
16       -799.745422
17       -827.946289
18       -856.160400
19       -884.389160
20       -912.633057
21       -940.893921
22       -969.172729
23       -997.470703
24      -1025.789551
25      -1054.130127
26      -1082.494141
27      -1110.882812
28      -1139.297729
29      -1167.739990
30      -1196.211182
31      -1224.712524
32      -1253.245361
33      -1281.810913
34      -1310.410889
35      -1339.046143
36      -1367.718262
37      -1396.428223
38      -1425.177612
39      -1453.967529
40      -1482.799316
41      -1511.674194
42      -1540.593506
43      -1569.558105
44      -1598.569702
45      -1627.628906
46      -1656.737061
47      -1685.895386
48      -1715.104858
49      -1744.366455
50      -1773.681274
51      -1803.050415
52      -1832.474609
53      -1861.954712
54      -1891.491699
55      -1921.086670
56      -1950.739868
57      -1980.452393
58      -2010.224854
59      -2040.057739
60      -2069.952148
61      -2099.908447
62      -2129.927002
63      -2160.009033
64      -2190.154297
65      -2220.363525
66      -2250.637207
67      -2280.975830
68      -2311.379639
69      -2341.849121
70      -2372.384766
71      -2402.986328
72      -2433.654541
73      -2464.389404
74      -2495.191162
75      -2526.060547
76      -2556.997070
77      -2588.000977
78      -2619.072754
79      -2650.211914
80      -2681.419434
81      -2712.694336
82      -2744.037598
83      -2775.448486
84      -2806.927734
85      -2838.475098
86      -2870.090332
87      -2901.773193
88      -2933.524414
89      -2965.343262
90      -2997.229980
91      -3029.184082
92      -3061.206055
93      -3093.295166
94      -3125.451660
95      -3157.675049
96      -3189.965332
97      -3222.322510
98      -3254.746338
99      -3287.236084
100     -3319.791992
101     -3352.413574
102     -3385.100586
103     -3417.853027
104     -3450.669678
105     -3483.551514
106     -3516.497070
107     -3549.506348
108     -3582.579102
109     -3615.714844
110     -3648.913086
111     -3682.173584
112     -3715.495605
113     -3748.878906
114     -3782.322266
115     -3815.826904
116     -3849.390381
117     -3883.013184
118     -3916.694336
119     -3950.433594
120     -3984.229736
121     -4018.083252
122     -4051.992676
123     -4085.957031
124     -4119.976562
125     -4154.049805
126     -4188.176758
127     -4222.356445
128     -4256.587891
129     -4290.870117
130     -4325.203125
131     -4359.585938
132     -4394.017090
133     -4428.496582
134     -4463.022949
135     -4497.596191
136     -4532.214355
137     -4566.877930
138     -4601.584961
139     -4636.334961
140     -4671.126953
141     -4705.958984
142     -4740.832520
143     -4775.745117
144     -4810.695312
145     -4845.683594
146     -4880.704590
147     -4915.758789
148     -4950.848633
149     -4985.970703
150     -5021.125488
151     -5056.312500
152     -5091.529297
153     -5126.775391
154     -5162.050293
155     -5197.353027
156     -5232.681152
157     -5268.035156
158     -5303.413086
159     -5338.814941
160     -5374.238281
161     -5409.682617
162     -5445.147949
163     -5480.631836
164     -5516.132812
165     -5551.651367
166     -5587.185547
167     -5622.734375
168     -5658.296875
169     -5693.871582
170     -5729.458008
171     -5765.054199
172     -5800.660156
173     -5836.274414
174     -5871.895508
175     -5907.522461
176     -5943.154297
177     -5978.790039
178     -6014.428223
179     -6050.068359
180     -6085.708984
181     -6121.349121
182     -6156.987305
183     -6192.623535
184     -6228.255371
185     -6263.882812
186     -6299.495117
187     -6335.097168
188     -6370.690430
189     -6406.259766
190     -6441.807129
191     -6477.340820
192     -6512.862305
193     -6548.369629
194     -6583.863281
195     -6619.340820
196     -6654.802734
197     -6690.246094
198     -6725.671875
199     -6761.077148
200     -6796.461914
201     -6831.825684
202     -6867.166016
203     -6902.483398
204     -6937.775391
205     -6973.041992
206     -7008.275879
207     -7043.475586
208     -7078.645996
209     -7113.787109
210     -7148.897949
211     -7183.977539
212     -7219.023926
213     -7254.037598
214     -7289.016602
215     -7323.960449
216     -7358.868164
217     -7393.738281
218     -7428.571289
219     -7463.357422
220     -7498.095215
221     -7532.792969
222     -7567.448730
223     -7602.062500
224     -7636.632812
225     -7671.158203
226     -7705.638672
227     -7740.074219
228     -7774.461914
229     -7808.802734
230     -7843.094727
231     -7877.338379
232     -7911.530762
233     -7945.672852
234     -7979.763672
235     -8013.801758
236     -8047.785645
237     -8081.708008
238     -8115.574707
239     -8149.386719
240     -8183.142578
241     -8216.841797
242     -8250.481445
243     -8284.064453
244     -8317.587891
245     -8351.051758
246     -8384.454102
247     -8417.795898
248     -8451.076172
249     -8484.292969
250     -8517.427734
251     -8550.474609
252     -8583.448242
253     -8616.357422
254     -8649.200195
255     -8681.975586
256     -8714.685547
257     -8747.328125
258     -8779.887695
259     -8812.373047
260     -8844.791016
261     -8877.137695
262     -8909.414062
263     -8941.621094
264     -8973.755859
265     -9005.818359
266     -9037.808594
267     -9069.726562
268     -9101.570312
269     -9133.340820
270     -9165.003906
271     -9196.568359
272     -9228.056641
273     -9259.463867
274     -9290.777344
275     -9322.011719
276     -9353.169922
277     -9384.251953
278     -9415.255859
279     -9446.148438
280     -9476.957031
281     -9507.686523
282     -9538.337891
283     -9568.908203
284     -9599.366211
285     -9629.718750
286     -9659.930664
287     -9690.023438
288     -9720.037109
289     -9749.968750
290     -9779.811523
291     -9809.546875
292     -9839.199219
293     -9868.768555
294     -9898.238281
295     -9927.621094
296     -9956.911133
297     -9986.117188
298     -10015.209961
299     -10044.201172
300     -10073.111328
301     -10101.929688
302     -10130.660156
303     -10159.302734
304     -10187.853516
305     -10216.296875
306     -10244.654297
307     -10272.928711
308     -10301.111328
309     -10329.200195
310     -10357.199219
311     -10385.093750
312     -10412.888672
313     -10440.591797
314     -10468.191406
315     -10495.687500
316     -10523.085938
317     -10550.386719
318     -10577.554688
319     -10604.621094
320     -10631.599609
321     -10658.453125
322     -10685.179688
323     -10711.810547
324     -10738.356445
325     -10764.811523
326     -10791.146484
327     -10817.376953
328     -10843.508789
329     -10869.555664
330     -10895.470703
331     -10921.294922
332     -10947.027344
333     -10972.633789
334     -10998.156250
335     -11023.591797
336     -11048.943359
337     -11074.210938
338     -11099.382812
339     -11124.377930
340     -11149.257812
341     -11174.026367
342     -11198.680664
343     -11223.220703
344     -11247.675781
345     -11272.045898
346     -11296.319336
347     -11320.465820
348     -11344.515625
349     -11368.474609
350     -11392.343750
351     -11416.109375
352     -11439.773438
353     -11463.267578
354     -11486.636719
355     -11509.888672
356     -11533.047852
357     -11556.093750
358     -11579.042969
359     -11601.900391
360     -11624.652344
361     -11647.308594
362     -11669.882812
363     -11692.353516
364     -11714.726562
365     -11736.970703
366     -11759.119141
367     -11781.175781
368     -11803.123047
369     -11824.989258
370     -11846.762695
371     -11868.408203
372     -11889.894531
373     -11911.257812
374     -11932.499023
375     -11953.643555
376     -11974.700195
377     -11995.623047
378     -12016.458984
379     -12037.193359
380     -12057.802734
381     -12078.278320
382     -12098.650391
383     -12118.933594
384     -12139.131836
385     -12159.225586
386     -12179.224609
387     -12199.144531
388     -12218.958984
389     -12238.680664
390     -12258.312500
391     -12277.873047
392     -12297.351562
393     -12316.710938
394     -12335.908203
395     -12354.983398
396     -12373.952148
397     -12392.794922
398     -12411.545898
399     -12430.185547
400     -12448.698242
401     -12467.107422
402     -12485.449219
403     -12503.701172
404     -12521.847656
405     -12539.888672
406     -12557.828125
407     -12575.669922
408     -12593.433594
409     -12611.105469
410     -12628.676758
411     -12646.144531
412     -12663.513672
413     -12680.796875
414     -12697.986328
415     -12715.084961
416     -12732.067383
417     -12748.978516
418     -12765.818359
419     -12782.566406
420     -12799.235352
421     -12815.804688
422     -12832.275391
423     -12848.660156
424     -12864.981445
425     -12881.188477
426     -12897.306641
427     -12913.361328
428     -12929.351562
429     -12945.284180
430     -12961.140625
431     -12976.935547
432     -12992.613281
433     -13008.152344
434     -13023.595703
435     -13038.935547
436     -13054.183594
437     -13069.328125
438     -13084.384766
439     -13099.361328
440     -13114.238281
441     -13129.028320
442     -13143.726562
443     -13158.332031
444     -13172.863281
445     -13187.318359
446     -13201.689453
447     -13215.988281
448     -13230.213867
449     -13244.361328
450     -13258.418945
451     -13272.356445
452     -13286.216797
453     -13299.994141
454     -13313.638672
455     -13327.139648
456     -13340.566406
457     -13353.886719
458     -13367.107422
459     -13380.269531
460     -13393.340820
461     -13406.333008
462     -13419.221680
463     -13431.999023
464     -13444.699219
465     -13457.323242
466     -13469.832031
467     -13482.273438
468     -13494.638672
469     -13506.953125
470     -13519.183594
471     -13531.296875
472     -13543.309570
473     -13555.212891
474     -13567.046875
475     -13578.826172
476     -13590.493164
477     -13602.080078
478     -13613.562500
479     -13624.945312
480     -13636.281250
481     -13647.573242
482     -13658.817383
483     -13669.980469
484     -13681.052734
485     -13692.032227
486     -13702.906250
487     -13713.718750
488     -13724.468750
489     -13735.132812
490     -13745.723633
491     -13756.226562
492     -13766.642578
493     -13777.008789
494     -13787.292969
495     -13797.495117
496     -13807.625000
497     -13817.714844
498     -13827.744141
499     -13837.705078
500     -13847.600586
501     -13857.449219
502     -13867.257812
503     -13877.021484
504     -13886.748047
505     -13896.371094
506     -13905.835938
507     -13915.208984
508     -13924.541992
509     -13933.818359
510     -13943.040039
511     -13952.205078
512     -13961.298828
513     -13970.358398
514     -13979.344727
515     -13988.292969
516     -13997.189453
517     -14006.010742
518     -14014.779297
519     -14023.453125
520     -14032.027344
521     -14040.500977
522     -14048.904297
523     -14057.257812
524     -14065.564453
525     -14073.820312
526     -14082.039062
527     -14090.220703
528     -14098.352539
529     -14106.420898
530     -14114.443359
531     -14122.416016
532     -14130.333984
533     -14138.208984
534     -14146.031250
535     -14153.812500
536     -14161.523438
537     -14169.193359
538     -14176.820312
539     -14184.350586
540     -14191.812500
541     -14199.140625
542     -14206.383789
543     -14213.591797
544     -14220.710938
545     -14227.709961
546     -14234.679688
547     -14241.611328
548     -14248.475586
549     -14255.281250
550     -14262.056641
551     -14268.789062
552     -14275.463867
553     -14282.100586
554     -14288.669922
555     -14295.128906
556     -14301.500977
557     -14307.845703
558     -14314.140625
559     -14320.398438
560     -14326.585938
561     -14332.712891
562     -14338.800781
563     -14344.845703
564     -14350.820312
565     -14356.770508
566     -14362.664062
567     -14368.539062
568     -14374.371094
569     -14380.113281
570     -14385.816406
571     -14391.487305
572     -14397.119141
573     -14402.695312
574     -14408.169922
575     -14413.585938
576     -14418.929688
577     -14424.236328
578     -14429.494141
579     -14434.679688
580     -14439.820312
581     -14444.878906
582     -14449.914062
583     -14454.906250
584     -14459.835938
585     -14464.703125
586     -14469.505859
587     -14474.263672
588     -14478.997070
589     -14483.695312
590     -14488.347656
591     -14492.925781
592     -14497.474609
593     -14501.997070
594     -14506.490234
595     -14510.948242
596     -14515.384766
597     -14519.746094
598     -14524.048828
599     -14528.291016
600     -14532.472656
601     -14536.622070
602     -14540.753906
603     -14544.865234
604     -14548.933594
605     -14552.970703
606     -14556.972656
607     -14560.951172
608     -14564.910156
609     -14568.828125
610     -14572.707031
611     -14576.564453
612     -14580.397461
613     -14584.196289
614     -14587.976562
615     -14591.730469
616     -14595.470703
617     -14599.202148
618     -14602.917969
619     -14606.615234
620     -14610.291016
621     -14613.950195
622     -14617.593750
623     -14621.207031
624     -14624.755859
625     -14628.265625
626     -14631.731445
627     -14635.175781
628     -14638.611328
629     -14642.037109
630     -14645.447266
631     -14648.820312
632     -14652.141602
633     -14655.438477
634     -14658.710938
635     -14661.972656
636     -14665.218750
637     -14668.453125
638     -14671.660156
639     -14674.839844
640     -14677.994141
641     -14681.103516
642     -14684.187500
643     -14687.257812
644     -14690.308594
645     -14693.342773
646     -14696.345703
647     -14699.331055
648     -14702.289062
649     -14705.233398
650     -14708.166992
651     -14711.093750
652     -14713.996094
653     -14716.859375
654     -14719.714844
655     -14722.556641
656     -14725.375000
657     -14728.176758
658     -14730.966797
659     -14733.743164
660     -14736.486328
661     -14739.192383
662     -14741.865234
663     -14744.521484
664     -14747.161133
665     -14749.763672
666     -14752.329102
667     -14754.864258
668     -14757.381836
669     -14759.890625
670     -14762.391602
671     -14764.880859
672     -14767.343750
673     -14769.800781
674     -14772.244141
675     -14774.673828
676     -14777.065430
677     -14779.446289
678     -14781.801758
679     -14784.146484
680     -14786.469727
681     -14788.777344
682     -14791.044922
683     -14793.283203
684     -14795.504883
685     -14797.710938
686     -14799.894531
687     -14802.068359
688     -14804.232422
689     -14806.382812
690     -14808.490234
691     -14810.585938
692     -14812.677734
693     -14814.763672
694     -14816.845703
695     -14818.915039
696     -14820.964844
697     -14823.003906
698     -14825.017578
699     -14827.011719
700     -14829.000000
701     -14830.974609
702     -14832.940430
703     -14834.894531
704     -14836.808594
705     -14838.706055
706     -14840.593750
707     -14842.461914
708     -14844.302734
709     -14846.138672
710     -14847.953125
711     -14849.734375
712     -14851.511719
713     -14853.275391
714     -14855.021484
715     -14856.761719
716     -14858.489258
717     -14860.206055
718     -14861.915039
719     -14863.618164
720     -14865.308594
721     -14866.995117
722     -14868.676758
723     -14870.353516
724     -14872.019531
725     -14873.678711
726     -14875.328125
727     -14876.964844
728     -14878.591797
729     -14880.201172
730     -14881.802734
731     -14883.382812
732     -14884.947266
733     -14886.500000
734     -14888.041016
735     -14889.568359
736     -14891.080078
737     -14892.578125
738     -14894.053711
739     -14895.527344
740     -14896.996094
741     -14898.458008
742     -14899.906250
743     -14901.350586
744     -14902.791992
745     -14904.229492
746     -14905.661133
747     -14907.084961
748     -14908.500000
749     -14909.911133
750     -14911.316406
751     -14912.718750
752     -14914.117188
753     -14915.496094
754     -14916.858398
755     -14918.214844
756     -14919.566406
757     -14920.910156
758     -14922.244141
759     -14923.575195
760     -14924.903320
761     -14926.210938
762     -14927.513672
763     -14928.806641
764     -14930.088867
765     -14931.366211
766     -14932.628906
767     -14933.886719
768     -14935.138672
769     -14936.381836
770     -14937.615234
771     -14938.840820
772     -14940.063477
773     -14941.278320
774     -14942.482422
775     -14943.668945
776     -14944.847656
777     -14946.025391
778     -14947.194336
779     -14948.353516
780     -14949.511719
781     -14950.662109
782     -14951.801758
783     -14952.934570
784     -14954.064453
785     -14955.190430
786     -14956.309570
787     -14957.425781
788     -14958.540039
789     -14959.648438
790     -14960.751953
791     -14961.851562
792     -14962.941406
793     -14964.021484
794     -14965.097656
795     -14966.160156
796     -14967.210938
797     -14968.248047
798     -14969.274414
799     -14970.281250
800     -14971.282227
801     -14972.279297
802     -14973.275391
803     -14974.267578
804     -14975.257812
805     -14976.246094
806     -14977.228516
807     -14978.203125
808     -14979.173828
809     -14980.140625
810     -14981.106445
811     -14982.070312
812     -14983.024414
813     -14983.973633
814     -14984.911133
815     -14985.847656
816     -14986.781250
817     -14987.703125
818     -14988.617188
819     -14989.527344
820     -14990.435547
821     -14991.332031
822     -14992.220703
823     -14993.103516
824     -14993.982422
825     -14994.856445
826     -14995.728516
827     -14996.593750
828     -14997.448242
829     -14998.298828
830     -14999.144531
831     -14999.988281
832     -15000.830078
833     -15001.669922
834     -15002.507812
835     -15003.341797
836     -15004.169922
837     -15004.988281
838     -15005.802734
839     -15006.606445
840     -15007.405273
841     -15008.203125
842     -15008.996094
843     -15009.791016
844     -15010.578125
845     -15011.363281
846     -15012.147461
847     -15012.929688
848     -15013.709961
849     -15014.488281
850     -15015.265625
851     -15016.039062
852     -15016.809570
853     -15017.578125
854     -15018.343750
855     -15019.107422
856     -15019.869141
857     -15020.628906
858     -15021.382812
859     -15022.133789
860     -15022.881836
861     -15023.627930
862     -15024.373047
863     -15025.107422
864     -15025.829102
865     -15026.539062
866     -15027.245117
867     -15027.951172
868     -15028.656250
869     -15029.358398
870     -15030.060547
871     -15030.759766
872     -15031.446289
873     -15032.125000
874     -15032.798828
875     -15033.468750
876     -15034.135742
877     -15034.801758
878     -15035.466797
879     -15036.130859
880     -15036.792969
881     -15037.453125
882     -15038.113281
883     -15038.766602
884     -15039.404297
885     -15040.037109
886     -15040.664062
887     -15041.286133
888     -15041.902344
889     -15042.517578
890     -15043.123047
891     -15043.717773
892     -15044.312500
893     -15044.902344
894     -15045.490234
895     -15046.072266
896     -15046.655273
897     -15047.236328
898     -15047.817383
899     -15048.396484
900     -15048.974609
901     -15049.551758
902     -15050.128906
903     -15050.703125
904     -15051.277344
905     -15051.850586
906     -15052.420898
907     -15052.989258
908     -15053.555664
909     -15054.121094
910     -15054.683594
911     -15055.243164
912     -15055.801758
913     -15056.357422
914     -15056.914062
915     -15057.468750
916     -15058.022461
917     -15058.570312
918     -15059.115234
919     -15059.643555
920     -15060.172852
921     -15060.701172
922     -15061.227539
923     -15061.753906
924     -15062.279297
925     -15062.802734
926     -15063.327148
927     -15063.849609
928     -15064.366211
929     -15064.880859
930     -15065.396484
931     -15065.911133
932     -15066.423828
933     -15066.935547
934     -15067.447266
935     -15067.958984
936     -15068.468750
937     -15068.978516
938     -15069.486328
939     -15069.994141
940     -15070.501953
941     -15071.005859
942     -15071.503906
943     -15072.001953
944     -15072.498047
945     -15072.996094
946     -15073.491211
947     -15073.985352
948     -15074.480469
949     -15074.974609
950     -15075.466797
951     -15075.958984
952     -15076.451172
953     -15076.942383
954     -15077.432617
955     -15077.922852
956     -15078.412109
957     -15078.901367
958     -15079.389648
959     -15079.876953
960     -15080.364258
961     -15080.849609
962     -15081.334961
963     -15081.820312
964     -15082.304688
965     -15082.789062
966     -15083.271484
967     -15083.754883
968     -15084.236328
969     -15084.718750
970     -15085.201172
971     -15085.681641
972     -15086.160156
973     -15086.638672
974     -15087.109375
975     -15087.578125
976     -15088.046875
977     -15088.515625
978     -15088.983398
979     -15089.449219
980     -15089.914062
981     -15090.373047
982     -15090.832031
983     -15091.290039
984     -15091.749023
985     -15092.206055
986     -15092.664062
987     -15093.121094
988     -15093.573242
989     -15094.025391
990     -15094.476562
991     -15094.927734
992     -15095.378906
993     -15095.831055
994     -15096.279297
995     -15096.728516
996     -15097.173828
997     -15097.616211
998     -15098.058594
999     -15098.500000
1000    -15098.940430
1001    -15099.380859
1002    -15099.822266
1003    -15100.254883
1004    -15100.687500
1005    -15101.117188
1006    -15101.548828
1007    -15101.978516
1008    -15102.409180
1009    -15102.839844
1010    -15103.270508
1011    -15103.701172
1012    -15104.130859
1013    -15104.562500
1014    -15104.992188
1015    -15105.421875
1016    -15105.851562
1017    -15106.283203
1018    -15106.712891
1019    -15107.143555
1020    -15107.574219
1021    -15108.002930
1022    -15108.432617
1023    -15108.859375
1024    -15109.281250
1025    -15109.701172
1026    -15110.121094
1027    -15110.542969
1028    -15110.959961
1029    -15111.375000
1030    -15111.791016
1031    -15112.207031
1032    -15112.617188
1033    -15113.027344
1034    -15113.439453
1035    -15113.849609
1036    -15114.259766
1037    -15114.671875
1038    -15115.083008
1039    -15115.494141
1040    -15115.905273
1041    -15116.316406
1042    -15116.728516
1043    -15117.140625
1044    -15117.550781
1045    -15117.961914
1046    -15118.371094
1047    -15118.779297
1048    -15119.188477
1049    -15119.597656
1050    -15120.006836
1051    -15120.416992
1052    -15120.826172
1053    -15121.236328
1054    -15121.642578
1055    -15122.046875
1056    -15122.452148
1057    -15122.857422
1058    -15123.261719
1059    -15123.663086
1060    -15124.064453
1061    -15124.466797
1062    -15124.868164
1063    -15125.270508
1064    -15125.668945
1065    -15126.065430
1066    -15126.462891
1067    -15126.861328
1068    -15127.259766
1069    -15127.657227
1070    -15128.056641
1071    -15128.455078
1072    -15128.854492
1073    -15129.252930
1074    -15129.652344
1075    -15130.052734
1076    -15130.452148
1077    -15130.851562
1078    -15131.251953
1079    -15131.652344
1080    -15132.053711
1081    -15132.453125
1082    -15132.852539
1083    -15133.253906
1084    -15133.652344
1085    -15134.052734
1086    -15134.453125
1087    -15134.853516
1088    -15135.254883
1089    -15135.654297
1090    -15136.055664
1091    -15136.455078
1092    -15136.855469
1093    -15137.255859
1094    -15137.656250
1095    -15138.052734
1096    -15138.449219
1097    -15138.845703
1098    -15139.242188
1099    -15139.638672
1100    -15140.035156
1101    -15140.431641
1102    -15140.828125
1103    -15141.224609
1104    -15141.621094
1105    -15142.017578
1106    -15142.415039
1107    -15142.810547
1108    -15143.207031
1109    -15143.603516
1110    -15144.000000
1111    -15144.397461
1112    -15144.791992
1113    -15145.189453
1114    -15145.584961
1115    -15145.981445
1116    -15146.376953
1117    -15146.766602
1118    -15147.157227
1119    -15147.547852
1120    -15147.935547
1121    -15148.317383
1122    -15148.699219
1123    -15149.079102
1124    -15149.458984
1125    -15149.839844
1126    -15150.218750
1127    -15150.597656
1128    -15150.978516
1129    -15151.357422
1130    -15151.734375
1131    -15152.114258
1132    -15152.492188
1133    -15152.871094
1134    -15153.250000
1135    -15153.628906
1136    -15154.004883
1137    -15154.382812
1138    -15154.760742
1139    -15155.137695
1140    -15155.513672
1141    -15155.890625
1142    -15156.266602
1143    -15156.642578
1144    -15157.018555
1145    -15157.392578
1146    -15157.767578
1147    -15158.140625
1148    -15158.511719
1149    -15158.880859
1150    -15159.240234
1151    -15159.595703
1152    -15159.953125
1153    -15160.310547
1154    -15160.664062
1155    -15161.015625
1156    -15161.368164
1157    -15161.718750
1158    -15162.064453
1159    -15162.406250
1160    -15162.750000
1161    -15163.092773
1162    -15163.434570
1163    -15163.776367
1164    -15164.117188
1165    -15164.457031
1166    -15164.791992
1167    -15165.126953
1168    -15165.461914
1169    -15165.794922
1170    -15166.129883
1171    -15166.462891
1172    -15166.794922
1173    -15167.128906
1174    -15167.458984
1175    -15167.789062
1176    -15168.117188
1177    -15168.445312
1178    -15168.773438
1179    -15169.099609
1180    -15169.425781
1181    -15169.750000
1182    -15170.074219
1183    -15170.398438
1184    -15170.720703
1185    -15171.041992
1186    -15171.361328
1187    -15171.679688
1188    -15172.000000
1189    -15172.316406
1190    -15172.633789
1191    -15172.948242
1192    -15173.260742
1193    -15173.573242
1194    -15173.884766
1195    -15174.195312
1196    -15174.505859
1197    -15174.814453
1198    -15175.125000
1199    -15175.433594
1200    -15175.742188
1201    -15176.048828
1202    -15176.356445
1203    -15176.662109
1204    -15176.968750
1205    -15177.273438
1206    -15177.578125
1207    -15177.882812
1208    -15178.185547
1209    -15178.490234
1210    -15178.791992
1211    -15179.093750
1212    -15179.394531
1213    -15179.695312
1214    -15179.995117
1215    -15180.292969
1216    -15180.591797
1217    -15180.889648
1218    -15181.187500
1219    -15181.484375
1220    -15181.780273
1221    -15182.076172
1222    -15182.371094
1223    -15182.666016
1224    -15182.959961
1225    -15183.250000
1226    -15183.536133
1227    -15183.822266
1228    -15184.108398
1229    -15184.394531
1230    -15184.676758
1231    -15184.958984
1232    -15185.240234
1233    -15185.520508
1234    -15185.798828
1235    -15186.076172
1236    -15186.353516
1237    -15186.630859
1238    -15186.907227
1239    -15187.179688
1240    -15187.452148
1241    -15187.724609
1242    -15187.996094
1243    -15188.265625
1244    -15188.537109
1245    -15188.805664
1246    -15189.076172
1247    -15189.345703
1248    -15189.613281
1249    -15189.878906
1250    -15190.144531
1251    -15190.410156
1252    -15190.673828
1253    -15190.937500
1254    -15191.198242
1255    -15191.458984
1256    -15191.720703
1257    -15191.981445
1258    -15192.240234
1259    -15192.500000
1260    -15192.759766
1261    -15193.017578
1262    -15193.276367
1263    -15193.532227
1264    -15193.788086
1265    -15194.042969
1266    -15194.297852
1267    -15194.551758
1268    -15194.806641
1269    -15195.060547
1270    -15195.312500
1271    -15195.566406
1272    -15195.818359
1273    -15196.069336
1274    -15196.321289
1275    -15196.572266
1276    -15196.823242
1277    -15197.074219
1278    -15197.322266
1279    -15197.572266
1280    -15197.821289
1281    -15198.070312
1282    -15198.317383
1283    -15198.562500
1284    -15198.802734
1285    -15199.044922
1286    -15199.285156
1287    -15199.525391
1288    -15199.765625
1289    -15200.003906
1290    -15200.240234
1291    -15200.473633
1292    -15200.706055
1293    -15200.938477
1294    -15201.171875
1295    -15201.402344
1296    -15201.633789
1297    -15201.865234
1298    -15202.095703
1299    -15202.326172
1300    -15202.554688
1301    -15202.784180
1302    -15203.013672
1303    -15203.242188
1304    -15203.469727
1305    -15203.697266
1306    -15203.923828
1307    -15204.150391
1308    -15204.375000
1309    -15204.593750
1310    -15204.812500
1311    -15205.028320
1312    -15205.246094
1313    -15205.460938
1314    -15205.675781
1315    -15205.891602
1316    -15206.105469
1317    -15206.319336
1318    -15206.533203
1319    -15206.745117
1320    -15206.958008
1321    -15207.169922
1322    -15207.382812
1323    -15207.593750
1324    -15207.804688
1325    -15208.013672
1326    -15208.224609
1327    -15208.432617
1328    -15208.640625
1329    -15208.847656
1330    -15209.053711
1331    -15209.259766
1332    -15209.461914
1333    -15209.666016
1334    -15209.868164
1335    -15210.069336
1336    -15210.271484
1337    -15210.471680
1338    -15210.671875
1339    -15210.871094
1340    -15211.070312
1341    -15211.268555
1342    -15211.466797
1343    -15211.664062
1344    -15211.861328
1345    -15212.057617
1346    -15212.253906
1347    -15212.449219
1348    -15212.643555
1349    -15212.836914
1350    -15213.031250
1351    -15213.223633
1352    -15213.416992
1353    -15213.607422
1354    -15213.799805
1355    -15213.990234
1356    -15214.180664
1357    -15214.369141
1358    -15214.558594
1359    -15214.747070
1360    -15214.933594
1361    -15215.121094
1362    -15215.302734
1363    -15215.479492
1364    -15215.654297
1365    -15215.828125
1366    -15216.001953
1367    -15216.173828
1368    -15216.345703
1369    -15216.518555
1370    -15216.689453
1371    -15216.860352
1372    -15217.031250
1373    -15217.199219
1374    -15217.369141
1375    -15217.537109
1376    -15217.705078
1377    -15217.873047
1378    -15218.040039
1379    -15218.205078
1380    -15218.371094
1381    -15218.537109
1382    -15218.701172
1383    -15218.865234
1384    -15219.029297
1385    -15219.191406
1386    -15219.352539
1387    -15219.511719
1388    -15219.670898
1389    -15219.830078
1390    -15219.986328
1391    -15220.144531
1392    -15220.300781
1393    -15220.457031
1394    -15220.613281
1395    -15220.767578
1396    -15220.922852
1397    -15221.077148
1398    -15221.230469
1399    -15221.382812
1400    -15221.535156
1401    -15221.687500
1402    -15221.838867
1403    -15221.989258
1404    -15222.140625
1405    -15222.289062
1406    -15222.438477
1407    -15222.587891
1408    -15222.736328
1409    -15222.883789
1410    -15223.030273
1411    -15223.176758
1412    -15223.323242
1413    -15223.467773
1414    -15223.613281
1415    -15223.757812
1416    -15223.900391
1417    -15224.042969
1418    -15224.187500
1419    -15224.329102
1420    -15224.470703
1421    -15224.611328
1422    -15224.750000
1423    -15224.887695
1424    -15225.024414
1425    -15225.162109
1426    -15225.297852
1427    -15225.434570
1428    -15225.570312
1429    -15225.705078
1430    -15225.839844
1431    -15225.973633
1432    -15226.106445
1433    -15226.240234
1434    -15226.373047
1435    -15226.504883
1436    -15226.635742
1437    -15226.767578
1438    -15226.898438
1439    -15227.027344
1440    -15227.158203
1441    -15227.287109
1442    -15227.416016
1443    -15227.543945
1444    -15227.671875
1445    -15227.798828
1446    -15227.925781
1447    -15228.052734
1448    -15228.179688
1449    -15228.304688
1450    -15228.429688
1451    -15228.555664
1452    -15228.679688
1453    -15228.802734
1454    -15228.925781
1455    -15229.048828
1456    -15229.171875
1457    -15229.292969
1458    -15229.416016
1459    -15229.537109
1460    -15229.658203
1461    -15229.779297
1462    -15229.898438
1463    -15230.019531
1464    -15230.138672
1465    -15230.256836
1466    -15230.375000
1467    -15230.494141
1468    -15230.611328
1469    -15230.728516
1470    -15230.846680
1471    -15230.962891
1472    -15231.075195
1473    -15231.184570
1474    -15231.293945
1475    -15231.402344
1476    -15231.510742
1477    -15231.619141
1478    -15231.726562
1479    -15231.833984
1480    -15231.940430
1481    -15232.046875
1482    -15232.154297
1483    -15232.259766
1484    -15232.365234
1485    -15232.470703
1486    -15232.576172
1487    -15232.681641
1488    -15232.786133
1489    -15232.889648
1490    -15232.994141
1491    -15233.097656
1492    -15233.201172
1493    -15233.304688
1494    -15233.406250
1495    -15233.505859
1496    -15233.599609
1497    -15233.695312
1498    -15233.791016
1499    -15233.884766
1500    -15233.978516
1501    -15234.072266
1502    -15234.166016
1503    -15234.259766
1504    -15234.352539
1505    -15234.445312
1506    -15234.539062
1507    -15234.630859
1508    -15234.722656
1509    -15234.813477
1510    -15234.905273
1511    -15234.996094
1512    -15235.085938
1513    -15235.176758
1514    -15235.267578
1515    -15235.357422
1516    -15235.447266
1517    -15235.536133
1518    -15235.626953
1519    -15235.715820
1520    -15235.804688
1521    -15235.892578
1522    -15235.981445
1523    -15236.069336
1524    -15236.158203
1525    -15236.244141
1526    -15236.333008
1527    -15236.419922
1528    -15236.507812
1529    -15236.593750
1530    -15236.681641
1531    -15236.768555
1532    -15236.855469
1533    -15236.940430
1534    -15237.026367
1535    -15237.112305
1536    -15237.198242
1537    -15237.283203
1538    -15237.368164
1539    -15237.453125
1540    -15237.538086
1541    -15237.623047
1542    -15237.707031
1543    -15237.791016
1544    -15237.875000
1545    -15237.958008
1546    -15238.041992
1547    -15238.121094
1548    -15238.199219
1549    -15238.278320
1550    -15238.355469
1551    -15238.427734
1552    -15238.501953
1553    -15238.574219
1554    -15238.646484
1555    -15238.718750
1556    -15238.791016
1557    -15238.862305
1558    -15238.933594
1559    -15239.005859
1560    -15239.076172
1561    -15239.148438
1562    -15239.218750
1563    -15239.289062
1564    -15239.360352
1565    -15239.429688
1566    -15239.496094
1567    -15239.560547
1568    -15239.626953
1569    -15239.691406
1570    -15239.756836
1571    -15239.821289
1572    -15239.886719
1573    -15239.953125
1574    -15240.015625
1575    -15240.081055
1576    -15240.144531
1577    -15240.208984
1578    -15240.273438
1579    -15240.337891
1580    -15240.400391
1581    -15240.464844
1582    -15240.527344
1583    -15240.591797
1584    -15240.654297
1585    -15240.716797
1586    -15240.779297
1587    -15240.842773
1588    -15240.905273
1589    -15240.966797
1590    -15241.029297
1591    -15241.091797
1592    -15241.152344
1593    -15241.214844
1594    -15241.276367
1595    -15241.337891
1596    -15241.399414
1597    -15241.459961
1598    -15241.521484
1599    -15241.582031
1600    -15241.639648
1601    -15241.697266
1602    -15241.755859
1603    -15241.813477
1604    -15241.871094
1605    -15241.929688
1606    -15241.986328
1607    -15242.043945
1608    -15242.100586
1609    -15242.158203
1610    -15242.213867
1611    -15242.270508
1612    -15242.327148
1613    -15242.383789
1614    -15242.439453
1615    -15242.496094
1616    -15242.550781
1617    -15242.607422
1618    -15242.663086
1619    -15242.718750
1620    -15242.773438
1621    -15242.830078
1622    -15242.883789
1623    -15242.939453
1624    -15242.994141
1625    -15243.047852
1626    -15243.103516
1627    -15243.156250
1628    -15243.210938
1629    -15243.264648
1630    -15243.318359
1631    -15243.373047
1632    -15243.425781
1633    -15243.479492
1634    -15243.533203
1635    -15243.585938
1636    -15243.638672
1637    -15243.691406
1638    -15243.745117
1639    -15243.796875
1640    -15243.849609
1641    -15243.900391
1642    -15243.954102
1643    -15244.004883
1644    -15244.056641
1645    -15244.108398
1646    -15244.160156
1647    -15244.210938
1648    -15244.261719
1649    -15244.313477
1650    -15244.365234
1651    -15244.416016
1652    -15244.466797
1653    -15244.515625
1654    -15244.566406
1655    -15244.617188
1656    -15244.666992
1657    -15244.716797
1658    -15244.767578
1659    -15244.816406
1660    -15244.867188
1661    -15244.916016
1662    -15244.965820
1663    -15245.013672
1664    -15245.063477
1665    -15245.113281
1666    -15245.162109
1667    -15245.208984
1668    -15245.258789
1669    -15245.307617
1670    -15245.355469
1671    -15245.404297
1672    -15245.453125
1673    -15245.500977
1674    -15245.548828
1675    -15245.596680
1676    -15245.644531
1677    -15245.691406
1678    -15245.738281
1679    -15245.787109
1680    -15245.833984
1681    -15245.880859
1682    -15245.927734
1683    -15245.974609
1684    -15246.021484
1685    -15246.064453
1686    -15246.106445
1687    -15246.149414
1688    -15246.191406
1689    -15246.232422
1690    -15246.275391
1691    -15246.316406
1692    -15246.358398
1693    -15246.400391
1694    -15246.441406
1695    -15246.482422
1696    -15246.524414
1697    -15246.565430
1698    -15246.606445
1699    -15246.648438
1700    -15246.689453
1701    -15246.730469
1702    -15246.771484
1703    -15246.811523
1704    -15246.852539
1705    -15246.894531
1706    -15246.933594
1707    -15246.974609
1708    -15247.015625
1709    -15247.056641
1710    -15247.096680
1711    -15247.136719
1712    -15247.177734
1713    -15247.217773
1714    -15247.257812
1715    -15247.298828
1716    -15247.339844
1717    -15247.378906
1718    -15247.419922
1719    -15247.459961
1720    -15247.499023
1721    -15247.539062
1722    -15247.578125
1723    -15247.617188
1724    -15247.656250
1725    -15247.694336
1726    -15247.732422
1727    -15247.771484
1728    -15247.810547
1729    -15247.849609
1730    -15247.887695
1731    -15247.925781
1732    -15247.964844
1733    -15248.003906
1734    -15248.042969
1735    -15248.080078
1736    -15248.119141
1737    -15248.157227
1738    -15248.196289
1739    -15248.234375
1740    -15248.273438
1741    -15248.311523
1742    -15248.349609
1743    -15248.387695
1744    -15248.426758
1745    -15248.464844
1746    -15248.503906
1747    -15248.541016
1748    -15248.580078
1749    -15248.619141
1750    -15248.656250
1751    -15248.695312
1752    -15248.733398
1753    -15248.771484
1754    -15248.810547
1755    -15248.849609
1756    -15248.887695
1757    -15248.925781
1758    -15248.964844
1759    -15249.002930
1760    -15249.041016
1761    -15249.080078
1762    -15249.119141
1763    -15249.157227
1764    -15249.196289
1765    -15249.234375
1766    -15249.273438
1767    -15249.312500
1768    -15249.351562
1769    -15249.389648
1770    -15249.428711
1771    -15249.467773
1772    -15249.505859
1773    -15249.544922
1774    -15249.583984
1775    -15249.623047
1776    -15249.662109
1777    -15249.701172
1778    -15249.740234
1779    -15249.779297
1780    -15249.818359
1781    -15249.857422
1782    -15249.897461
1783    -15249.936523
1784    -15249.976562
1785    -15250.015625
1786    -15250.054688
1787    -15250.091797
1788    -15250.130859
1789    -15250.169922
1790    -15250.208984
1791    -15250.248047
1792    -15250.286133
1793    -15250.325195
1794    -15250.365234
1795    -15250.404297
1796    -15250.443359
1797    -15250.482422
1798    -15250.521484
1799    -15250.561523
1800    -15250.601562
1801    -15250.639648
1802    -15250.680664
1803    -15250.720703
1804    -15250.759766
1805    -15250.800781
1806    -15250.840820
1807    -15250.881836
1808    -15250.922852
1809    -15250.962891
1810    -15251.003906
1811    -15251.044922
1812    -15251.085938
1813    -15251.126953
1814    -15251.168945
1815    -15251.210938
1816    -15251.251953
1817    -15251.293945
1818    -15251.335938
1819    -15251.377930
1820    -15251.419922
1821    -15251.462891
1822    -15251.504883
1823    -15251.548828
1824    -15251.591797
1825    -15251.634766
1826    -15251.677734
1827    -15251.720703
1828    -15251.764648
1829    -15251.808594
1830    -15251.852539
1831    -15251.896484
1832    -15251.941406
1833    -15251.986328
1834    -15252.031250
1835    -15252.076172
1836    -15252.120117
1837    -15252.166016
1838    -15252.210938
1839    -15252.256836
1840    -15252.302734
1841    -15252.348633
1842    -15252.395508
1843    -15252.441406
1844    -15252.488281
1845    -15252.535156
1846    -15252.582031
1847    -15252.629883
1848    -15252.677734
1849    -15252.725586
1850    -15252.773438
1851    -15252.821289
1852    -15252.870117
1853    -15252.917969
1854    -15252.967773
1855    -15253.015625
1856    -15253.064453
1857    -15253.112305
1858    -15253.162109
1859    -15253.210938
1860    -15253.259766
1861    -15253.308594
1862    -15253.357422
1863    -15253.408203
1864    -15253.458008
1865    -15253.507812
1866    -15253.558594
1867    -15253.609375
1868    -15253.659180
1869    -15253.708984
1870    -15253.759766
1871    -15253.810547
1872    -15253.862305
1873    -15253.914062
1874    -15253.964844
1875    -15254.016602
1876    -15254.068359
1877    -15254.121094
1878    -15254.173828
1879    -15254.226562
1880    -15254.279297
1881    -15254.332031
1882    -15254.385742
1883    -15254.439453
1884    -15254.494141
1885    -15254.547852
1886    -15254.601562
1887    -15254.656250
1888    -15254.710938
1889    -15254.766602
1890    -15254.822266
1891    -15254.876953
1892    -15254.929688
1893    -15254.982422
1894    -15255.037109
1895    -15255.089844
1896    -15255.142578
1897    -15255.197266
1898    -15255.250977
1899    -15255.306641
1900    -15255.360352
1901    -15255.416016
1902    -15255.470703
1903    -15255.526367
1904    -15255.582031
1905    -15255.637695
1906    -15255.693359
1907    -15255.749023
1908    -15255.805664
1909    -15255.862305
1910    -15255.919922
1911    -15255.976562
1912    -15256.033203
1913    -15256.091797
1914    -15256.148438
1915    -15256.207031
1916    -15256.264648
1917    -15256.324219
1918    -15256.380859
1919    -15256.441406
1920    -15256.499023
1921    -15256.558594
1922    -15256.618164
1923    -15256.677734
1924    -15256.738281
1925    -15256.797852
1926    -15256.857422
1927    -15256.917969
1928    -15256.978516
1929    -15257.038086
1930    -15257.099609
1931    -15257.160156
1932    -15257.220703
1933    -15257.283203
1934    -15257.343750
1935    -15257.405273
1936    -15257.466797
1937    -15257.528320
1938    -15257.589844
1939    -15257.652344
1940    -15257.712891
1941    -15257.775391
1942    -15257.837891
1943    -15257.900391
1944    -15257.962891
1945    -15258.025391
1946    -15258.086914
1947    -15258.148438
1948    -15258.209961
1949    -15258.271484
1950    -15258.333984
1951    -15258.395508
1952    -15258.457031
1953    -15258.516602
1954    -15258.575195
1955    -15258.634766
1956    -15258.695312
1957    -15258.755859
1958    -15258.816406
1959    -15258.875000
1960    -15258.935547
1961    -15258.996094
1962    -15259.056641
1963    -15259.117188
1964    -15259.177734
1965    -15259.238281
1966    -15259.298828
1967    -15259.359375
1968    -15259.419922
1969    -15259.480469
1970    -15259.541016
1971    -15259.601562
1972    -15259.662109
1973    -15259.722656
1974    -15259.784180
1975    -15259.844727
1976    -15259.906250
1977    -15259.966797
1978    -15260.027344
1979    -15260.087891
1980    -15260.148438
1981    -15260.208984
1982    -15260.269531
1983    -15260.330078
1984    -15260.390625
1985    -15260.453125
1986    -15260.511719
1987    -15260.573242
1988    -15260.632812
1989    -15260.693359
1990    -15260.753906
1991    -15260.814453
1992    -15260.875000
1993    -15260.934570
1994    -15260.996094
1995    -15261.054688
1996    -15261.115234
1997    -15261.175781
1998    -15261.234375
1999    -15261.294922
2000    -15261.354492
2001    -15261.415039
2002    -15261.474609
2003    -15261.533203
2004    -15261.593750
2005    -15261.652344
2006    -15261.711914
2007    -15261.770508
2008    -15261.829102
2009    -15261.888672
2010    -15261.947266
2011    -15262.005859
2012    -15262.064453
2013    -15262.123047
2014    -15262.181641
2015    -15262.240234
2016    -15262.298828
2017    -15262.356445
2018    -15262.414062
2019    -15262.472656
2020    -15262.530273
2021    -15262.587891
2022    -15262.645508
2023    -15262.702148
2024    -15262.760742
2025    -15262.817383
2026    -15262.875000
2027    -15262.931641
2028    -15262.988281
2029    -15263.045898
2030    -15263.102539
2031    -15263.159180
2032    -15263.216797
2033    -15263.271484
2034    -15263.329102
2035    -15263.384766
2036    -15263.441406
2037    -15263.498047
2038    -15263.552734
2039    -15263.609375
2040    -15263.664062
2041    -15263.719727
2042    -15263.775391
2043    -15263.831055
2044    -15263.886719
2045    -15263.941406
2046    -15263.997070
2047    -15264.052734
2048    -15264.107422
2049    -15264.162109
2050    -15264.217773
2051    -15264.271484
2052    -15264.327148
2053    -15264.382812
2054    -15264.436523
2055    -15264.491211
2056    -15264.545898
2057    -15264.601562
2058    -15264.654297
2059    -15264.708984
2060    -15264.763672
2061    -15264.818359
2062    -15264.872070
2063    -15264.926758
2064    -15264.980469
2065    -15265.035156
2066    -15265.089844
2067    -15265.143555
2068    -15265.198242
2069    -15265.251953
2070    -15265.305664
2071    -15265.360352
2072    -15265.414062
2073    -15265.468750
2074    -15265.523438
2075    -15265.576172
2076    -15265.632812
2077    -15265.685547
2078    -15265.740234
2079    -15265.794922
2080    -15265.847656
2081    -15265.903320
2082    -15265.958008
2083    -15266.012695
2084    -15266.066406
2085    -15266.122070
2086    -15266.175781
2087    -15266.230469
2088    -15266.286133
2089    -15266.340820
2090    -15266.394531
2091    -15266.451172
2092    -15266.505859
2093    -15266.561523
2094    -15266.617188
2095    -15266.671875
2096    -15266.727539
2097    -15266.783203
2098    -15266.839844
2099    -15266.894531
2100    -15266.951172
2101    -15267.007812
2102    -15267.063477
2103    -15267.121094
2104    -15267.177734
2105    -15267.234375
2106    -15267.291016
2107    -15267.347656
2108    -15267.405273
2109    -15267.462891
2110    -15267.521484
2111    -15267.579102
2112    -15267.636719
2113    -15267.695312
2114    -15267.752930
2115    -15267.811523
2116    -15267.870117
2117    -15267.929688
2118    -15267.988281
2119    -15268.046875
2120    -15268.106445
2121    -15268.166016
2122    -15268.226562
2123    -15268.286133
2124    -15268.347656
2125    -15268.408203
2126    -15268.467773
2127    -15268.529297
2128    -15268.590820
2129    -15268.652344
2130    -15268.714844
2131    -15268.777344
2132    -15268.839844
2133    -15268.902344
2134    -15268.967773
2135    -15269.031250
2136    -15269.094727
2137    -15269.159180
2138    -15269.222656
2139    -15269.282227
2140    -15269.340820
2141    -15269.400391
2142    -15269.460938
2143    -15269.521484
2144    -15269.581055
2145    -15269.642578
2146    -15269.705078
2147    -15269.765625
2148    -15269.828125
2149    -15269.891602
2150    -15269.955078
2151    -15270.018555
2152    -15270.083984
2153    -15270.148438
2154    -15270.213867
2155    -15270.279297
2156    -15270.345703
2157    -15270.413086
2158    -15270.480469
2159    -15270.548828
2160    -15270.616211
2161    -15270.685547
2162    -15270.755859
2163    -15270.825195
2164    -15270.896484
2165    -15270.967773
2166    -15271.039062
2167    -15271.111328
2168    -15271.184570
2169    -15271.257812
2170    -15271.332031
2171    -15271.406250
2172    -15271.482422
2173    -15271.557617
2174    -15271.634766
2175    -15271.710938
2176    -15271.789062
2177    -15271.867188
2178    -15271.947266
2179    -15272.026367
2180    -15272.107422
2181    -15272.187500
2182    -15272.269531
2183    -15272.351562
2184    -15272.435547
2185    -15272.519531
2186    -15272.603516
2187    -15272.687500
2188    -15272.773438
2189    -15272.861328
2190    -15272.947266
2191    -15273.035156
2192    -15273.124023
2193    -15273.212891
2194    -15273.302734
2195    -15273.394531
2196    -15273.486328
2197    -15273.578125
2198    -15273.669922
2199    -15273.763672
2200    -15273.858398
2201    -15273.953125
2202    -15274.048828
2203    -15274.145508
2204    -15274.242188
2205    -15274.340820
2206    -15274.439453
2207    -15274.539062
2208    -15274.639648
2209    -15274.740234
2210    -15274.837891
2211    -15274.935547
2212    -15275.032227
2213    -15275.128906
2214    -15275.227539
2215    -15275.328125
2216    -15275.427734
2217    -15275.528320
2218    -15275.630859
2219    -15275.732422
2220    -15275.834961
2221    -15275.939453
2222    -15276.042969
2223    -15276.148438
2224    -15276.253906
2225    -15276.361328
2226    -15276.467773
2227    -15276.576172
2228    -15276.683594
2229    -15276.792969
2230    -15276.903320
2231    -15277.013672
2232    -15277.124023
2233    -15277.236328
2234    -15277.347656
2235    -15277.460938
2236    -15277.576172
2237    -15277.689453
2238    -15277.803711
2239    -15277.918945
2240    -15278.035156
2241    -15278.151367
2242    -15278.268555
2243    -15278.386719
2244    -15278.503906
2245    -15278.623047
2246    -15278.742188
2247    -15278.861328
2248    -15278.980469
2249    -15279.101562
2250    -15279.222656
2251    -15279.343750
2252    -15279.464844
2253    -15279.587891
2254    -15279.709961
2255    -15279.832031
2256    -15279.955078
2257    -15280.080078
2258    -15280.203125
2259    -15280.327148
2260    -15280.452148
2261    -15280.577148
2262    -15280.702148
2263    -15280.826172
2264    -15280.953125
2265    -15281.078125
2266    -15281.205078
2267    -15281.330078
2268    -15281.457031
2269    -15281.582031
2270    -15281.708984
2271    -15281.835938
2272    -15281.962891
2273    -15282.088867
2274    -15282.214844
2275    -15282.341797
2276    -15282.468750
2277    -15282.596680
2278    -15282.722656
2279    -15282.849609
2280    -15282.976562
2281    -15283.104492
2282    -15283.230469
2283    -15283.357422
2284    -15283.484375
2285    -15283.612305
2286    -15283.738281
2287    -15283.865234
2288    -15283.991211
2289    -15284.117188
2290    -15284.244141
2291    -15284.369141
2292    -15284.496094
2293    -15284.622070
2294    -15284.748047
2295    -15284.873047
2296    -15284.998047
2297    -15285.124023
2298    -15285.248047
2299    -15285.373047
2300    -15285.498047
2301    -15285.621094
2302    -15285.746094
2303    -15285.869141
2304    -15285.993164
2305    -15286.117188
2306    -15286.240234
2307    -15286.363281
2308    -15286.484375
2309    -15286.607422
2310    -15286.728516
2311    -15286.849609
2312    -15286.972656
2313    -15287.093750
2314    -15287.214844
2315    -15287.333984
2316    -15287.455078
2317    -15287.576172
2318    -15287.694336
2319    -15287.814453
2320    -15287.934570
2321    -15288.052734
2322    -15288.171875
2323    -15288.289062
2324    -15288.407227
2325    -15288.525391
2326    -15288.643555
2327    -15288.759766
2328    -15288.877930
2329    -15288.994141
2330    -15289.111328
2331    -15289.228516
2332    -15289.342773
2333    -15289.458984
2334    -15289.574219
2335    -15289.689453
2336    -15289.804688
2337    -15289.919922
2338    -15290.034180
2339    -15290.148438
2340    -15290.262695
2341    -15290.376953
2342    -15290.491211
2343    -15290.604492
2344    -15290.716797
2345    -15290.832031
2346    -15290.943359
2347    -15291.056641
2348    -15291.169922
2349    -15291.283203
2350    -15291.394531
2351    -15291.507812
2352    -15291.620117
2353    -15291.732422
2354    -15291.843750
2355    -15291.956055
2356    -15292.067383
2357    -15292.178711
2358    -15292.290039
2359    -15292.400391
2360    -15292.510742
2361    -15292.621094
2362    -15292.730469
2363    -15292.839844
2364    -15292.950195
2365    -15293.058594
2366    -15293.168945
2367    -15293.278320
2368    -15293.387695
2369    -15293.498047
2370    -15293.607422
2371    -15293.715820
2372    -15293.824219
2373    -15293.933594
2374    -15294.042969
2375    -15294.151367
2376    -15294.259766
2377    -15294.368164
2378    -15294.477539
2379    -15294.583984
2380    -15294.692383
2381    -15294.800781
2382    -15294.908203
2383    -15295.015625
2384    -15295.119141
2385    -15295.221680
2386    -15295.324219
2387    -15295.427734
2388    -15295.530273
2389    -15295.632812
2390    -15295.734375
2391    -15295.836914
2392    -15295.939453
2393    -15296.040039
2394    -15296.141602
2395    -15296.243164
2396    -15296.343750
2397    -15296.443359
2398    -15296.544922
2399    -15296.644531
2400    -15296.744141
2401    -15296.843750
2402    -15296.943359
2403    -15297.041992
2404    -15297.139648
2405    -15297.238281
2406    -15297.335938
2407    -15297.433594
2408    -15297.530273
2409    -15297.626953
2410    -15297.722656
2411    -15297.819336
2412    -15297.914062
2413    -15298.008789
2414    -15298.102539
2415    -15298.197266
2416    -15298.290039
2417    -15298.382812
2418    -15298.476562
2419    -15298.567383
2420    -15298.658203
2421    -15298.750000
2422    -15298.839844
2423    -15298.929688
2424    -15299.019531
2425    -15299.107422
2426    -15299.195312
2427    -15299.283203
2428    -15299.369141
2429    -15299.453125
2430    -15299.536133
2431    -15299.617188
2432    -15299.699219
2433    -15299.779297
2434    -15299.859375
2435    -15299.939453
2436    -15300.017578
2437    -15300.095703
2438    -15300.173828
2439    -15300.250977
2440    -15300.328125
2441    -15300.403320
2442    -15300.478516
2443    -15300.552734
2444    -15300.625977
2445    -15300.699219
2446    -15300.770508
2447    -15300.841797
2448    -15300.912109
2449    -15300.982422
2450    -15301.052734
2451    -15301.121094
2452    -15301.189453
2453    -15301.257812
2454    -15301.324219
2455    -15301.390625
2456    -15301.457031
2457    -15301.522461
2458    -15301.587891
2459    -15301.651367
2460    -15301.715820
2461    -15301.779297
2462    -15301.840820
2463    -15301.903320
2464    -15301.961914
2465    -15302.016602
2466    -15302.070312
2467    -15302.125000
2468    -15302.177734
2469    -15302.231445
2470    -15302.283203
2471    -15302.334961
2472    -15302.387695
2473    -15302.439453
2474    -15302.489258
2475    -15302.540039
2476    -15302.589844
2477    -15302.639648
2478    -15302.688477
2479    -15302.736328
2480    -15302.785156
2481    -15302.833008
2482    -15302.879883
2483    -15302.926758
2484    -15302.973633
2485    -15303.019531
2486    -15303.066406
2487    -15303.111328
2488    -15303.154297
2489    -15303.195312
2490    -15303.238281
2491    -15303.279297
2492    -15303.321289
2493    -15303.361328
2494    -15303.402344
2495    -15303.443359
2496    -15303.482422
2497    -15303.521484
2498    -15303.561523
2499    -15303.600586
2500    -15303.638672
2501    -15303.677734
2502    -15303.715820
2503    -15303.753906
2504    -15303.791016
2505    -15303.829102
2506    -15303.865234
2507    -15303.903320
2508    -15303.938477
2509    -15303.975586
2510    -15304.011719
2511    -15304.046875
2512    -15304.083008
2513    -15304.118164
2514    -15304.153320
2515    -15304.188477
2516    -15304.222656
2517    -15304.257812
2518    -15304.291992
2519    -15304.326172
2520    -15304.359375
2521    -15304.393555
2522    -15304.425781
2523    -15304.459961
2524    -15304.493164
2525    -15304.525391
2526    -15304.558594
2527    -15304.591797
2528    -15304.623047
2529    -15304.655273
2530    -15304.679688
2531    -15304.703125
2532    -15304.726562
2533    -15304.750977
2534    -15304.775391
2535    -15304.798828
2536    -15304.822266
2537    -15304.845703
2538    -15304.869141
2539    -15304.892578
2540    -15304.916016
2541    -15304.939453
2542    -15304.962891
2543    -15304.985352
2544    -15305.007812
2545    -15305.031250
2546    -15305.054688
2547    -15305.076172
2548    -15305.098633
2549    -15305.122070
2550    -15305.144531
2551    -15305.166016
2552    -15305.189453
2553    -15305.210938
2554    -15305.233398
2555    -15305.254883
2556    -15305.277344
2557    -15305.299805
2558    -15305.321289
2559    -15305.343750
2560    -15305.365234
2561    -15305.386719
2562    -15305.409180
2563    -15305.429688
2564    -15305.451172
2565    -15305.472656
2566    -15305.495117
2567    -15305.516602
2568    -15305.537109
2569    -15305.558594
2570    -15305.580078
2571    -15305.599609
2572    -15305.620117
2573    -15305.640625
2574    -15305.661133
2575    -15305.681641
2576    -15305.701172
2577    -15305.720703
2578    -15305.742188
2579    -15305.758789
2580    -15305.771484
2581    -15305.785156
2582    -15305.796875
2583    -15305.810547
2584    -15305.824219
2585    -15305.837891
2586    -15305.851562
2587    -15305.865234
2588    -15305.878906
2589    -15305.891602
2590    -15305.906250
2591    -15305.918945
2592    -15305.932617
2593    -15305.945312
2594    -15305.959961
2595    -15305.973633
2596    -15305.988281
2597    -15306.001953
2598    -15306.015625
2599    -15306.029297
2600    -15306.043945
2601    -15306.056641
2602    -15306.071289
2603    -15306.085938
2604    -15306.100586
2605    -15306.114258
2606    -15306.128906
2607    -15306.143555
2608    -15306.157227
2609    -15306.171875
2610    -15306.186523
2611    -15306.201172
2612    -15306.215820
2613    -15306.231445
2614    -15306.245117
2615    -15306.259766
2616    -15306.274414
2617    -15306.289062
2618    -15306.304688
2619    -15306.320312
2620    -15306.334961
2621    -15306.349609
2622    -15306.365234
2623    -15306.380859
2624    -15306.396484
2625    -15306.412109
2626    -15306.426758
2627    -15306.441406
2628    -15306.458008
2629    -15306.473633
2630    -15306.489258
2631    -15306.505859
2632    -15306.521484
2633    -15306.537109
2634    -15306.551758
2635    -15306.568359
2636    -15306.584961
2637    -15306.600586
2638    -15306.617188
2639    -15306.632812
2640    -15306.649414
2641    -15306.666016
2642    -15306.681641
2643    -15306.697266
2644    -15306.714844
2645    -15306.731445
2646    -15306.748047
2647    -15306.765625
2648    -15306.781250
2649    -15306.798828
2650    -15306.814453
2651    -15306.832031
2652    -15306.849609
2653    -15306.866211
2654    -15306.883789
2655    -15306.900391
2656    -15306.916992
2657    -15306.934570
2658    -15306.952148
2659    -15306.970703
2660    -15306.987305
2661    -15307.004883
2662    -15307.021484
2663    -15307.041016
2664    -15307.058594
2665    -15307.075195
2666    -15307.093750
2667    -15307.111328
2668    -15307.128906
2669    -15307.146484
2670    -15307.164062
2671    -15307.183594
2672    -15307.201172
2673    -15307.218750
2674    -15307.238281
2675    -15307.255859
2676    -15307.274414
2677    -15307.292969
2678    -15307.312500
2679    -15307.330078
2680    -15307.348633
2681    -15307.367188
2682    -15307.386719
2683    -15307.405273
2684    -15307.423828
2685    -15307.443359
2686    -15307.461914
2687    -15307.480469
2688    -15307.500000
2689    -15307.518555
2690    -15307.537109
2691    -15307.556641
2692    -15307.576172
2693    -15307.595703
2694    -15307.615234
2695    -15307.633789
2696    -15307.654297
2697    -15307.672852
2698    -15307.691406
2699    -15307.711914
2700    -15307.732422
2701    -15307.750977
2702    -15307.771484
2703    -15307.791016
2704    -15307.810547
2705    -15307.830078
2706    -15307.850586
2707    -15307.870117
2708    -15307.888672
2709    -15307.910156
2710    -15307.929688
2711    -15307.950195
2712    -15307.970703
2713    -15307.990234
2714    -15308.009766
2715    -15308.030273
2716    -15308.050781
2717    -15308.070312
2718    -15308.090820
2719    -15308.111328
2720    -15308.131836
2721    -15308.152344
2722    -15308.171875
2723    -15308.192383
2724    -15308.212891
2725    -15308.232422
2726    -15308.251953
2727    -15308.271484
2728    -15308.291016
2729    -15308.310547
2730    -15308.330078
2731    -15308.349609
2732    -15308.368164
2733    -15308.387695
2734    -15308.407227
2735    -15308.425781
2736    -15308.447266
2737    -15308.464844
2738    -15308.485352
2739    -15308.503906
2740    -15308.524414
2741    -15308.543945
2742    -15308.563477
2743    -15308.582031
2744    -15308.602539
2745    -15308.623047
2746    -15308.641602
2747    -15308.660156
2748    -15308.680664
2749    -15308.701172
2750    -15308.719727
2751    -15308.740234
2752    -15308.757812
2753    -15308.779297
2754    -15308.797852
2755    -15308.818359
2756    -15308.835938
2757    -15308.857422
2758    -15308.876953
2759    -15308.895508
2760    -15308.916016
2761    -15308.935547
2762    -15308.955078
2763    -15308.973633
2764    -15308.993164
2765    -15309.011719
2766    -15309.031250
2767    -15309.050781
2768    -15309.070312
2769    -15309.089844
2770    -15309.109375
2771    -15309.127930
2772    -15309.146484
2773    -15309.166016
2774    -15309.184570
2775    -15309.204102
2776    -15309.224609
2777    -15309.242188
2778    -15309.261719
2779    -15309.280273
2780    -15309.298828
2781    -15309.317383
2782    -15309.336914
2783    -15309.356445
2784    -15309.375000
2785    -15309.393555
2786    -15309.412109
2787    -15309.430664
2788    -15309.449219
2789    -15309.468750
2790    -15309.486328
2791    -15309.505859
2792    -15309.525391
2793    -15309.542969
2794    -15309.560547
2795    -15309.580078
2796    -15309.598633
2797    -15309.616211
2798    -15309.634766
2799    -15309.653320
2800    -15309.671875
2801    -15309.689453
2802    -15309.708008
2803    -15309.726562
2804    -15309.744141
2805    -15309.762695
2806    -15309.781250
2807    -15309.798828
2808    -15309.817383
2809    -15309.834961
2810    -15309.853516
2811    -15309.871094
2812    -15309.888672
2813    -15309.906250
2814    -15309.923828
2815    -15309.941406
2816    -15309.959961
2817    -15309.978516
2818    -15309.995117
2819    -15310.012695
2820    -15310.031250
2821    -15310.047852
2822    -15310.066406
2823    -15310.083984
2824    -15310.100586
2825    -15310.118164
2826    -15310.135742
2827    -15310.152344
2828    -15310.169922
2829    -15310.187500
2830    -15310.205078
2831    -15310.222656
2832    -15310.239258
2833    -15310.256836
2834    -15310.273438
2835    -15310.291016
2836    -15310.307617
2837    -15310.324219
2838    -15310.341797
2839    -15310.359375
2840    -15310.376953
2841    -15310.392578
2842    -15310.410156
2843    -15310.426758
2844    -15310.444336
2845    -15310.460938
2846    -15310.477539
2847    -15310.495117
2848    -15310.511719
2849    -15310.528320
2850    -15310.544922
2851    -15310.562500
2852    -15310.578125
2853    -15310.594727
2854    -15310.612305
2855    -15310.628906
2856    -15310.644531
2857    -15310.662109
2858    -15310.679688
2859    -15310.696289
2860    -15310.712891
2861    -15310.728516
2862    -15310.746094
2863    -15310.761719
2864    -15310.779297
2865    -15310.795898
2866    -15310.812500
2867    -15310.829102
2868    -15310.845703
2869    -15310.862305
2870    -15310.878906
2871    -15310.895508
2872    -15310.912109
2873    -15310.929688
2874    -15310.946289
2875    -15310.962891
2876    -15310.979492
2877    -15310.996094
2878    -15311.013672
2879    -15311.030273
2880    -15311.046875
2881    -15311.063477
2882    -15311.080078
2883    -15311.097656
2884    -15311.114258
2885    -15311.130859
2886    -15311.148438
2887    -15311.165039
2888    -15311.181641
2889    -15311.199219
2890    -15311.216797
2891    -15311.233398
2892    -15311.250000
2893    -15311.267578
2894    -15311.285156
2895    -15311.302734
2896    -15311.319336
2897    -15311.335938
2898    -15311.353516
2899    -15311.372070
2900    -15311.388672
2901    -15311.407227
2902    -15311.423828
2903    -15311.441406
2904    -15311.458984
2905    -15311.476562
2906    -15311.494141
2907    -15311.511719
2908    -15311.529297
2909    -15311.548828
2910    -15311.566406
2911    -15311.584961
2912    -15311.602539
2913    -15311.621094
2914    -15311.638672
2915    -15311.656250
2916    -15311.675781
2917    -15311.693359
2918    -15311.712891
2919    -15311.731445
2920    -15311.750000
2921    -15311.768555
2922    -15311.787109
2923    -15311.806641
2924    -15311.825195
2925    -15311.843750
2926    -15311.864258
2927    -15311.882812
2928    -15311.902344
2929    -15311.921875
2930    -15311.941406
2931    -15311.960938
2932    -15311.981445
2933    -15312.000000
2934    -15312.020508
2935    -15312.040039
2936    -15312.060547
2937    -15312.081055
2938    -15312.101562
2939    -15312.122070
2940    -15312.142578
2941    -15312.164062
2942    -15312.183594
2943    -15312.205078
2944    -15312.225586
2945    -15312.247070
2946    -15312.268555
2947    -15312.290039
2948    -15312.310547
2949    -15312.333008
2950    -15312.354492
2951    -15312.376953
2952    -15312.398438
2953    -15312.419922
2954    -15312.443359
2955    -15312.464844
2956    -15312.487305
2957    -15312.509766
2958    -15312.532227
2959    -15312.555664
2960    -15312.578125
2961    -15312.601562
2962    -15312.625000
2963    -15312.648438
2964    -15312.671875
2965    -15312.695312
2966    -15312.718750
2967    -15312.743164
2968    -15312.767578
2969    -15312.791016
2970    -15312.816406
2971    -15312.840820
2972    -15312.864258
2973    -15312.890625
2974    -15312.914062
2975    -15312.939453
2976    -15312.964844
2977    -15312.990234
2978    -15313.015625
2979    -15313.040039
2980    -15313.066406
2981    -15313.092773
2982    -15313.118164
2983    -15313.144531
2984    -15313.169922
2985    -15313.197266
2986    -15313.222656
2987    -15313.250000
2988    -15313.276367
2989    -15313.302734
2990    -15313.330078
2991    -15313.357422
2992    -15313.384766
2993    -15313.412109
2994    -15313.439453
2995    -15313.466797
2996    -15313.494141
2997    -15313.521484
2998    -15313.548828
2999    -15313.578125
3000    -15313.605469
3001    -15313.632812
3002    -15313.662109
3003    -15313.691406
3004    -15313.718750
3005    -15313.748047
3006    -15313.775391
3007    -15313.805664
3008    -15313.833984
3009    -15313.863281
3010    -15313.892578
3011    -15313.921875
3012    -15313.950195
3013    -15313.980469
3014    -15314.008789
3015    -15314.038086
3016    -15314.068359
3017    -15314.097656
3018    -15314.126953
3019    -15314.157227
3020    -15314.185547
3021    -15314.215820
3022    -15314.246094
3023    -15314.276367
3024    -15314.305664
3025    -15314.335938
3026    -15314.365234
3027    -15314.395508
3028    -15314.425781
3029    -15314.455078
3030    -15314.485352
3031    -15314.515625
3032    -15314.545898
3033    -15314.576172
3034    -15314.607422
3035    -15314.636719
3036    -15314.666992
3037    -15314.697266
3038    -15314.726562
3039    -15314.757812
3040    -15314.787109
3041    -15314.817383
3042    -15314.847656
3043    -15314.878906
3044    -15314.908203
3045    -15314.939453
3046    -15314.968750
3047    -15314.999023
3048    -15315.028320
3049    -15315.058594
3050    -15315.088867
3051    -15315.119141
3052    -15315.148438
3053    -15315.178711
3054    -15315.208008
3055    -15315.238281
3056    -15315.268555
3057    -15315.298828
3058    -15315.328125
3059    -15315.357422
3060    -15315.386719
3061    -15315.416016
3062    -15315.446289
3063    -15315.475586
3064    -15315.504883
3065    -15315.535156
3066    -15315.563477
3067    -15315.593750
3068    -15315.622070
3069    -15315.650391
3070    -15315.680664
3071    -15315.708984
3072    -15315.738281
3073    -15315.766602
3074    -15315.795898
3075    -15315.824219
3076    -15315.853516
3077    -15315.881836
3078    -15315.910156
3079    -15315.938477
3080    -15315.966797
3081    -15315.994141
3082    -15316.023438
3083    -15316.051758
3084    -15316.080078
3085    -15316.107422
3086    -15316.134766
3087    -15316.160156
3088    -15316.185547
3089    -15316.210938
3090    -15316.236328
3091    -15316.261719
3092    -15316.287109
3093    -15316.312500
3094    -15316.336914
3095    -15316.362305
3096    -15316.386719
3097    -15316.412109
3098    -15316.436523
3099    -15316.460938
3100    -15316.486328
3101    -15316.511719
3102    -15316.535156
3103    -15316.560547
3104    -15316.584961
3105    -15316.608398
3106    -15316.632812
3107    -15316.657227
3108    -15316.681641
3109    -15316.705078
3110    -15316.729492
3111    -15316.753906
3112    -15316.777344
3113    -15316.802734
3114    -15316.826172
3115    -15316.850586
3116    -15316.873047
3117    -15316.897461
3118    -15316.921875
3119    -15316.945312
3120    -15316.968750
3121    -15316.992188
3122    -15317.016602
3123    -15317.040039
3124    -15317.063477
3125    -15317.087891
3126    -15317.111328
3127    -15317.133789
3128    -15317.158203
3129    -15317.180664
3130    -15317.204102
3131    -15317.227539
3132    -15317.250977
3133    -15317.273438
3134    -15317.298828
3135    -15317.320312
3136    -15317.343750
3137    -15317.367188
3138    -15317.390625
3139    -15317.414062
3140    -15317.437500
3141    -15317.460938
3142    -15317.483398
3143    -15317.505859
3144    -15317.529297
3145    -15317.552734
3146    -15317.576172
3147    -15317.599609
3148    -15317.622070
3149    -15317.646484
3150    -15317.667969
3151    -15317.691406
3152    -15317.714844
3153    -15317.738281
3154    -15317.761719
3155    -15317.785156
3156    -15317.807617
3157    -15317.830078
3158    -15317.854492
3159    -15317.876953
3160    -15317.900391
3161    -15317.923828
3162    -15317.946289
3163    -15317.970703
3164    -15317.993164
3165    -15318.016602
3166    -15318.039062
3167    -15318.063477
3168    -15318.086914
3169    -15318.109375
3170    -15318.133789
3171    -15318.156250
3172    -15318.181641
3173    -15318.203125
3174    -15318.226562
3175    -15318.250000
3176    -15318.273438
3177    -15318.297852
3178    -15318.321289
3179    -15318.344727
3180    -15318.369141
3181    -15318.392578
3182    -15318.416016
3183    -15318.439453
3184    -15318.464844
3185    -15318.488281
3186    -15318.511719
3187    -15318.536133
3188    -15318.560547
3189    -15318.584961
3190    -15318.607422
3191    -15318.631836
3192    -15318.656250
3193    -15318.680664
3194    -15318.705078
3195    -15318.728516
3196    -15318.753906
3197    -15318.777344
3198    -15318.801758
3199    -15318.824219
3200    -15318.847656
3201    -15318.870117
3202    -15318.893555
3203    -15318.916016
3204    -15318.939453
3205    -15318.961914
3206    -15318.986328
3207    -15319.009766
3208    -15319.033203
3209    -15319.056641
3210    -15319.079102
3211    -15319.102539
3212    -15319.126953
3213    -15319.150391
3214    -15319.173828
3215    -15319.197266
3216    -15319.220703
3217    -15319.245117
3218    -15319.268555
3219    -15319.291992
3220    -15319.316406
3221    -15319.339844
3222    -15319.364258
3223    -15319.388672
3224    -15319.412109
3225    -15319.436523
3226    -15319.460938
3227    -15319.485352
3228    -15319.509766
3229    -15319.534180
3230    -15319.558594
3231    -15319.582031
3232    -15319.607422
3233    -15319.631836
3234    -15319.655273
3235    -15319.681641
3236    -15319.705078
3237    -15319.730469
3238    -15319.755859
3239    -15319.779297
3240    -15319.804688
3241    -15319.829102
3242    -15319.854492
3243    -15319.878906
3244    -15319.904297
3245    -15319.929688
3246    -15319.955078
3247    -15319.980469
3248    -15320.004883
3249    -15320.030273
3250    -15320.054688
3251    -15320.080078
3252    -15320.105469
3253    -15320.130859
3254    -15320.156250
3255    -15320.181641
3256    -15320.207031
3257    -15320.232422
3258    -15320.257812
3259    -15320.283203
3260    -15320.308594
3261    -15320.333984
3262    -15320.360352
3263    -15320.384766
3264    -15320.411133
3265    -15320.437500
3266    -15320.462891
3267    -15320.488281
3268    -15320.512695
3269    -15320.539062
3270    -15320.564453
3271    -15320.590820
3272    -15320.615234
3273    -15320.640625
3274    -15320.666992
3275    -15320.692383
3276    -15320.718750
3277    -15320.744141
3278    -15320.769531
3279    -15320.795898
3280    -15320.821289
3281    -15320.846680
3282    -15320.872070
3283    -15320.898438
3284    -15320.922852
3285    -15320.949219
3286    -15320.974609
3287    -15321.000000
3288    -15321.025391
3289    -15321.050781
3290    -15321.076172
3291    -15321.101562
3292    -15321.126953
3293    -15321.153320
3294    -15321.177734
3295    -15321.203125
3296    -15321.228516
3297    -15321.253906
3298    -15321.279297
3299    -15321.304688
3300    -15321.329102
3301    -15321.353516
3302    -15321.380859
3303    -15321.405273
3304    -15321.429688
3305    -15321.454102
3306    -15321.480469
3307    -15321.503906
3308    -15321.529297
3309    -15321.554688
3310    -15321.580078
3311    -15321.603516
3312    -15321.628906
3313    -15321.654297
3314    -15321.678711
3315    -15321.703125
3316    -15321.727539
3317    -15321.751953
3318    -15321.777344
3319    -15321.800781
3320    -15321.826172
3321    -15321.849609
3322    -15321.873047
3323    -15321.898438
3324    -15321.921875
3325    -15321.946289
3326    -15321.970703
3327    -15321.994141
3328    -15322.018555
3329    -15322.042969
3330    -15322.066406
3331    -15322.089844
3332    -15322.113281
3333    -15322.136719
3334    -15322.161133
3335    -15322.183594
3336    -15322.207031
3337    -15322.230469
3338    -15322.253906
3339    -15322.277344
3340    -15322.300781
3341    -15322.324219
3342    -15322.346680
3343    -15322.371094
3344    -15322.392578
3345    -15322.416016
3346    -15322.439453
3347    -15322.460938
3348    -15322.484375
3349    -15322.506836
3350    -15322.529297
3351    -15322.552734
3352    -15322.574219
3353    -15322.597656
3354    -15322.619141
3355    -15322.642578
3356    -15322.665039
3357    -15322.686523
3358    -15322.708008
3359    -15322.730469
3360    -15322.751953
3361    -15322.774414
3362    -15322.796875
3363    -15322.817383
3364    -15322.839844
3365    -15322.860352
3366    -15322.882812
3367    -15322.904297
3368    -15322.925781
3369    -15322.947266
3370    -15322.968750
3371    -15322.990234
3372    -15323.011719
3373    -15323.033203
3374    -15323.053711
3375    -15323.074219
3376    -15323.095703
3377    -15323.115234
3378    -15323.136719
3379    -15323.158203
3380    -15323.179688
3381    -15323.201172
3382    -15323.221680
3383    -15323.242188
3384    -15323.262695
3385    -15323.281250
3386    -15323.300781
3387    -15323.319336
3388    -15323.337891
3389    -15323.355469
3390    -15323.375000
3391    -15323.392578
3392    -15323.412109
3393    -15323.429688
3394    -15323.449219
3395    -15323.466797
3396    -15323.486328
3397    -15323.503906
3398    -15323.522461
3399    -15323.541016
3400    -15323.558594
3401    -15323.577148
3402    -15323.595703
3403    -15323.613281
3404    -15323.631836
3405    -15323.650391
3406    -15323.667969
3407    -15323.685547
3408    -15323.704102
3409    -15323.722656
3410    -15323.740234
3411    -15323.758789
3412    -15323.777344
3413    -15323.793945
3414    -15323.812500
3415    -15323.830078
3416    -15323.847656
3417    -15323.867188
3418    -15323.883789
3419    -15323.902344
3420    -15323.919922
3421    -15323.937500
3422    -15323.956055
3423    -15323.974609
3424    -15323.990234
3425    -15324.009766
3426    -15324.027344
3427    -15324.044922
3428    -15324.062500
3429    -15324.080078
3430    -15324.098633
3431    -15324.117188
3432    -15324.134766
3433    -15324.152344
3434    -15324.169922
3435    -15324.188477
3436    -15324.206055
3437    -15324.224609
3438    -15324.242188
3439    -15324.259766
3440    -15324.278320
3441    -15324.296875
3442    -15324.314453
3443    -15324.332031
3444    -15324.349609
3445    -15324.368164
3446    -15324.386719
3447    -15324.404297
3448    -15324.423828
3449    -15324.441406
3450    -15324.458984
3451    -15324.476562
3452    -15324.495117
3453    -15324.513672
3454    -15324.531250
3455    -15324.548828
3456    -15324.568359
3457    -15324.586914
3458    -15324.605469
3459    -15324.623047
3460    -15324.641602
3461    -15324.660156
3462    -15324.679688
3463    -15324.697266
3464    -15324.715820
3465    -15324.734375
3466    -15324.753906
3467    -15324.771484
3468    -15324.791016
3469    -15324.808594
3470    -15324.828125
3471    -15324.847656
3472    -15324.865234
3473    -15324.884766
3474    -15324.904297
3475    -15324.922852
3476    -15324.941406
3477    -15324.960938
3478    -15324.980469
3479    -15324.999023
3480    -15325.019531
3481    -15325.038086
3482    -15325.057617
3483    -15325.076172
3484    -15325.095703
3485    -15325.115234
3486    -15325.134766
3487    -15325.154297
3488    -15325.173828
3489    -15325.193359
3490    -15325.212891
3491    -15325.232422
3492    -15325.251953
3493    -15325.271484
3494    -15325.291992
3495    -15325.310547
3496    -15325.331055
3497    -15325.350586
3498    -15325.371094
3499    -15325.390625
3500    -15325.410156
3501    -15325.430664
3502    -15325.450195
3503    -15325.470703
3504    -15325.490234
3505    -15325.509766
3506    -15325.530273
3507    -15325.550781
3508    -15325.571289
3509    -15325.590820
3510    -15325.611328
3511    -15325.631836
3512    -15325.651367
3513    -15325.671875
3514    -15325.692383
3515    -15325.712891
3516    -15325.732422
3517    -15325.752930
3518    -15325.773438
3519    -15325.792969
3520    -15325.814453
3521    -15325.833984
3522    -15325.854492
3523    -15325.875000
3524    -15325.894531
3525    -15325.915039
3526    -15325.935547
3527    -15325.955078
3528    -15325.976562
3529    -15325.996094
3530    -15326.015625
3531    -15326.037109
3532    -15326.056641
3533    -15326.076172
3534    -15326.096680
3535    -15326.117188
3536    -15326.136719
3537    -15326.156250
3538    -15326.176758
3539    -15326.197266
3540    -15326.216797
3541    -15326.236328
3542    -15326.256836
3543    -15326.276367
3544    -15326.295898
3545    -15326.315430
3546    -15326.335938
3547    -15326.355469
3548    -15326.375000
3549    -15326.394531
3550    -15326.414062
3551    -15326.432617
3552    -15326.452148
3553    -15326.470703
3554    -15326.490234
3555    -15326.509766
3556    -15326.529297
3557    -15326.548828
3558    -15326.566406
3559    -15326.585938
3560    -15326.604492
3561    -15326.623047
3562    -15326.640625
3563    -15326.660156
3564    -15326.679688
3565    -15326.696289
3566    -15326.714844
3567    -15326.734375
3568    -15326.751953
3569    -15326.769531
3570    -15326.787109
3571    -15326.806641
3572    -15326.824219
3573    -15326.841797
3574    -15326.859375
3575    -15326.876953
3576    -15326.894531
3577    -15326.912109
3578    -15326.929688
3579    -15326.945312
3580    -15326.962891
3581    -15326.980469
3582    -15326.997070
3583    -15327.013672
3584    -15327.029297
3585    -15327.046875
3586    -15327.064453
3587    -15327.080078
3588    -15327.095703
3589    -15327.113281
3590    -15327.128906
3591    -15327.144531
3592    -15327.160156
3593    -15327.177734
3594    -15327.193359
3595    -15327.208984
3596    -15327.223633
3597    -15327.238281
3598    -15327.254883
3599    -15327.269531
3600    -15327.285156
3601    -15327.299805
3602    -15327.314453
3603    -15327.330078
3604    -15327.343750
3605    -15327.359375
3606    -15327.374023
3607    -15327.387695
3608    -15327.402344
3609    -15327.416992
3610    -15327.431641
3611    -15327.445312
3612    -15327.458984
3613    -15327.472656
3614    -15327.486328
3615    -15327.500977
3616    -15327.513672
3617    -15327.527344
3618    -15327.541016
3619    -15327.554688
3620    -15327.568359
3621    -15327.580078
3622    -15327.593750
3623    -15327.607422
3624    -15327.619141
3625    -15327.632812
3626    -15327.644531
3627    -15327.658203
3628    -15327.669922
3629    -15327.683594
3630    -15327.695312
3631    -15327.707031
3632    -15327.719727
3633    -15327.730469
3634    -15327.744141
3635    -15327.754883
3636    -15327.766602
3637    -15327.779297
3638    -15327.790039
3639    -15327.802734
3640    -15327.814453
3641    -15327.825195
3642    -15327.835938
3643    -15327.846680
3644    -15327.859375
3645    -15327.869141
3646    -15327.880859
3647    -15327.891602
3648    -15327.902344
3649    -15327.912109
3650    -15327.923828
3651    -15327.933594
3652    -15327.945312
3653    -15327.955078
3654    -15327.966797
3655    -15327.975586
3656    -15327.986328
3657    -15327.996094
3658    -15328.005859
3659    -15328.016602
3660    -15328.026367
3661    -15328.036133
3662    -15328.044922
3663    -15328.054688
3664    -15328.064453
3665    -15328.074219
3666    -15328.083984
3667    -15328.094727
3668    -15328.103516
3669    -15328.111328
3670    -15328.122070
3671    -15328.130859
3672    -15328.138672
3673    -15328.146484
3674    -15328.153320
3675    -15328.160156
3676    -15328.166992
3677    -15328.173828
3678    -15328.180664
3679    -15328.187500
3680    -15328.193359
3681    -15328.201172
3682    -15328.208008
3683    -15328.214844
3684    -15328.220703
3685    -15328.228516
3686    -15328.234375
3687    -15328.240234
3688    -15328.248047
3689    -15328.252930
3690    -15328.259766
3691    -15328.266602
3692    -15328.272461
3693    -15328.279297
3694    -15328.285156
3695    -15328.291016
3696    -15328.296875
3697    -15328.302734
3698    -15328.308594
3699    -15328.314453
3700    -15328.320312
3701    -15328.326172
3702    -15328.332031
3703    -15328.337891
3704    -15328.343750
3705    -15328.349609
3706    -15328.355469
3707    -15328.361328
3708    -15328.366211
3709    -15328.371094
3710    -15328.376953
3711    -15328.382812
3712    -15328.388672
3713    -15328.392578
3714    -15328.398438
3715    -15328.404297
3716    -15328.408203
3717    -15328.414062
3718    -15328.418945
3719    -15328.423828
3720    -15328.429688
3721    -15328.435547
3722    -15328.439453
3723    -15328.444336
3724    -15328.449219
3725    -15328.454102
3726    -15328.458984
3727    -15328.463867
3728    -15328.468750
3729    -15328.474609
3730    -15328.478516
3731    -15328.483398
3732    -15328.487305
3733    -15328.492188
3734    -15328.497070
3735    -15328.502930
3736    -15328.505859
3737    -15328.511719
3738    -15328.515625
3739    -15328.520508
3740    -15328.525391
3741    -15328.529297
3742    -15328.533203
3743    -15328.537109
3744    -15328.542969
3745    -15328.545898
3746    -15328.550781
3747    -15328.555664
3748    -15328.558594
3749    -15328.563477
3750    -15328.568359
3751    -15328.572266
3752    -15328.576172
3753    -15328.580078
3754    -15328.583984
3755    -15328.587891
3756    -15328.591797
3757    -15328.596680
3758    -15328.599609
3759    -15328.604492
3760    -15328.608398
3761    -15328.613281
3762    -15328.616211
3763    -15328.620117
3764    -15328.624023
3765    -15328.627930
3766    -15328.630859
3767    -15328.634766
3768    -15328.635742
3769    -15328.636719
3770    -15328.636719
3771    -15328.637695
3772    -15328.637695
3773    -15328.638672
3774    -15328.637695
3775    -15328.638672
3776    -15328.638672
3777    -15328.639648
3778    -15328.639648
3779    -15328.638672
3780    -15328.639648
3781    -15328.638672
3782    -15328.639648
3783    -15328.639648
3784    -15328.640625
3785    -15328.640625
3786    -15328.640625
3787    -15328.640625
3788    -15328.640625
3789    -15328.640625
3790    -15328.641602
3791    -15328.642578
3792    -15328.641602
3793    -15328.641602
3794    -15328.642578
3795    -15328.642578
3796    -15328.642578
3797    -15328.642578
3798    -15328.642578
3799    -15328.643555
3800    -15328.642578
3801    -15328.643555
3802    -15328.644531
3803    -15328.643555
3804    -15328.644531
3805    -15328.644531
3806    -15328.644531
3807    -15328.644531
3808    -15328.644531
3809    -15328.644531
3810    -15328.644531
3811    -15328.645508
3812    -15328.645508
3813    -15328.646484
3814    -15328.646484
3815    -15328.646484
3816    -15328.646484
3817    -15328.646484
3818    -15328.646484
3819    -15328.646484
3820    -15328.646484
3821    -15328.646484
3822    -15328.648438
3823    -15328.646484
3824    -15328.648438
3825    -15328.648438
3826    -15328.648438
3827    -15328.648438
3828    -15328.648438
3829    -15328.648438
3830    -15328.648438
3831    -15328.649414
3832    -15328.649414
3833    -15328.650391
3834    -15328.650391
3835    -15328.650391
3836    -15328.650391
3837    -15328.650391
3838    -15328.650391
3839    -15328.650391
3840    -15328.650391
3841    -15328.651367
3842    -15328.651367
3843    -15328.651367
3844    -15328.651367
3845    -15328.652344
3846    -15328.652344
3847    -15328.651367
3848    -15328.652344
3849    -15328.653320
3850    -15328.653320
3851    -15328.652344
3852    -15328.653320
3853    -15328.653320
3854    -15328.654297
3855    -15328.654297
3856    -15328.654297
3857    -15328.654297
3858    -15328.654297
3859    -15328.654297
3860    -15328.654297
