Step            Loss
--------------------
1        -292.992065
2        -321.788940
3        -350.586823
4        -379.386169
5        -408.187134
6        -436.990082
7        -465.795410
8        -494.603729
9        -523.415405
10       -552.231079
11       -581.051575
12       -609.877258
13       -638.708862
14       -667.546875
15       -696.392456
16       -725.245667
17       -754.107666
18       -782.978821
19       -811.860168
20       -840.752258
21       -869.655762
22       -898.571594
23       -927.500549
24       -956.443481
25       -985.401184
26      -1014.374695
27      -1043.364746
28      -1072.372314
29      -1101.398438
30      -1130.443970
31      -1159.510254
32      -1188.597778
33      -1217.707642
34      -1246.841064
35      -1275.998901
36      -1305.182251
37      -1334.391846
38      -1363.629150
39      -1392.894775
40      -1422.189941
41      -1451.515625
42      -1480.872681
43      -1510.262451
44      -1539.685303
45      -1569.142822
46      -1598.635742
47      -1628.164795
48      -1657.731201
49      -1687.335693
50      -1716.979126
51      -1746.662476
52      -1776.386719
53      -1806.152466
54      -1835.960327
55      -1865.811401
56      -1895.706543
57      -1925.646240
58      -1955.631226
59      -1985.662231
60      -2015.739990
61      -2045.864990
62      -2076.038086
63      -2106.259766
64      -2136.530762
65      -2166.851074
66      -2197.222168
67      -2227.644043
68      -2258.116699
69      -2288.641602
70      -2319.218262
71      -2349.848145
72      -2380.530762
73      -2411.267090
74      -2442.057373
75      -2472.901367
76      -2503.800781
77      -2534.754883
78      -2565.764160
79      -2596.829102
80      -2627.949707
81      -2659.126465
82      -2690.359863
83      -2721.649658
84      -2752.996094
85      -2784.399902
86      -2815.860840
87      -2847.378906
88      -2878.954590
89      -2910.587891
90      -2942.278809
91      -2974.027344
92      -3005.834229
93      -3037.698730
94      -3069.621094
95      -3101.601807
96      -3133.640137
97      -3165.736328
98      -3197.890381
99      -3230.102539
100     -3262.372070
101     -3294.699219
102     -3327.083984
103     -3359.525879
104     -3392.025146
105     -3424.581055
106     -3457.194092
107     -3489.863525
108     -3522.589111
109     -3555.370605
110     -3588.207520
111     -3621.100098
112     -3654.047852
113     -3687.049805
114     -3720.106445
115     -3753.216797
116     -3786.380615
117     -3819.597656
118     -3852.867188
119     -3886.188965
120     -3919.561768
121     -3952.986084
122     -3986.460938
123     -4019.985840
124     -4053.560059
125     -4087.183350
126     -4120.855469
127     -4154.574219
128     -4188.340820
129     -4222.153320
130     -4256.011719
131     -4289.915039
132     -4323.863281
133     -4357.854980
134     -4391.889648
135     -4425.966797
136     -4460.085449
137     -4494.244629
138     -4528.444336
139     -4562.682617
140     -4596.959961
141     -4631.274902
142     -4665.626953
143     -4700.014648
144     -4734.437500
145     -4768.895508
146     -4803.386719
147     -4837.910156
148     -4872.465820
149     -4907.052734
150     -4941.668945
151     -4976.314941
152     -5010.989258
153     -5045.690918
154     -5080.418945
155     -5115.172852
156     -5149.951172
157     -5184.752930
158     -5219.578125
159     -5254.424805
160     -5289.292480
161     -5324.180176
162     -5359.086914
163     -5394.011719
164     -5428.953125
165     -5463.911133
166     -5498.883789
167     -5533.871094
168     -5568.871582
169     -5603.883789
170     -5638.907715
171     -5673.941406
172     -5708.984375
173     -5744.036133
174     -5779.094727
175     -5814.159668
176     -5849.229492
177     -5884.304199
178     -5919.381836
179     -5954.461426
180     -5989.542480
181     -6024.624023
182     -6059.704590
183     -6094.783203
184     -6129.859375
185     -6164.931641
186     -6199.999023
187     -6235.060547
188     -6270.094727
189     -6305.096680
190     -6340.089844
191     -6375.074219
192     -6410.046875
193     -6445.007812
194     -6479.956543
195     -6514.891602
196     -6549.812500
197     -6584.715332
198     -6619.587402
199     -6654.442383
200     -6689.278320
201     -6724.088867
202     -6758.879395
203     -6793.647461
204     -6828.393555
205     -6863.116699
206     -6897.815430
207     -6932.488281
208     -6967.135254
209     -7001.755859
210     -7036.347656
211     -7070.910645
212     -7105.443359
213     -7139.946289
214     -7174.416992
215     -7208.855469
216     -7243.260254
217     -7277.630859
218     -7311.966309
219     -7346.265625
220     -7380.527832
221     -7414.752441
222     -7448.938477
223     -7483.084473
224     -7517.190430
225     -7551.255859
226     -7585.278809
227     -7619.258789
228     -7653.195312
229     -7687.087402
230     -7720.923828
231     -7754.696777
232     -7788.422852
233     -7822.097168
234     -7855.718750
235     -7889.283203
236     -7922.785156
237     -7956.227539
238     -7989.619141
239     -8022.958496
240     -8056.243164
241     -8089.470215
242     -8122.639160
243     -8155.736328
244     -8188.777832
245     -8221.751953
246     -8254.664062
247     -8287.517578
248     -8320.305664
249     -8353.021484
250     -8385.671875
251     -8418.244141
252     -8450.755859
253     -8483.207031
254     -8515.595703
255     -8547.896484
256     -8580.131836
257     -8612.303711
258     -8644.410156
259     -8676.453125
260     -8708.429688
261     -8740.340820
262     -8772.179688
263     -8803.947266
264     -8835.648438
265     -8867.273438
266     -8898.828125
267     -8930.292969
268     -8961.675781
269     -8992.989258
270     -9024.231445
271     -9055.390625
272     -9086.473633
273     -9117.484375
274     -9148.406250
275     -9179.253906
276     -9210.029297
277     -9240.720703
278     -9271.338867
279     -9301.881836
280     -9332.349609
281     -9362.742188
282     -9393.049805
283     -9423.266602
284     -9453.408203
285     -9483.472656
286     -9513.460938
287     -9543.371094
288     -9573.201172
289     -9602.935547
290     -9632.582031
291     -9662.120117
292     -9691.549805
293     -9720.880859
294     -9750.126953
295     -9779.293945
296     -9808.382812
297     -9837.382812
298     -9866.284180
299     -9895.078125
300     -9923.792969
301     -9952.420898
302     -9980.946289
303     -10009.369141
304     -10037.710938
305     -10065.954102
306     -10094.080078
307     -10122.078125
308     -10149.968750
309     -10177.778320
310     -10205.505859
311     -10233.152344
312     -10260.692383
313     -10288.127930
314     -10315.481445
315     -10342.750977
316     -10369.919922
317     -10397.005859
318     -10424.005859
319     -10450.924805
320     -10477.759766
321     -10504.500000
322     -10531.158203
323     -10557.734375
324     -10584.208984
325     -10610.587891
326     -10636.875977
327     -10663.081055
328     -10689.199219
329     -10715.180664
330     -10741.058594
331     -10766.843750
332     -10792.541992
333     -10818.157227
334     -10843.689453
335     -10869.113281
336     -10894.419922
337     -10919.616211
338     -10944.697266
339     -10969.684570
340     -10994.566406
341     -11019.347656
342     -11044.028320
343     -11068.628906
344     -11093.140625
345     -11117.530273
346     -11141.812500
347     -11165.983398
348     -11190.060547
349     -11214.021484
350     -11237.853516
351     -11261.583984
352     -11285.214844
353     -11308.724609
354     -11332.115234
355     -11355.352539
356     -11378.494141
357     -11401.552734
358     -11424.511719
359     -11447.376953
360     -11470.132812
361     -11492.805664
362     -11515.399414
363     -11537.908203
364     -11560.337891
365     -11582.675781
366     -11604.912109
367     -11627.062500
368     -11649.123047
369     -11671.091797
370     -11692.980469
371     -11714.756836
372     -11736.455078
373     -11758.067383
374     -11779.526367
375     -11800.870117
376     -11822.119141
377     -11843.273438
378     -11864.310547
379     -11885.263672
380     -11906.138672
381     -11926.912109
382     -11947.568359
383     -11968.134766
384     -11988.603516
385     -12008.982422
386     -12029.269531
387     -12049.471680
388     -12069.571289
389     -12089.558594
390     -12109.398438
391     -12129.117188
392     -12148.732422
393     -12168.236328
394     -12187.639648
395     -12206.969727
396     -12226.221680
397     -12245.378906
398     -12264.447266
399     -12283.423828
400     -12302.318359
401     -12321.138672
402     -12339.842773
403     -12358.449219
404     -12376.980469
405     -12395.410156
406     -12413.724609
407     -12431.943359
408     -12450.072266
409     -12468.105469
410     -12485.989258
411     -12503.789062
412     -12521.437500
413     -12538.996094
414     -12556.472656
415     -12573.843750
416     -12591.109375
417     -12608.274414
418     -12625.320312
419     -12642.276367
420     -12659.119141
421     -12675.884766
422     -12692.550781
423     -12709.125977
424     -12725.599609
425     -12741.980469
426     -12758.285156
427     -12774.519531
428     -12790.680664
429     -12806.751953
430     -12822.703125
431     -12838.590820
432     -12854.418945
433     -12870.142578
434     -12885.744141
435     -12901.278320
436     -12916.654297
437     -12931.925781
438     -12947.096680
439     -12962.186523
440     -12977.205078
441     -12992.152344
442     -13006.982422
443     -13021.742188
444     -13036.394531
445     -13050.935547
446     -13065.376953
447     -13079.746094
448     -13094.032227
449     -13108.244141
450     -13122.386719
451     -13136.453125
452     -13150.447266
453     -13164.365234
454     -13178.198242
455     -13191.959961
456     -13205.662109
457     -13219.286133
458     -13232.818359
459     -13246.253906
460     -13259.576172
461     -13272.844727
462     -13286.062500
463     -13299.226562
464     -13312.307617
465     -13325.316406
466     -13338.259766
467     -13351.098633
468     -13363.880859
469     -13376.586914
470     -13389.187500
471     -13401.708008
472     -13414.152344
473     -13426.526367
474     -13438.813477
475     -13450.992188
476     -13463.083984
477     -13475.124023
478     -13487.091797
479     -13498.943359
480     -13510.613281
481     -13522.152344
482     -13533.593750
483     -13544.972656
484     -13556.271484
485     -13567.500977
486     -13578.656250
487     -13589.725586
488     -13600.728516
489     -13611.630859
490     -13622.433594
491     -13633.126953
492     -13643.758789
493     -13654.330078
494     -13664.839844
495     -13675.255859
496     -13685.615234
497     -13695.910156
498     -13706.060547
499     -13716.115234
500     -13726.052734
501     -13735.908203
502     -13745.679688
503     -13755.338867
504     -13764.926758
505     -13774.465820
506     -13783.958984
507     -13793.406250
508     -13802.744141
509     -13812.000000
510     -13821.152344
511     -13830.222656
512     -13839.232422
513     -13848.181641
514     -13857.050781
515     -13865.864258
516     -13874.635742
517     -13883.326172
518     -13891.947266
519     -13900.520508
520     -13909.043945
521     -13917.522461
522     -13925.947266
523     -13934.285156
524     -13942.560547
525     -13950.800781
526     -13958.985352
527     -13967.110352
528     -13975.140625
529     -13983.074219
530     -13990.936523
531     -13998.737305
532     -14006.477539
533     -14014.146484
534     -14021.744141
535     -14029.294922
536     -14036.771484
537     -14044.201172
538     -14051.582031
539     -14058.912109
540     -14066.167969
541     -14073.353516
542     -14080.498047
543     -14087.594727
544     -14094.644531
545     -14101.655273
546     -14108.574219
547     -14115.369141
548     -14122.089844
549     -14128.739258
550     -14135.327148
551     -14141.868164
552     -14148.306641
553     -14154.678711
554     -14161.022461
555     -14167.333984
556     -14173.600586
557     -14179.784180
558     -14185.916992
559     -14192.018555
560     -14198.067383
561     -14204.071289
562     -14210.003906
563     -14215.878906
564     -14221.697266
565     -14227.441406
566     -14233.128906
567     -14238.752930
568     -14244.314453
569     -14249.816406
570     -14255.218750
571     -14260.583008
572     -14265.896484
573     -14271.173828
574     -14276.409180
575     -14281.599609
576     -14286.736328
577     -14291.828125
578     -14296.845703
579     -14301.781250
580     -14306.646484
581     -14311.486328
582     -14316.246094
583     -14320.953125
584     -14325.609375
585     -14330.226562
586     -14334.810547
587     -14339.333984
588     -14343.823242
589     -14348.293945
590     -14352.721680
591     -14357.124023
592     -14361.493164
593     -14365.814453
594     -14370.026367
595     -14374.173828
596     -14378.287109
597     -14382.359375
598     -14386.410156
599     -14390.398438
600     -14394.353516
601     -14398.277344
602     -14402.156250
603     -14406.015625
604     -14409.857422
605     -14413.669922
606     -14417.445312
607     -14421.190430
608     -14424.902344
609     -14428.578125
610     -14432.207031
611     -14435.813477
612     -14439.379883
613     -14442.919922
614     -14446.424805
615     -14449.908203
616     -14453.369141
617     -14456.794922
618     -14460.176758
619     -14463.537109
620     -14466.884766
621     -14470.200195
622     -14473.501953
623     -14476.775391
624     -14480.031250
625     -14483.236328
626     -14486.392578
627     -14489.531250
628     -14492.646484
629     -14495.747070
630     -14498.830078
631     -14501.888672
632     -14504.921875
633     -14507.926758
634     -14510.911133
635     -14513.882812
636     -14516.810547
637     -14519.721680
638     -14522.612305
639     -14525.490234
640     -14528.347656
641     -14531.164062
642     -14533.941406
643     -14536.707031
644     -14539.462891
645     -14542.212891
646     -14544.919922
647     -14547.578125
648     -14550.209961
649     -14552.820312
650     -14555.402344
651     -14557.960938
652     -14560.511719
653     -14563.048828
654     -14565.572266
655     -14568.081055
656     -14570.560547
657     -14573.003906
658     -14575.403320
659     -14577.779297
660     -14580.139648
661     -14582.490234
662     -14584.822266
663     -14587.109375
664     -14589.382812
665     -14591.648438
666     -14593.898438
667     -14596.117188
668     -14598.322266
669     -14600.494141
670     -14602.605469
671     -14604.687500
672     -14606.759766
673     -14608.824219
674     -14610.862305
675     -14612.894531
676     -14614.917969
677     -14616.934570
678     -14618.945312
679     -14620.931641
680     -14622.869141
681     -14624.786133
682     -14626.673828
683     -14628.545898
684     -14630.398438
685     -14632.232422
686     -14634.057617
687     -14635.878906
688     -14637.687500
689     -14639.490234
690     -14641.289062
691     -14643.082031
692     -14644.863281
693     -14646.634766
694     -14648.401367
695     -14650.163086
696     -14651.919922
697     -14653.667969
698     -14655.412109
699     -14657.129883
700     -14658.822266
701     -14660.508789
702     -14662.191406
703     -14663.865234
704     -14665.519531
705     -14667.163086
706     -14668.772461
707     -14670.367188
708     -14671.931641
709     -14673.472656
710     -14674.996094
711     -14676.500000
712     -14677.995117
713     -14679.486328
714     -14680.968750
715     -14682.440430
716     -14683.906250
717     -14685.361328
718     -14686.812500
719     -14688.260742
720     -14689.705078
721     -14691.138672
722     -14692.556641
723     -14693.959961
724     -14695.356445
725     -14696.742188
726     -14698.124023
727     -14699.501953
728     -14700.876953
729     -14702.244141
730     -14703.607422
731     -14704.962891
732     -14706.305664
733     -14707.632812
734     -14708.955078
735     -14710.269531
736     -14711.576172
737     -14712.875000
738     -14714.167969
739     -14715.453125
740     -14716.732422
741     -14718.005859
742     -14719.273438
743     -14720.531250
744     -14721.775391
745     -14722.994141
746     -14724.203125
747     -14725.408203
748     -14726.609375
749     -14727.806641
750     -14729.000000
751     -14730.183594
752     -14731.365234
753     -14732.539062
754     -14733.687500
755     -14734.830078
756     -14735.971680
757     -14737.095703
758     -14738.210938
759     -14739.318359
760     -14740.416016
761     -14741.510742
762     -14742.597656
763     -14743.679688
764     -14744.734375
765     -14745.775391
766     -14746.805664
767     -14747.830078
768     -14748.849609
769     -14749.860352
770     -14750.859375
771     -14751.855469
772     -14752.841797
773     -14753.818359
774     -14754.791016
775     -14755.761719
776     -14756.728516
777     -14757.683594
778     -14758.634766
779     -14759.583984
780     -14760.531250
781     -14761.474609
782     -14762.407227
783     -14763.336914
784     -14764.265625
785     -14765.192383
786     -14766.101562
787     -14767.003906
788     -14767.898438
789     -14768.785156
790     -14769.669922
791     -14770.546875
792     -14771.418945
793     -14772.288086
794     -14773.146484
795     -14774.003906
796     -14774.859375
797     -14775.714844
798     -14776.566406
799     -14777.416016
800     -14778.261719
801     -14779.098633
802     -14779.933594
803     -14780.765625
804     -14781.591797
805     -14782.410156
806     -14783.226562
807     -14784.041016
808     -14784.855469
809     -14785.666992
810     -14786.478516
811     -14787.285156
812     -14788.084961
813     -14788.880859
814     -14789.678711
815     -14790.470703
816     -14791.261719
817     -14792.041992
818     -14792.816406
819     -14793.589844
820     -14794.361328
821     -14795.130859
822     -14795.899414
823     -14796.666016
824     -14797.425781
825     -14798.175781
826     -14798.923828
827     -14799.670898
828     -14800.416016
829     -14801.160156
830     -14801.899414
831     -14802.636719
832     -14803.371094
833     -14804.102539
834     -14804.832031
835     -14805.560547
836     -14806.288086
837     -14807.014648
838     -14807.738281
839     -14808.462891
840     -14809.176758
841     -14809.890625
842     -14810.603516
843     -14811.312500
844     -14812.019531
845     -14812.725586
846     -14813.430664
847     -14814.134766
848     -14814.831055
849     -14815.523438
850     -14816.207031
851     -14816.890625
852     -14817.572266
853     -14818.251953
854     -14818.930664
855     -14819.608398
856     -14820.285156
857     -14820.960938
858     -14821.633789
859     -14822.300781
860     -14822.958984
861     -14823.615234
862     -14824.271484
863     -14824.924805
864     -14825.577148
865     -14826.229492
866     -14826.876953
867     -14827.522461
868     -14828.165039
869     -14828.806641
870     -14829.447266
871     -14830.083008
872     -14830.714844
873     -14831.345703
874     -14831.976562
875     -14832.604492
876     -14833.221680
877     -14833.839844
878     -14834.455078
879     -14835.068359
880     -14835.677734
881     -14836.278320
882     -14836.876953
883     -14837.472656
884     -14838.067383
885     -14838.662109
886     -14839.253906
887     -14839.847656
888     -14840.434570
889     -14841.019531
890     -14841.602539
891     -14842.181641
892     -14842.759766
893     -14843.335938
894     -14843.910156
895     -14844.480469
896     -14845.035156
897     -14845.588867
898     -14846.142578
899     -14846.695312
900     -14847.247070
901     -14847.796875
902     -14848.346680
903     -14848.895508
904     -14849.441406
905     -14849.982422
906     -14850.518555
907     -14851.054688
908     -14851.588867
909     -14852.121094
910     -14852.649414
911     -14853.175781
912     -14853.701172
913     -14854.226562
914     -14854.750977
915     -14855.273438
916     -14855.795898
917     -14856.316406
918     -14856.835938
919     -14857.351562
920     -14857.867188
921     -14858.381836
922     -14858.888672
923     -14859.394531
924     -14859.895508
925     -14860.394531
926     -14860.891602
927     -14861.385742
928     -14861.877930
929     -14862.367188
930     -14862.853516
931     -14863.339844
932     -14863.826172
933     -14864.310547
934     -14864.794922
935     -14865.277344
936     -14865.759766
937     -14866.241211
938     -14866.720703
939     -14867.200195
940     -14867.677734
941     -14868.150391
942     -14868.621094
943     -14869.089844
944     -14869.548828
945     -14870.000977
946     -14870.453125
947     -14870.902344
948     -14871.351562
949     -14871.800781
950     -14872.242188
951     -14872.679688
952     -14873.115234
953     -14873.549805
954     -14873.984375
955     -14874.416016
956     -14874.848633
957     -14875.280273
958     -14875.709961
959     -14876.139648
960     -14876.568359
961     -14876.996094
962     -14877.422852
963     -14877.845703
964     -14878.266602
965     -14878.686523
966     -14879.105469
967     -14879.522461
968     -14879.937500
969     -14880.349609
970     -14880.759766
971     -14881.169922
972     -14881.577148
973     -14881.981445
974     -14882.379883
975     -14882.775391
976     -14883.170898
977     -14883.564453
978     -14883.953125
979     -14884.339844
980     -14884.726562
981     -14885.105469
982     -14885.486328
983     -14885.865234
984     -14886.244141
985     -14886.621094
986     -14886.992188
987     -14887.361328
988     -14887.728516
989     -14888.094727
990     -14888.459961
991     -14888.824219
992     -14889.188477
993     -14889.551758
994     -14889.914062
995     -14890.275391
996     -14890.634766
997     -14890.993164
998     -14891.348633
999     -14891.703125
1000    -14892.057617
1001    -14892.408203
1002    -14892.758789
1003    -14893.109375
1004    -14893.457031
1005    -14893.805664
1006    -14894.152344
1007    -14894.500000
1008    -14894.845703
1009    -14895.191406
1010    -14895.536133
1011    -14895.880859
1012    -14896.222656
1013    -14896.566406
1014    -14896.907227
1015    -14897.248047
1016    -14897.587891
1017    -14897.927734
1018    -14898.267578
1019    -14898.605469
1020    -14898.941406
1021    -14899.278320
1022    -14899.615234
1023    -14899.950195
1024    -14900.283203
1025    -14900.603516
1026    -14900.922852
1027    -14901.242188
1028    -14901.560547
1029    -14901.877930
1030    -14902.195312
1031    -14902.511719
1032    -14902.827148
1033    -14903.142578
1034    -14903.453125
1035    -14903.764648
1036    -14904.073242
1037    -14904.380859
1038    -14904.687500
1039    -14904.994141
1040    -14905.298828
1041    -14905.600586
1042    -14905.894531
1043    -14906.188477
1044    -14906.478516
1045    -14906.769531
1046    -14907.056641
1047    -14907.343750
1048    -14907.625000
1049    -14907.906250
1050    -14908.183594
1051    -14908.462891
1052    -14908.740234
1053    -14909.017578
1054    -14909.294922
1055    -14909.568359
1056    -14909.838867
1057    -14910.107422
1058    -14910.375000
1059    -14910.641602
1060    -14910.908203
1061    -14911.173828
1062    -14911.438477
1063    -14911.701172
1064    -14911.964844
1065    -14912.227539
1066    -14912.488281
1067    -14912.749023
1068    -14913.008789
1069    -14913.267578
1070    -14913.527344
1071    -14913.786133
1072    -14914.043945
1073    -14914.300781
1074    -14914.558594
1075    -14914.814453
1076    -14915.070312
1077    -14915.326172
1078    -14915.580078
1079    -14915.833984
1080    -14916.087891
1081    -14916.339844
1082    -14916.593750
1083    -14916.845703
1084    -14917.096680
1085    -14917.347656
1086    -14917.596680
1087    -14917.844727
1088    -14918.093750
1089    -14918.341797
1090    -14918.587891
1091    -14918.832031
1092    -14919.073242
1093    -14919.314453
1094    -14919.554688
1095    -14919.793945
1096    -14920.025391
1097    -14920.255859
1098    -14920.485352
1099    -14920.714844
1100    -14920.943359
1101    -14921.171875
1102    -14921.400391
1103    -14921.627930
1104    -14921.855469
1105    -14922.081055
1106    -14922.308594
1107    -14922.533203
1108    -14922.759766
1109    -14922.981445
1110    -14923.203125
1111    -14923.421875
1112    -14923.643555
1113    -14923.863281
1114    -14924.082031
1115    -14924.299805
1116    -14924.517578
1117    -14924.733398
1118    -14924.950195
1119    -14925.166016
1120    -14925.381836
1121    -14925.595703
1122    -14925.810547
1123    -14926.025391
1124    -14926.238281
1125    -14926.453125
1126    -14926.666016
1127    -14926.877930
1128    -14927.090820
1129    -14927.302734
1130    -14927.513672
1131    -14927.724609
1132    -14927.934570
1133    -14928.142578
1134    -14928.350586
1135    -14928.556641
1136    -14928.761719
1137    -14928.968750
1138    -14929.173828
1139    -14929.378906
1140    -14929.582031
1141    -14929.787109
1142    -14929.990234
1143    -14930.193359
1144    -14930.396484
1145    -14930.598633
1146    -14930.799805
1147    -14931.000977
1148    -14931.203125
1149    -14931.403320
1150    -14931.603516
1151    -14931.803711
1152    -14932.003906
1153    -14932.201172
1154    -14932.400391
1155    -14932.599609
1156    -14932.796875
1157    -14932.996094
1158    -14933.193359
1159    -14933.390625
1160    -14933.585938
1161    -14933.781250
1162    -14933.972656
1163    -14934.162109
1164    -14934.353516
1165    -14934.542969
1166    -14934.732422
1167    -14934.921875
1168    -14935.111328
1169    -14935.300781
1170    -14935.490234
1171    -14935.677734
1172    -14935.865234
1173    -14936.052734
1174    -14936.241211
1175    -14936.427734
1176    -14936.612305
1177    -14936.798828
1178    -14936.982422
1179    -14937.167969
1180    -14937.352539
1181    -14937.537109
1182    -14937.717773
1183    -14937.897461
1184    -14938.077148
1185    -14938.256836
1186    -14938.436523
1187    -14938.615234
1188    -14938.792969
1189    -14938.971680
1190    -14939.147461
1191    -14939.320312
1192    -14939.494141
1193    -14939.667969
1194    -14939.840820
1195    -14940.013672
1196    -14940.185547
1197    -14940.357422
1198    -14940.529297
1199    -14940.700195
1200    -14940.871094
1201    -14941.041016
1202    -14941.210938
1203    -14941.379883
1204    -14941.547852
1205    -14941.716797
1206    -14941.886719
1207    -14942.046875
1208    -14942.205078
1209    -14942.363281
1210    -14942.520508
1211    -14942.676758
1212    -14942.832031
1213    -14942.986328
1214    -14943.141602
1215    -14943.294922
1216    -14943.449219
1217    -14943.603516
1218    -14943.756836
1219    -14943.910156
1220    -14944.063477
1221    -14944.217773
1222    -14944.371094
1223    -14944.523438
1224    -14944.675781
1225    -14944.828125
1226    -14944.981445
1227    -14945.130859
1228    -14945.281250
1229    -14945.429688
1230    -14945.579102
1231    -14945.728516
1232    -14945.878906
1233    -14946.026367
1234    -14946.173828
1235    -14946.321289
1236    -14946.467773
1237    -14946.614258
1238    -14946.761719
1239    -14946.907227
1240    -14947.054688
1241    -14947.201172
1242    -14947.346680
1243    -14947.492188
1244    -14947.638672
1245    -14947.784180
1246    -14947.929688
1247    -14948.076172
1248    -14948.220703
1249    -14948.365234
1250    -14948.511719
1251    -14948.656250
1252    -14948.800781
1253    -14948.946289
1254    -14949.090820
1255    -14949.235352
1256    -14949.377930
1257    -14949.520508
1258    -14949.663086
1259    -14949.804688
1260    -14949.948242
1261    -14950.089844
1262    -14950.232422
1263    -14950.373047
1264    -14950.515625
1265    -14950.657227
1266    -14950.798828
1267    -14950.940430
1268    -14951.082031
1269    -14951.222656
1270    -14951.364258
1271    -14951.505859
1272    -14951.647461
1273    -14951.787109
1274    -14951.929688
1275    -14952.070312
1276    -14952.208984
1277    -14952.348633
1278    -14952.488281
1279    -14952.627930
1280    -14952.767578
1281    -14952.906250
1282    -14953.045898
1283    -14953.185547
1284    -14953.324219
1285    -14953.462891
1286    -14953.601562
1287    -14953.740234
1288    -14953.878906
1289    -14954.017578
1290    -14954.155273
1291    -14954.292969
1292    -14954.431641
1293    -14954.568359
1294    -14954.707031
1295    -14954.844727
1296    -14954.982422
1297    -14955.120117
1298    -14955.257812
1299    -14955.395508
1300    -14955.533203
1301    -14955.671875
1302    -14955.808594
1303    -14955.947266
1304    -14956.083984
1305    -14956.219727
1306    -14956.354492
1307    -14956.486328
1308    -14956.617188
1309    -14956.749023
1310    -14956.878906
1311    -14957.011719
1312    -14957.142578
1313    -14957.275391
1314    -14957.406250
1315    -14957.537109
1316    -14957.668945
1317    -14957.800781
1318    -14957.932617
1319    -14958.064453
1320    -14958.195312
1321    -14958.327148
1322    -14958.458984
1323    -14958.590820
1324    -14958.723633
1325    -14958.855469
1326    -14958.988281
1327    -14959.119141
1328    -14959.250977
1329    -14959.382812
1330    -14959.515625
1331    -14959.647461
1332    -14959.780273
1333    -14959.910156
1334    -14960.040039
1335    -14960.169922
1336    -14960.298828
1337    -14960.427734
1338    -14960.555664
1339    -14960.683594
1340    -14960.810547
1341    -14960.937500
1342    -14961.064453
1343    -14961.191406
1344    -14961.319336
1345    -14961.447266
1346    -14961.574219
1347    -14961.702148
1348    -14961.828125
1349    -14961.957031
1350    -14962.083984
1351    -14962.211914
1352    -14962.339844
1353    -14962.467773
1354    -14962.595703
1355    -14962.723633
1356    -14962.851562
1357    -14962.978516
1358    -14963.105469
1359    -14963.230469
1360    -14963.356445
1361    -14963.482422
1362    -14963.609375
1363    -14963.734375
1364    -14963.861328
1365    -14963.987305
1366    -14964.113281
1367    -14964.239258
1368    -14964.365234
1369    -14964.492188
1370    -14964.618164
1371    -14964.744141
1372    -14964.871094
1373    -14964.996094
1374    -14965.123047
1375    -14965.249023
1376    -14965.375977
1377    -14965.501953
1378    -14965.628906
1379    -14965.753906
1380    -14965.878906
1381    -14966.001953
1382    -14966.125000
1383    -14966.248047
1384    -14966.370117
1385    -14966.493164
1386    -14966.616211
1387    -14966.738281
1388    -14966.861328
1389    -14966.982422
1390    -14967.105469
1391    -14967.227539
1392    -14967.347656
1393    -14967.468750
1394    -14967.589844
1395    -14967.710938
1396    -14967.831055
1397    -14967.951172
1398    -14968.072266
1399    -14968.191406
1400    -14968.310547
1401    -14968.429688
1402    -14968.547852
1403    -14968.666016
1404    -14968.783203
1405    -14968.902344
1406    -14969.019531
1407    -14969.136719
1408    -14969.253906
1409    -14969.371094
1410    -14969.486328
1411    -14969.602539
1412    -14969.717773
1413    -14969.832031
1414    -14969.948242
1415    -14970.063477
1416    -14970.177734
1417    -14970.292969
1418    -14970.408203
1419    -14970.522461
1420    -14970.636719
1421    -14970.751953
1422    -14970.865234
1423    -14970.979492
1424    -14971.091797
1425    -14971.206055
1426    -14971.320312
1427    -14971.433594
1428    -14971.545898
1429    -14971.660156
1430    -14971.772461
1431    -14971.884766
1432    -14971.998047
1433    -14972.110352
1434    -14972.222656
1435    -14972.334961
1436    -14972.447266
1437    -14972.559570
1438    -14972.670898
1439    -14972.781250
1440    -14972.893555
1441    -14973.003906
1442    -14973.115234
1443    -14973.226562
1444    -14973.335938
1445    -14973.447266
1446    -14973.556641
1447    -14973.666992
1448    -14973.777344
1449    -14973.886719
1450    -14973.996094
1451    -14974.105469
1452    -14974.214844
1453    -14974.323242
1454    -14974.431641
1455    -14974.539062
1456    -14974.646484
1457    -14974.753906
1458    -14974.859375
1459    -14974.966797
1460    -14975.073242
1461    -14975.177734
1462    -14975.283203
1463    -14975.387695
1464    -14975.494141
1465    -14975.598633
1466    -14975.702148
1467    -14975.805664
1468    -14975.909180
1469    -14976.013672
1470    -14976.117188
1471    -14976.219727
1472    -14976.322266
1473    -14976.424805
1474    -14976.527344
1475    -14976.629883
1476    -14976.731445
1477    -14976.833984
1478    -14976.935547
1479    -14977.036133
1480    -14977.137695
1481    -14977.238281
1482    -14977.339844
1483    -14977.440430
1484    -14977.539062
1485    -14977.632812
1486    -14977.727539
1487    -14977.820312
1488    -14977.916016
1489    -14978.009766
1490    -14978.101562
1491    -14978.195312
1492    -14978.289062
1493    -14978.382812
1494    -14978.473633
1495    -14978.565430
1496    -14978.657227
1497    -14978.748047
1498    -14978.839844
1499    -14978.929688
1500    -14979.020508
1501    -14979.111328
1502    -14979.200195
1503    -14979.291016
1504    -14979.380859
1505    -14979.470703
1506    -14979.560547
1507    -14979.649414
1508    -14979.738281
1509    -14979.828125
1510    -14979.916016
1511    -14980.003906
1512    -14980.091797
1513    -14980.179688
1514    -14980.265625
1515    -14980.353516
1516    -14980.440430
1517    -14980.527344
1518    -14980.609375
1519    -14980.692383
1520    -14980.775391
1521    -14980.857422
1522    -14980.938477
1523    -14981.019531
1524    -14981.101562
1525    -14981.181641
1526    -14981.262695
1527    -14981.341797
1528    -14981.421875
1529    -14981.501953
1530    -14981.582031
1531    -14981.661133
1532    -14981.740234
1533    -14981.818359
1534    -14981.896484
1535    -14981.973633
1536    -14982.050781
1537    -14982.128906
1538    -14982.206055
1539    -14982.283203
1540    -14982.359375
1541    -14982.435547
1542    -14982.512695
1543    -14982.588867
1544    -14982.665039
1545    -14982.741211
1546    -14982.816406
1547    -14982.892578
1548    -14982.966797
1549    -14983.042969
1550    -14983.118164
1551    -14983.193359
1552    -14983.267578
1553    -14983.341797
1554    -14983.416016
1555    -14983.490234
1556    -14983.565430
1557    -14983.638672
1558    -14983.710938
1559    -14983.783203
1560    -14983.857422
1561    -14983.927734
1562    -14984.000000
1563    -14984.073242
1564    -14984.144531
1565    -14984.216797
1566    -14984.288086
1567    -14984.359375
1568    -14984.430664
1569    -14984.501953
1570    -14984.572266
1571    -14984.644531
1572    -14984.713867
1573    -14984.784180
1574    -14984.851562
1575    -14984.921875
1576    -14984.989258
1577    -14985.056641
1578    -14985.125000
1579    -14985.193359
1580    -14985.260742
1581    -14985.328125
1582    -14985.396484
1583    -14985.463867
1584    -14985.531250
1585    -14985.598633
1586    -14985.665039
1587    -14985.732422
1588    -14985.798828
1589    -14985.865234
1590    -14985.932617
1591    -14985.998047
1592    -14986.065430
1593    -14986.132812
1594    -14986.197266
1595    -14986.263672
1596    -14986.330078
1597    -14986.396484
1598    -14986.461914
1599    -14986.527344
1600    -14986.593750
1601    -14986.660156
1602    -14986.724609
1603    -14986.790039
1604    -14986.855469
1605    -14986.920898
1606    -14986.986328
1607    -14987.045898
1608    -14987.104492
1609    -14987.165039
1610    -14987.224609
1611    -14987.283203
1612    -14987.342773
1613    -14987.402344
1614    -14987.461914
1615    -14987.518555
1616    -14987.577148
1617    -14987.635742
1618    -14987.694336
1619    -14987.751953
1620    -14987.809570
1621    -14987.867188
1622    -14987.925781
1623    -14987.984375
1624    -14988.041992
1625    -14988.099609
1626    -14988.158203
1627    -14988.215820
1628    -14988.274414
1629    -14988.332031
1630    -14988.389648
1631    -14988.445312
1632    -14988.500977
1633    -14988.556641
1634    -14988.611328
1635    -14988.666992
1636    -14988.722656
1637    -14988.778320
1638    -14988.833984
1639    -14988.888672
1640    -14988.943359
1641    -14989.000000
1642    -14989.055664
1643    -14989.111328
1644    -14989.166016
1645    -14989.222656
1646    -14989.278320
1647    -14989.333984
1648    -14989.390625
1649    -14989.445312
1650    -14989.501953
1651    -14989.557617
1652    -14989.615234
1653    -14989.670898
1654    -14989.726562
1655    -14989.783203
1656    -14989.839844
1657    -14989.896484
1658    -14989.953125
1659    -14990.009766
1660    -14990.066406
1661    -14990.124023
1662    -14990.180664
1663    -14990.238281
1664    -14990.295898
1665    -14990.352539
1666    -14990.410156
1667    -14990.468750
1668    -14990.525391
1669    -14990.583984
1670    -14990.641602
1671    -14990.699219
1672    -14990.757812
1673    -14990.816406
1674    -14990.875000
1675    -14990.933594
1676    -14990.992188
1677    -14991.050781
1678    -14991.109375
1679    -14991.167969
1680    -14991.228516
1681    -14991.287109
1682    -14991.346680
1683    -14991.407227
1684    -14991.466797
1685    -14991.527344
1686    -14991.587891
1687    -14991.648438
1688    -14991.708008
1689    -14991.769531
1690    -14991.830078
1691    -14991.890625
1692    -14991.952148
1693    -14992.013672
1694    -14992.076172
1695    -14992.137695
1696    -14992.199219
1697    -14992.261719
1698    -14992.323242
1699    -14992.386719
1700    -14992.449219
1701    -14992.512695
1702    -14992.576172
1703    -14992.638672
1704    -14992.701172
1705    -14992.766602
1706    -14992.830078
1707    -14992.894531
1708    -14992.958984
1709    -14993.023438
1710    -14993.088867
1711    -14993.154297
1712    -14993.219727
1713    -14993.285156
1714    -14993.351562
1715    -14993.417969
1716    -14993.483398
1717    -14993.550781
1718    -14993.617188
1719    -14993.684570
1720    -14993.751953
1721    -14993.820312
1722    -14993.887695
1723    -14993.956055
1724    -14994.025391
1725    -14994.093750
1726    -14994.162109
1727    -14994.232422
1728    -14994.300781
1729    -14994.371094
1730    -14994.441406
1731    -14994.510742
1732    -14994.579102
1733    -14994.648438
1734    -14994.716797
1735    -14994.787109
1736    -14994.857422
1737    -14994.927734
1738    -14994.998047
1739    -14995.068359
1740    -14995.140625
1741    -14995.211914
1742    -14995.283203
1743    -14995.355469
1744    -14995.427734
1745    -14995.500977
1746    -14995.574219
1747    -14995.646484
1748    -14995.720703
1749    -14995.793945
1750    -14995.868164
1751    -14995.942383
1752    -14996.015625
1753    -14996.089844
1754    -14996.164062
1755    -14996.238281
1756    -14996.313477
1757    -14996.388672
1758    -14996.464844
1759    -14996.541016
1760    -14996.617188
1761    -14996.692383
1762    -14996.769531
1763    -14996.845703
1764    -14996.922852
1765    -14997.000000
1766    -14997.078125
1767    -14997.156250
1768    -14997.233398
1769    -14997.312500
1770    -14997.389648
1771    -14997.468750
1772    -14997.548828
1773    -14997.626953
1774    -14997.707031
1775    -14997.787109
1776    -14997.866211
1777    -14997.946289
1778    -14998.026367
1779    -14998.105469
1780    -14998.184570
1781    -14998.259766
1782    -14998.334961
1783    -14998.410156
1784    -14998.484375
1785    -14998.560547
1786    -14998.636719
1787    -14998.710938
1788    -14998.787109
1789    -14998.862305
1790    -14998.939453
1791    -14999.015625
1792    -14999.091797
1793    -14999.167969
1794    -14999.244141
1795    -14999.320312
1796    -14999.398438
1797    -14999.474609
1798    -14999.550781
1799    -14999.628906
1800    -14999.706055
1801    -14999.782227
1802    -14999.859375
1803    -14999.936523
1804    -15000.013672
1805    -15000.091797
1806    -15000.168945
1807    -15000.246094
1808    -15000.323242
1809    -15000.401367
1810    -15000.478516
1811    -15000.556641
1812    -15000.634766
1813    -15000.710938
1814    -15000.790039
1815    -15000.867188
1816    -15000.945312
1817    -15001.023438
1818    -15001.101562
1819    -15001.177734
1820    -15001.255859
1821    -15001.333984
1822    -15001.412109
1823    -15001.488281
1824    -15001.566406
1825    -15001.644531
1826    -15001.722656
1827    -15001.799805
1828    -15001.877930
1829    -15001.955078
1830    -15002.033203
1831    -15002.110352
1832    -15002.187500
1833    -15002.265625
1834    -15002.343750
1835    -15002.419922
1836    -15002.497070
1837    -15002.574219
1838    -15002.652344
1839    -15002.729492
1840    -15002.806641
1841    -15002.883789
1842    -15002.960938
1843    -15003.038086
1844    -15003.115234
1845    -15003.191406
1846    -15003.269531
1847    -15003.345703
1848    -15003.421875
1849    -15003.500000
1850    -15003.576172
1851    -15003.652344
1852    -15003.728516
1853    -15003.806641
1854    -15003.882812
1855    -15003.958984
1856    -15004.035156
1857    -15004.111328
1858    -15004.187500
1859    -15004.264648
1860    -15004.340820
1861    -15004.417969
1862    -15004.494141
1863    -15004.569336
1864    -15004.646484
1865    -15004.721680
1866    -15004.797852
1867    -15004.874023
1868    -15004.949219
1869    -15005.025391
1870    -15005.102539
1871    -15005.177734
1872    -15005.253906
1873    -15005.330078
1874    -15005.406250
1875    -15005.482422
1876    -15005.556641
1877    -15005.632812
1878    -15005.708984
1879    -15005.785156
1880    -15005.861328
1881    -15005.937500
1882    -15006.013672
1883    -15006.089844
1884    -15006.166016
1885    -15006.242188
1886    -15006.318359
1887    -15006.393555
1888    -15006.469727
1889    -15006.546875
1890    -15006.623047
1891    -15006.699219
1892    -15006.774414
1893    -15006.851562
1894    -15006.927734
1895    -15007.003906
1896    -15007.081055
1897    -15007.158203
1898    -15007.233398
1899    -15007.310547
1900    -15007.388672
1901    -15007.464844
1902    -15007.542969
1903    -15007.620117
1904    -15007.697266
1905    -15007.774414
1906    -15007.851562
1907    -15007.929688
1908    -15008.006836
1909    -15008.085938
1910    -15008.162109
1911    -15008.240234
1912    -15008.320312
1913    -15008.397461
1914    -15008.476562
1915    -15008.554688
1916    -15008.633789
1917    -15008.712891
1918    -15008.791016
1919    -15008.871094
1920    -15008.950195
1921    -15009.030273
1922    -15009.109375
1923    -15009.190430
1924    -15009.270508
1925    -15009.349609
1926    -15009.430664
1927    -15009.511719
1928    -15009.591797
1929    -15009.673828
1930    -15009.755859
1931    -15009.836914
1932    -15009.917969
1933    -15010.000000
1934    -15010.082031
1935    -15010.164062
1936    -15010.247070
1937    -15010.330078
1938    -15010.413086
1939    -15010.496094
1940    -15010.579102
1941    -15010.662109
1942    -15010.746094
1943    -15010.830078
1944    -15010.916016
1945    -15011.000000
1946    -15011.083984
1947    -15011.169922
1948    -15011.253906
1949    -15011.339844
1950    -15011.425781
1951    -15011.511719
1952    -15011.595703
1953    -15011.682617
1954    -15011.769531
1955    -15011.856445
1956    -15011.943359
1957    -15012.031250
1958    -15012.117188
1959    -15012.205078
1960    -15012.292969
1961    -15012.380859
1962    -15012.468750
1963    -15012.557617
1964    -15012.645508
1965    -15012.734375
1966    -15012.822266
1967    -15012.912109
1968    -15013.000977
1969    -15013.090820
1970    -15013.179688
1971    -15013.269531
1972    -15013.358398
1973    -15013.447266
1974    -15013.539062
1975    -15013.628906
1976    -15013.717773
1977    -15013.808594
1978    -15013.898438
1979    -15013.986328
1980    -15014.075195
1981    -15014.164062
1982    -15014.250977
1983    -15014.339844
1984    -15014.427734
1985    -15014.515625
1986    -15014.603516
1987    -15014.692383
1988    -15014.781250
1989    -15014.869141
1990    -15014.957031
1991    -15015.045898
1992    -15015.134766
1993    -15015.222656
1994    -15015.311523
1995    -15015.400391
1996    -15015.488281
1997    -15015.578125
1998    -15015.666016
1999    -15015.753906
2000    -15015.842773
2001    -15015.930664
2002    -15016.019531
2003    -15016.107422
2004    -15016.195312
2005    -15016.283203
2006    -15016.370117
2007    -15016.458008
2008    -15016.544922
2009    -15016.632812
2010    -15016.718750
2011    -15016.804688
2012    -15016.890625
2013    -15016.976562
2014    -15017.060547
2015    -15017.146484
2016    -15017.231445
2017    -15017.316406
2018    -15017.400391
2019    -15017.485352
2020    -15017.568359
2021    -15017.652344
2022    -15017.736328
2023    -15017.820312
2024    -15017.904297
2025    -15017.986328
2026    -15018.068359
2027    -15018.152344
2028    -15018.234375
2029    -15018.316406
2030    -15018.398438
2031    -15018.479492
2032    -15018.558594
2033    -15018.638672
2034    -15018.717773
2035    -15018.796875
2036    -15018.875000
2037    -15018.954102
2038    -15019.032227
2039    -15019.109375
2040    -15019.187500
2041    -15019.264648
2042    -15019.341797
2043    -15019.416992
2044    -15019.494141
2045    -15019.570312
2046    -15019.646484
2047    -15019.721680
2048    -15019.796875
2049    -15019.871094
2050    -15019.946289
2051    -15020.020508
2052    -15020.093750
2053    -15020.167969
2054    -15020.242188
2055    -15020.314453
2056    -15020.386719
2057    -15020.458984
2058    -15020.531250
2059    -15020.603516
2060    -15020.674805
2061    -15020.746094
2062    -15020.816406
2063    -15020.887695
2064    -15020.957031
2065    -15021.027344
2066    -15021.095703
2067    -15021.166016
2068    -15021.235352
2069    -15021.302734
2070    -15021.371094
2071    -15021.439453
2072    -15021.507812
2073    -15021.574219
2074    -15021.642578
2075    -15021.708008
2076    -15021.775391
2077    -15021.840820
2078    -15021.907227
2079    -15021.972656
2080    -15022.037109
2081    -15022.103516
2082    -15022.167969
2083    -15022.232422
2084    -15022.295898
2085    -15022.360352
2086    -15022.422852
2087    -15022.486328
2088    -15022.548828
2089    -15022.611328
2090    -15022.673828
2091    -15022.736328
2092    -15022.797852
2093    -15022.859375
2094    -15022.919922
2095    -15022.981445
2096    -15023.041992
2097    -15023.103516
2098    -15023.162109
2099    -15023.222656
2100    -15023.282227
2101    -15023.341797
2102    -15023.400391
2103    -15023.458984
2104    -15023.516602
2105    -15023.576172
2106    -15023.633789
2107    -15023.691406
2108    -15023.749023
2109    -15023.806641
2110    -15023.863281
2111    -15023.919922
2112    -15023.977539
2113    -15024.033203
2114    -15024.089844
2115    -15024.144531
2116    -15024.199219
2117    -15024.255859
2118    -15024.310547
2119    -15024.365234
2120    -15024.419922
2121    -15024.474609
2122    -15024.529297
2123    -15024.583984
2124    -15024.636719
2125    -15024.690430
2126    -15024.744141
2127    -15024.796875
2128    -15024.849609
2129    -15024.902344
2130    -15024.956055
2131    -15025.007812
2132    -15025.059570
2133    -15025.111328
2134    -15025.164062
2135    -15025.214844
2136    -15025.266602
2137    -15025.316406
2138    -15025.367188
2139    -15025.415039
2140    -15025.462891
2141    -15025.509766
2142    -15025.556641
2143    -15025.603516
2144    -15025.650391
2145    -15025.697266
2146    -15025.743164
2147    -15025.790039
2148    -15025.835938
2149    -15025.881836
2150    -15025.927734
2151    -15025.972656
2152    -15026.019531
2153    -15026.064453
2154    -15026.109375
2155    -15026.156250
2156    -15026.199219
2157    -15026.243164
2158    -15026.287109
2159    -15026.330078
2160    -15026.373047
2161    -15026.416016
2162    -15026.458984
2163    -15026.502930
2164    -15026.544922
2165    -15026.587891
2166    -15026.630859
2167    -15026.673828
2168    -15026.713867
2169    -15026.751953
2170    -15026.791016
2171    -15026.829102
2172    -15026.867188
2173    -15026.906250
2174    -15026.943359
2175    -15026.982422
2176    -15027.020508
2177    -15027.058594
2178    -15027.095703
2179    -15027.134766
2180    -15027.171875
2181    -15027.208984
2182    -15027.247070
2183    -15027.285156
2184    -15027.322266
2185    -15027.359375
2186    -15027.397461
2187    -15027.433594
2188    -15027.472656
2189    -15027.508789
2190    -15027.546875
2191    -15027.583008
2192    -15027.621094
2193    -15027.657227
2194    -15027.694336
2195    -15027.731445
2196    -15027.768555
2197    -15027.804688
2198    -15027.841797
2199    -15027.879883
2200    -15027.916016
2201    -15027.953125
2202    -15027.990234
2203    -15028.026367
2204    -15028.064453
2205    -15028.100586
2206    -15028.136719
2207    -15028.172852
2208    -15028.209961
2209    -15028.246094
2210    -15028.283203
2211    -15028.319336
2212    -15028.357422
2213    -15028.394531
2214    -15028.429688
2215    -15028.466797
2216    -15028.503906
2217    -15028.541016
2218    -15028.576172
2219    -15028.613281
2220    -15028.649414
2221    -15028.678711
2222    -15028.708984
2223    -15028.737305
2224    -15028.768555
2225    -15028.797852
2226    -15028.827148
2227    -15028.857422
2228    -15028.887695
2229    -15028.917969
2230    -15028.947266
2231    -15028.978516
2232    -15029.007812
2233    -15029.039062
2234    -15029.069336
2235    -15029.099609
2236    -15029.130859
2237    -15029.162109
2238    -15029.192383
2239    -15029.223633
2240    -15029.254883
2241    -15029.286133
2242    -15029.317383
2243    -15029.348633
2244    -15029.380859
2245    -15029.413086
2246    -15029.444336
2247    -15029.476562
2248    -15029.507812
2249    -15029.540039
2250    -15029.573242
2251    -15029.605469
2252    -15029.638672
2253    -15029.670898
2254    -15029.703125
2255    -15029.736328
2256    -15029.769531
2257    -15029.802734
2258    -15029.835938
2259    -15029.871094
2260    -15029.904297
2261    -15029.937500
2262    -15029.971680
2263    -15030.005859
2264    -15030.041016
2265    -15030.074219
2266    -15030.107422
2267    -15030.141602
2268    -15030.174805
2269    -15030.208008
2270    -15030.242188
2271    -15030.277344
2272    -15030.311523
2273    -15030.345703
2274    -15030.380859
2275    -15030.416016
2276    -15030.450195
2277    -15030.485352
2278    -15030.520508
2279    -15030.556641
2280    -15030.591797
2281    -15030.628906
2282    -15030.664062
2283    -15030.701172
2284    -15030.738281
2285    -15030.774414
2286    -15030.811523
2287    -15030.848633
2288    -15030.886719
2289    -15030.923828
2290    -15030.960938
2291    -15031.000000
2292    -15031.037109
2293    -15031.076172
2294    -15031.115234
2295    -15031.154297
2296    -15031.193359
2297    -15031.232422
2298    -15031.271484
2299    -15031.310547
2300    -15031.351562
2301    -15031.390625
2302    -15031.431641
2303    -15031.471680
2304    -15031.512695
2305    -15031.553711
2306    -15031.594727
2307    -15031.636719
2308    -15031.677734
2309    -15031.719727
2310    -15031.760742
2311    -15031.803711
2312    -15031.845703
2313    -15031.887695
2314    -15031.931641
2315    -15031.973633
2316    -15032.017578
2317    -15032.060547
2318    -15032.103516
2319    -15032.146484
2320    -15032.190430
2321    -15032.234375
2322    -15032.278320
2323    -15032.323242
2324    -15032.367188
2325    -15032.412109
2326    -15032.457031
2327    -15032.500977
2328    -15032.546875
2329    -15032.591797
2330    -15032.636719
2331    -15032.683594
2332    -15032.728516
2333    -15032.773438
2334    -15032.820312
2335    -15032.865234
2336    -15032.912109
2337    -15032.958984
2338    -15033.003906
2339    -15033.051758
2340    -15033.097656
2341    -15033.144531
2342    -15033.191406
2343    -15033.238281
2344    -15033.285156
2345    -15033.332031
2346    -15033.378906
2347    -15033.425781
2348    -15033.472656
2349    -15033.520508
2350    -15033.567383
2351    -15033.615234
2352    -15033.662109
2353    -15033.709961
2354    -15033.757812
2355    -15033.804688
2356    -15033.851562
2357    -15033.900391
2358    -15033.947266
2359    -15033.995117
2360    -15034.042969
2361    -15034.089844
2362    -15034.136719
2363    -15034.185547
2364    -15034.232422
2365    -15034.280273
2366    -15034.328125
2367    -15034.375000
2368    -15034.423828
2369    -15034.470703
2370    -15034.517578
2371    -15034.564453
2372    -15034.612305
2373    -15034.659180
2374    -15034.706055
2375    -15034.753906
2376    -15034.800781
2377    -15034.847656
2378    -15034.894531
2379    -15034.940430
2380    -15034.988281
2381    -15035.035156
2382    -15035.081055
2383    -15035.128906
2384    -15035.174805
2385    -15035.220703
2386    -15035.267578
2387    -15035.314453
2388    -15035.359375
2389    -15035.406250
2390    -15035.451172
2391    -15035.498047
2392    -15035.542969
2393    -15035.589844
2394    -15035.634766
2395    -15035.680664
2396    -15035.725586
2397    -15035.771484
2398    -15035.816406
2399    -15035.861328
2400    -15035.906250
2401    -15035.951172
2402    -15035.996094
2403    -15036.041016
2404    -15036.084961
2405    -15036.128906
2406    -15036.173828
2407    -15036.216797
2408    -15036.261719
2409    -15036.305664
2410    -15036.349609
2411    -15036.393555
2412    -15036.437500
2413    -15036.480469
2414    -15036.523438
2415    -15036.567383
2416    -15036.610352
2417    -15036.653320
2418    -15036.697266
2419    -15036.740234
2420    -15036.782227
2421    -15036.825195
2422    -15036.868164
2423    -15036.910156
2424    -15036.951172
2425    -15036.994141
2426    -15037.035156
2427    -15037.076172
2428    -15037.119141
2429    -15037.160156
2430    -15037.201172
2431    -15037.243164
2432    -15037.284180
2433    -15037.326172
2434    -15037.367188
2435    -15037.408203
2436    -15037.448242
2437    -15037.489258
2438    -15037.530273
2439    -15037.570312
2440    -15037.611328
2441    -15037.652344
2442    -15037.692383
2443    -15037.732422
2444    -15037.773438
2445    -15037.813477
2446    -15037.853516
2447    -15037.892578
2448    -15037.933594
2449    -15037.972656
2450    -15038.013672
2451    -15038.053711
2452    -15038.093750
2453    -15038.130859
2454    -15038.167969
2455    -15038.206055
2456    -15038.244141
2457    -15038.281250
2458    -15038.318359
2459    -15038.355469
2460    -15038.392578
2461    -15038.431641
2462    -15038.466797
2463    -15038.503906
2464    -15038.541992
2465    -15038.579102
2466    -15038.615234
2467    -15038.652344
2468    -15038.691406
2469    -15038.728516
2470    -15038.765625
2471    -15038.802734
2472    -15038.839844
2473    -15038.876953
2474    -15038.914062
2475    -15038.951172
2476    -15038.987305
2477    -15039.025391
2478    -15039.062500
2479    -15039.099609
2480    -15039.136719
2481    -15039.173828
2482    -15039.210938
2483    -15039.248047
2484    -15039.285156
2485    -15039.322266
2486    -15039.359375
2487    -15039.396484
2488    -15039.433594
2489    -15039.471680
2490    -15039.509766
2491    -15039.545898
2492    -15039.583008
2493    -15039.621094
2494    -15039.658203
2495    -15039.696289
2496    -15039.733398
2497    -15039.771484
2498    -15039.808594
2499    -15039.847656
2500    -15039.884766
2501    -15039.922852
2502    -15039.959961
2503    -15039.998047
2504    -15040.035156
2505    -15040.073242
2506    -15040.111328
2507    -15040.149414
2508    -15040.187500
2509    -15040.225586
2510    -15040.263672
2511    -15040.301758
2512    -15040.339844
2513    -15040.378906
2514    -15040.417969
2515    -15040.455078
2516    -15040.493164
2517    -15040.533203
2518    -15040.572266
2519    -15040.610352
2520    -15040.649414
2521    -15040.689453
2522    -15040.727539
2523    -15040.767578
2524    -15040.806641
2525    -15040.845703
2526    -15040.885742
2527    -15040.925781
2528    -15040.964844
2529    -15041.004883
2530    -15041.044922
2531    -15041.085938
2532    -15041.125000
2533    -15041.165039
2534    -15041.206055
2535    -15041.246094
2536    -15041.287109
2537    -15041.328125
2538    -15041.369141
2539    -15041.410156
2540    -15041.451172
2541    -15041.492188
2542    -15041.534180
2543    -15041.577148
2544    -15041.619141
2545    -15041.660156
2546    -15041.703125
2547    -15041.744141
2548    -15041.787109
2549    -15041.830078
2550    -15041.873047
2551    -15041.916016
2552    -15041.958984
2553    -15042.002930
2554    -15042.046875
2555    -15042.090820
2556    -15042.134766
2557    -15042.177734
2558    -15042.223633
2559    -15042.267578
2560    -15042.311523
2561    -15042.356445
2562    -15042.401367
2563    -15042.446289
2564    -15042.491211
2565    -15042.536133
2566    -15042.582031
2567    -15042.628906
2568    -15042.673828
2569    -15042.720703
2570    -15042.767578
2571    -15042.814453
2572    -15042.861328
2573    -15042.909180
2574    -15042.957031
2575    -15043.001953
2576    -15043.045898
2577    -15043.089844
2578    -15043.133789
2579    -15043.179688
2580    -15043.224609
2581    -15043.269531
2582    -15043.314453
2583    -15043.361328
2584    -15043.407227
2585    -15043.454102
2586    -15043.501953
2587    -15043.548828
2588    -15043.596680
2589    -15043.644531
2590    -15043.692383
2591    -15043.742188
2592    -15043.791016
2593    -15043.841797
2594    -15043.890625
2595    -15043.941406
2596    -15043.992188
2597    -15044.044922
2598    -15044.095703
2599    -15044.147461
2600    -15044.200195
2601    -15044.253906
2602    -15044.305664
2603    -15044.360352
2604    -15044.414062
2605    -15044.469727
2606    -15044.524414
2607    -15044.579102
2608    -15044.636719
2609    -15044.692383
2610    -15044.748047
2611    -15044.806641
2612    -15044.863281
2613    -15044.922852
2614    -15044.981445
2615    -15045.041016
2616    -15045.099609
2617    -15045.160156
2618    -15045.220703
2619    -15045.282227
2620    -15045.343750
2621    -15045.406250
2622    -15045.468750
2623    -15045.532227
2624    -15045.595703
2625    -15045.660156
2626    -15045.724609
2627    -15045.790039
2628    -15045.855469
2629    -15045.920898
2630    -15045.988281
2631    -15046.054688
2632    -15046.123047
2633    -15046.191406
2634    -15046.259766
2635    -15046.328125
2636    -15046.398438
2637    -15046.468750
2638    -15046.539062
2639    -15046.610352
2640    -15046.682617
2641    -15046.753906
2642    -15046.826172
2643    -15046.900391
2644    -15046.973633
2645    -15047.046875
2646    -15047.122070
2647    -15047.195312
2648    -15047.269531
2649    -15047.344727
2650    -15047.419922
2651    -15047.496094
2652    -15047.571289
2653    -15047.648438
2654    -15047.724609
2655    -15047.802734
2656    -15047.880859
2657    -15047.958984
2658    -15048.039062
2659    -15048.117188
2660    -15048.196289
2661    -15048.276367
2662    -15048.357422
2663    -15048.438477
2664    -15048.519531
2665    -15048.600586
2666    -15048.682617
2667    -15048.763672
2668    -15048.847656
2669    -15048.929688
2670    -15049.013672
2671    -15049.097656
2672    -15049.181641
2673    -15049.265625
2674    -15049.350586
2675    -15049.435547
2676    -15049.520508
2677    -15049.605469
2678    -15049.691406
2679    -15049.778320
2680    -15049.864258
2681    -15049.950195
2682    -15050.037109
2683    -15050.125000
2684    -15050.212891
2685    -15050.298828
2686    -15050.386719
2687    -15050.474609
2688    -15050.562500
2689    -15050.652344
2690    -15050.740234
2691    -15050.829102
2692    -15050.917969
2693    -15051.006836
2694    -15051.096680
2695    -15051.185547
2696    -15051.275391
2697    -15051.364258
2698    -15051.454102
2699    -15051.543945
2700    -15051.633789
2701    -15051.723633
2702    -15051.814453
2703    -15051.903320
2704    -15051.994141
2705    -15052.083984
2706    -15052.173828
2707    -15052.264648
2708    -15052.354492
2709    -15052.444336
2710    -15052.535156
2711    -15052.625000
2712    -15052.715820
2713    -15052.804688
2714    -15052.896484
2715    -15052.986328
2716    -15053.076172
2717    -15053.166016
2718    -15053.255859
2719    -15053.345703
2720    -15053.434570
2721    -15053.524414
2722    -15053.614258
2723    -15053.703125
2724    -15053.791992
2725    -15053.881836
2726    -15053.970703
2727    -15054.059570
2728    -15054.146484
2729    -15054.236328
2730    -15054.324219
2731    -15054.411133
2732    -15054.500000
2733    -15054.585938
2734    -15054.673828
2735    -15054.760742
2736    -15054.847656
2737    -15054.933594
2738    -15055.019531
2739    -15055.105469
2740    -15055.191406
2741    -15055.276367
2742    -15055.361328
2743    -15055.445312
2744    -15055.529297
2745    -15055.614258
2746    -15055.697266
2747    -15055.780273
2748    -15055.863281
2749    -15055.945312
2750    -15056.027344
2751    -15056.110352
2752    -15056.191406
2753    -15056.271484
2754    -15056.353516
2755    -15056.432617
2756    -15056.512695
2757    -15056.591797
2758    -15056.670898
2759    -15056.750000
2760    -15056.828125
2761    -15056.906250
2762    -15056.983398
2763    -15057.060547
2764    -15057.136719
2765    -15057.212891
2766    -15057.288086
2767    -15057.363281
2768    -15057.439453
2769    -15057.511719
2770    -15057.585938
2771    -15057.660156
2772    -15057.732422
2773    -15057.805664
2774    -15057.877930
2775    -15057.949219
2776    -15058.020508
2777    -15058.090820
2778    -15058.162109
2779    -15058.230469
2780    -15058.300781
2781    -15058.370117
2782    -15058.438477
2783    -15058.505859
2784    -15058.574219
2785    -15058.641602
2786    -15058.708008
2787    -15058.774414
2788    -15058.839844
2789    -15058.905273
2790    -15058.970703
2791    -15059.035156
2792    -15059.099609
2793    -15059.164062
2794    -15059.226562
2795    -15059.290039
2796    -15059.352539
2797    -15059.415039
2798    -15059.476562
2799    -15059.537109
2800    -15059.599609
2801    -15059.658203
2802    -15059.718750
2803    -15059.779297
2804    -15059.837891
2805    -15059.898438
2806    -15059.956055
2807    -15060.014648
2808    -15060.072266
2809    -15060.129883
2810    -15060.187500
2811    -15060.244141
2812    -15060.299805
2813    -15060.355469
2814    -15060.412109
2815    -15060.467773
2816    -15060.521484
2817    -15060.576172
2818    -15060.630859
2819    -15060.685547
2820    -15060.738281
2821    -15060.791992
2822    -15060.845703
2823    -15060.898438
2824    -15060.950195
2825    -15061.002930
2826    -15061.052734
2827    -15061.106445
2828    -15061.153320
2829    -15061.199219
2830    -15061.245117
2831    -15061.291016
2832    -15061.335938
2833    -15061.380859
2834    -15061.426758
2835    -15061.464844
2836    -15061.504883
2837    -15061.542969
2838    -15061.574219
2839    -15061.606445
2840    -15061.638672
2841    -15061.671875
2842    -15061.703125
2843    -15061.735352
2844    -15061.767578
2845    -15061.798828
2846    -15061.830078
2847    -15061.861328
2848    -15061.893555
2849    -15061.924805
2850    -15061.956055
2851    -15061.987305
2852    -15062.017578
2853    -15062.048828
2854    -15062.080078
2855    -15062.109375
2856    -15062.140625
2857    -15062.171875
2858    -15062.202148
2859    -15062.232422
2860    -15062.261719
2861    -15062.292969
2862    -15062.322266
2863    -15062.353516
2864    -15062.382812
2865    -15062.412109
2866    -15062.443359
2867    -15062.471680
2868    -15062.501953
2869    -15062.531250
2870    -15062.562500
2871    -15062.590820
2872    -15062.620117
2873    -15062.650391
2874    -15062.679688
2875    -15062.708984
2876    -15062.738281
2877    -15062.767578
2878    -15062.796875
2879    -15062.826172
2880    -15062.855469
2881    -15062.884766
2882    -15062.914062
2883    -15062.943359
2884    -15062.972656
2885    -15063.001953
2886    -15063.029297
2887    -15063.058594
2888    -15063.086914
2889    -15063.114258
2890    -15063.140625
2891    -15063.167969
2892    -15063.194336
2893    -15063.221680
2894    -15063.250000
2895    -15063.275391
2896    -15063.302734
2897    -15063.330078
2898    -15063.357422
2899    -15063.384766
2900    -15063.412109
2901    -15063.439453
2902    -15063.466797
2903    -15063.493164
2904    -15063.521484
2905    -15063.546875
2906    -15063.574219
2907    -15063.602539
2908    -15063.629883
2909    -15063.657227
2910    -15063.685547
2911    -15063.712891
2912    -15063.739258
2913    -15063.767578
2914    -15063.794922
2915    -15063.822266
2916    -15063.850586
2917    -15063.878906
2918    -15063.907227
2919    -15063.933594
2920    -15063.961914
2921    -15063.990234
2922    -15064.019531
2923    -15064.046875
2924    -15064.074219
2925    -15064.102539
2926    -15064.130859
2927    -15064.160156
2928    -15064.189453
2929    -15064.216797
2930    -15064.246094
2931    -15064.273438
2932    -15064.302734
2933    -15064.332031
2934    -15064.360352
2935    -15064.389648
2936    -15064.417969
2937    -15064.447266
2938    -15064.478516
2939    -15064.505859
2940    -15064.537109
2941    -15064.564453
2942    -15064.594727
2943    -15064.624023
2944    -15064.654297
2945    -15064.683594
2946    -15064.713867
2947    -15064.744141
2948    -15064.774414
2949    -15064.802734
2950    -15064.833984
2951    -15064.865234
2952    -15064.895508
2953    -15064.925781
2954    -15064.957031
2955    -15064.987305
2956    -15065.018555
2957    -15065.048828
2958    -15065.080078
2959    -15065.111328
2960    -15065.142578
2961    -15065.173828
2962    -15065.205078
2963    -15065.236328
2964    -15065.268555
2965    -15065.299805
2966    -15065.332031
2967    -15065.363281
2968    -15065.395508
2969    -15065.427734
2970    -15065.459961
2971    -15065.492188
2972    -15065.524414
2973    -15065.556641
2974    -15065.589844
2975    -15065.623047
2976    -15065.655273
2977    -15065.688477
2978    -15065.720703
2979    -15065.754883
2980    -15065.789062
2981    -15065.821289
2982    -15065.854492
2983    -15065.888672
2984    -15065.921875
2985    -15065.955078
2986    -15065.990234
2987    -15066.023438
2988    -15066.058594
2989    -15066.092773
2990    -15066.126953
2991    -15066.162109
2992    -15066.195312
2993    -15066.230469
2994    -15066.263672
2995    -15066.300781
2996    -15066.335938
2997    -15066.370117
2998    -15066.405273
2999    -15066.441406
3000    -15066.476562
3001    -15066.511719
3002    -15066.546875
3003    -15066.582031
3004    -15066.617188
3005    -15066.654297
3006    -15066.690430
3007    -15066.726562
3008    -15066.762695
3009    -15066.797852
3010    -15066.834961
3011    -15066.871094
3012    -15066.907227
3013    -15066.943359
3014    -15066.980469
3015    -15067.017578
3016    -15067.054688
3017    -15067.091797
3018    -15067.128906
3019    -15067.165039
3020    -15067.203125
3021    -15067.240234
3022    -15067.277344
3023    -15067.314453
3024    -15067.351562
3025    -15067.389648
3026    -15067.427734
3027    -15067.465820
3028    -15067.502930
3029    -15067.541016
3030    -15067.579102
3031    -15067.617188
3032    -15067.655273
3033    -15067.692383
3034    -15067.731445
3035    -15067.769531
3036    -15067.808594
3037    -15067.845703
3038    -15067.884766
3039    -15067.922852
3040    -15067.961914
3041    -15068.000000
3042    -15068.039062
3043    -15068.074219
3044    -15068.108398
3045    -15068.144531
3046    -15068.179688
3047    -15068.214844
3048    -15068.250000
3049    -15068.285156
3050    -15068.320312
3051    -15068.356445
3052    -15068.392578
3053    -15068.428711
3054    -15068.463867
3055    -15068.499023
3056    -15068.535156
3057    -15068.570312
3058    -15068.607422
3059    -15068.643555
3060    -15068.678711
3061    -15068.714844
3062    -15068.751953
3063    -15068.787109
3064    -15068.824219
3065    -15068.859375
3066    -15068.896484
3067    -15068.931641
3068    -15068.968750
3069    -15069.003906
3070    -15069.041016
3071    -15069.078125
3072    -15069.113281
3073    -15069.150391
3074    -15069.185547
3075    -15069.222656
3076    -15069.259766
3077    -15069.295898
3078    -15069.332031
3079    -15069.368164
3080    -15069.404297
3081    -15069.441406
3082    -15069.476562
3083    -15069.513672
3084    -15069.550781
3085    -15069.587891
3086    -15069.623047
3087    -15069.660156
3088    -15069.696289
3089    -15069.732422
3090    -15069.769531
3091    -15069.804688
3092    -15069.841797
3093    -15069.877930
3094    -15069.914062
3095    -15069.951172
3096    -15069.986328
3097    -15070.022461
3098    -15070.057617
3099    -15070.094727
3100    -15070.129883
3101    -15070.166992
3102    -15070.202148
3103    -15070.238281
3104    -15070.273438
3105    -15070.309570
3106    -15070.345703
3107    -15070.380859
3108    -15070.416016
3109    -15070.452148
3110    -15070.487305
3111    -15070.523438
3112    -15070.558594
3113    -15070.593750
3114    -15070.628906
3115    -15070.664062
3116    -15070.699219
3117    -15070.734375
3118    -15070.768555
3119    -15070.804688
3120    -15070.838867
3121    -15070.873047
3122    -15070.908203
3123    -15070.942383
3124    -15070.976562
3125    -15071.010742
3126    -15071.044922
3127    -15071.080078
3128    -15071.114258
3129    -15071.147461
3130    -15071.181641
3131    -15071.214844
3132    -15071.249023
3133    -15071.283203
3134    -15071.316406
3135    -15071.349609
3136    -15071.382812
3137    -15071.416992
3138    -15071.449219
3139    -15071.482422
3140    -15071.515625
3141    -15071.548828
3142    -15071.581055
3143    -15071.613281
3144    -15071.646484
3145    -15071.678711
3146    -15071.710938
3147    -15071.744141
3148    -15071.775391
3149    -15071.808594
3150    -15071.839844
3151    -15071.872070
3152    -15071.904297
3153    -15071.935547
3154    -15071.966797
3155    -15071.999023
3156    -15072.029297
3157    -15072.062500
3158    -15072.093750
3159    -15072.124023
3160    -15072.155273
3161    -15072.186523
3162    -15072.217773
3163    -15072.248047
3164    -15072.278320
3165    -15072.308594
3166    -15072.339844
3167    -15072.369141
3168    -15072.400391
3169    -15072.430664
3170    -15072.459961
3171    -15072.490234
3172    -15072.521484
3173    -15072.550781
3174    -15072.580078
3175    -15072.609375
3176    -15072.639648
3177    -15072.668945
3178    -15072.699219
3179    -15072.728516
3180    -15072.757812
3181    -15072.786133
3182    -15072.816406
3183    -15072.844727
3184    -15072.874023
3185    -15072.902344
3186    -15072.931641
3187    -15072.960938
3188    -15072.988281
3189    -15073.017578
3190    -15073.046875
3191    -15073.075195
3192    -15073.103516
3193    -15073.131836
3194    -15073.160156
3195    -15073.188477
3196    -15073.216797
3197    -15073.244141
3198    -15073.273438
3199    -15073.300781
3200    -15073.329102
3201    -15073.357422
3202    -15073.384766
3203    -15073.412109
3204    -15073.439453
3205    -15073.467773
3206    -15073.496094
3207    -15073.523438
3208    -15073.550781
3209    -15073.578125
3210    -15073.605469
3211    -15073.632812
3212    -15073.660156
3213    -15073.688477
3214    -15073.714844
3215    -15073.743164
3216    -15073.769531
3217    -15073.796875
3218    -15073.824219
3219    -15073.851562
3220    -15073.878906
3221    -15073.905273
3222    -15073.933594
3223    -15073.958984
3224    -15073.986328
3225    -15074.013672
3226    -15074.041016
3227    -15074.067383
3228    -15074.094727
3229    -15074.121094
3230    -15074.148438
3231    -15074.174805
3232    -15074.202148
3233    -15074.229492
3234    -15074.255859
3235    -15074.283203
3236    -15074.309570
3237    -15074.335938
3238    -15074.363281
3239    -15074.390625
3240    -15074.416016
3241    -15074.443359
3242    -15074.470703
3243    -15074.498047
3244    -15074.523438
3245    -15074.550781
3246    -15074.578125
3247    -15074.604492
3248    -15074.631836
3249    -15074.658203
3250    -15074.685547
3251    -15074.711914
3252    -15074.738281
3253    -15074.765625
3254    -15074.791992
3255    -15074.820312
3256    -15074.846680
3257    -15074.874023
3258    -15074.900391
3259    -15074.927734
3260    -15074.954102
3261    -15074.981445
3262    -15075.007812
3263    -15075.035156
3264    -15075.062500
3265    -15075.089844
3266    -15075.117188
3267    -15075.144531
3268    -15075.171875
3269    -15075.199219
3270    -15075.226562
3271    -15075.252930
3272    -15075.280273
3273    -15075.308594
3274    -15075.335938
3275    -15075.363281
3276    -15075.390625
3277    -15075.417969
3278    -15075.445312
3279    -15075.473633
3280    -15075.500977
3281    -15075.529297
3282    -15075.556641
3283    -15075.583984
3284    -15075.611328
3285    -15075.640625
3286    -15075.667969
3287    -15075.695312
3288    -15075.724609
3289    -15075.752930
3290    -15075.781250
3291    -15075.809570
3292    -15075.837891
3293    -15075.867188
3294    -15075.894531
3295    -15075.923828
3296    -15075.951172
3297    -15075.979492
3298    -15076.007812
3299    -15076.037109
3300    -15076.066406
3301    -15076.094727
3302    -15076.124023
3303    -15076.153320
3304    -15076.181641
3305    -15076.211914
3306    -15076.239258
3307    -15076.267578
3308    -15076.294922
3309    -15076.321289
3310    -15076.348633
3311    -15076.375977
3312    -15076.404297
3313    -15076.431641
3314    -15076.459961
3315    -15076.487305
3316    -15076.515625
3317    -15076.542969
3318    -15076.570312
3319    -15076.598633
3320    -15076.627930
3321    -15076.656250
3322    -15076.684570
3323    -15076.712891
3324    -15076.741211
3325    -15076.769531
3326    -15076.797852
3327    -15076.827148
3328    -15076.856445
3329    -15076.884766
3330    -15076.914062
3331    -15076.943359
3332    -15076.972656
3333    -15077.000977
3334    -15077.031250
3335    -15077.060547
3336    -15077.089844
3337    -15077.120117
3338    -15077.150391
3339    -15077.179688
3340    -15077.208984
3341    -15077.240234
3342    -15077.269531
3343    -15077.300781
3344    -15077.331055
3345    -15077.361328
3346    -15077.391602
3347    -15077.421875
3348    -15077.451172
3349    -15077.480469
3350    -15077.509766
3351    -15077.538086
3352    -15077.567383
3353    -15077.596680
3354    -15077.625977
3355    -15077.654297
3356    -15077.683594
3357    -15077.712891
3358    -15077.743164
3359    -15077.773438
3360    -15077.802734
3361    -15077.832031
3362    -15077.863281
3363    -15077.893555
3364    -15077.923828
3365    -15077.953125
3366    -15077.984375
3367    -15078.014648
3368    -15078.044922
3369    -15078.076172
3370    -15078.105469
3371    -15078.136719
3372    -15078.167969
3373    -15078.199219
3374    -15078.230469
3375    -15078.261719
3376    -15078.292969
3377    -15078.324219
3378    -15078.355469
3379    -15078.386719
3380    -15078.418945
3381    -15078.450195
3382    -15078.482422
3383    -15078.514648
3384    -15078.546875
3385    -15078.579102
3386    -15078.611328
3387    -15078.643555
3388    -15078.676758
3389    -15078.708984
3390    -15078.741211
3391    -15078.773438
3392    -15078.807617
3393    -15078.839844
3394    -15078.873047
3395    -15078.906250
3396    -15078.939453
3397    -15078.972656
3398    -15079.006836
3399    -15079.041016
3400    -15079.074219
3401    -15079.108398
3402    -15079.142578
3403    -15079.175781
3404    -15079.210938
3405    -15079.244141
3406    -15079.279297
3407    -15079.314453
3408    -15079.348633
3409    -15079.382812
3410    -15079.417969
3411    -15079.453125
3412    -15079.488281
3413    -15079.523438
3414    -15079.559570
3415    -15079.594727
3416    -15079.630859
3417    -15079.666016
3418    -15079.703125
3419    -15079.738281
3420    -15079.774414
3421    -15079.810547
3422    -15079.847656
3423    -15079.883789
3424    -15079.920898
3425    -15079.957031
3426    -15079.994141
3427    -15080.031250
3428    -15080.068359
3429    -15080.105469
3430    -15080.143555
3431    -15080.181641
3432    -15080.218750
3433    -15080.256836
3434    -15080.294922
3435    -15080.333008
3436    -15080.371094
3437    -15080.410156
3438    -15080.448242
3439    -15080.487305
3440    -15080.525391
3441    -15080.564453
3442    -15080.603516
3443    -15080.642578
3444    -15080.683594
3445    -15080.722656
3446    -15080.761719
3447    -15080.802734
3448    -15080.841797
3449    -15080.880859
3450    -15080.919922
3451    -15080.958008
3452    -15080.997070
3453    -15081.037109
3454    -15081.076172
3455    -15081.115234
3456    -15081.155273
3457    -15081.195312
3458    -15081.234375
3459    -15081.276367
3460    -15081.316406
3461    -15081.357422
3462    -15081.396484
3463    -15081.437500
3464    -15081.478516
3465    -15081.520508
3466    -15081.562500
3467    -15081.603516
3468    -15081.644531
3469    -15081.686523
3470    -15081.727539
3471    -15081.769531
3472    -15081.811523
3473    -15081.853516
3474    -15081.895508
3475    -15081.938477
3476    -15081.980469
3477    -15082.023438
3478    -15082.066406
3479    -15082.109375
3480    -15082.152344
3481    -15082.195312
3482    -15082.238281
3483    -15082.281250
3484    -15082.324219
3485    -15082.367188
3486    -15082.412109
3487    -15082.455078
3488    -15082.498047
3489    -15082.542969
3490    -15082.585938
3491    -15082.629883
3492    -15082.673828
3493    -15082.716797
3494    -15082.761719
3495    -15082.805664
3496    -15082.849609
3497    -15082.894531
3498    -15082.937500
3499    -15082.982422
3500    -15083.026367
3501    -15083.070312
3502    -15083.114258
3503    -15083.158203
3504    -15083.203125
3505    -15083.247070
3506    -15083.291016
3507    -15083.335938
3508    -15083.379883
3509    -15083.423828
3510    -15083.468750
3511    -15083.512695
3512    -15083.556641
3513    -15083.601562
3514    -15083.645508
3515    -15083.689453
3516    -15083.734375
3517    -15083.778320
3518    -15083.821289
3519    -15083.865234
3520    -15083.910156
3521    -15083.954102
3522    -15083.998047
3523    -15084.042969
3524    -15084.085938
3525    -15084.128906
3526    -15084.173828
3527    -15084.216797
3528    -15084.261719
3529    -15084.304688
3530    -15084.348633
3531    -15084.391602
3532    -15084.434570
3533    -15084.478516
3534    -15084.522461
3535    -15084.565430
3536    -15084.608398
3537    -15084.652344
3538    -15084.696289
3539    -15084.738281
3540    -15084.781250
3541    -15084.826172
3542    -15084.868164
3543    -15084.911133
3544    -15084.954102
3545    -15084.997070
3546    -15085.040039
3547    -15085.082031
3548    -15085.125977
3549    -15085.167969
3550    -15085.210938
3551    -15085.253906
3552    -15085.296875
3553    -15085.338867
3554    -15085.381836
3555    -15085.425781
3556    -15085.466797
3557    -15085.509766
3558    -15085.552734
3559    -15085.595703
3560    -15085.637695
3561    -15085.681641
3562    -15085.723633
3563    -15085.766602
3564    -15085.808594
3565    -15085.851562
3566    -15085.894531
3567    -15085.937500
3568    -15085.980469
3569    -15086.022461
3570    -15086.065430
3571    -15086.108398
3572    -15086.150391
3573    -15086.194336
3574    -15086.237305
3575    -15086.280273
3576    -15086.324219
3577    -15086.367188
3578    -15086.409180
3579    -15086.453125
3580    -15086.496094
3581    -15086.540039
3582    -15086.583008
3583    -15086.626953
3584    -15086.670898
3585    -15086.714844
3586    -15086.758789
3587    -15086.802734
3588    -15086.847656
3589    -15086.890625
3590    -15086.936523
3591    -15086.980469
3592    -15087.025391
3593    -15087.070312
3594    -15087.115234
3595    -15087.160156
3596    -15087.206055
3597    -15087.251953
3598    -15087.296875
3599    -15087.342773
3600    -15087.388672
3601    -15087.435547
3602    -15087.481445
3603    -15087.528320
3604    -15087.575195
3605    -15087.623047
3606    -15087.669922
3607    -15087.716797
3608    -15087.765625
3609    -15087.813477
3610    -15087.861328
3611    -15087.910156
3612    -15087.958008
3613    -15088.006836
3614    -15088.055664
3615    -15088.105469
3616    -15088.156250
3617    -15088.205078
3618    -15088.255859
3619    -15088.306641
3620    -15088.357422
3621    -15088.409180
3622    -15088.460938
3623    -15088.513672
3624    -15088.565430
3625    -15088.617188
3626    -15088.669922
3627    -15088.723633
3628    -15088.778320
3629    -15088.832031
3630    -15088.885742
3631    -15088.940430
3632    -15088.996094
3633    -15089.051758
3634    -15089.107422
3635    -15089.164062
3636    -15089.220703
3637    -15089.278320
3638    -15089.335938
3639    -15089.393555
3640    -15089.452148
3641    -15089.511719
3642    -15089.569336
3643    -15089.630859
3644    -15089.690430
3645    -15089.751953
3646    -15089.811523
3647    -15089.873047
3648    -15089.934570
3649    -15089.996094
3650    -15090.058594
3651    -15090.121094
3652    -15090.183594
3653    -15090.248047
3654    -15090.312500
3655    -15090.376953
3656    -15090.441406
3657    -15090.507812
3658    -15090.574219
3659    -15090.640625
3660    -15090.708008
3661    -15090.775391
3662    -15090.843750
3663    -15090.912109
3664    -15090.982422
3665    -15091.050781
3666    -15091.121094
3667    -15091.193359
3668    -15091.263672
3669    -15091.334961
3670    -15091.407227
3671    -15091.480469
3672    -15091.554688
3673    -15091.628906
3674    -15091.702148
3675    -15091.777344
3676    -15091.852539
3677    -15091.927734
3678    -15092.003906
3679    -15092.082031
3680    -15092.158203
3681    -15092.236328
3682    -15092.314453
3683    -15092.392578
3684    -15092.472656
3685    -15092.552734
3686    -15092.632812
3687    -15092.712891
3688    -15092.793945
3689    -15092.876953
3690    -15092.958008
3691    -15093.041016
3692    -15093.124023
3693    -15093.207031
3694    -15093.291016
3695    -15093.375000
3696    -15093.459961
3697    -15093.544922
3698    -15093.629883
3699    -15093.714844
3700    -15093.802734
3701    -15093.888672
3702    -15093.976562
3703    -15094.064453
3704    -15094.151367
3705    -15094.238281
3706    -15094.328125
3707    -15094.416992
3708    -15094.505859
3709    -15094.595703
3710    -15094.685547
3711    -15094.775391
3712    -15094.867188
3713    -15094.957031
3714    -15095.048828
3715    -15095.140625
3716    -15095.231445
3717    -15095.324219
3718    -15095.416992
3719    -15095.508789
3720    -15095.601562
3721    -15095.696289
3722    -15095.788086
3723    -15095.882812
3724    -15095.976562
3725    -15096.071289
3726    -15096.166016
3727    -15096.260742
3728    -15096.356445
3729    -15096.451172
3730    -15096.546875
3731    -15096.642578
3732    -15096.738281
3733    -15096.833984
3734    -15096.931641
3735    -15097.027344
3736    -15097.125000
3737    -15097.220703
3738    -15097.318359
3739    -15097.416992
3740    -15097.514648
3741    -15097.613281
3742    -15097.709961
3743    -15097.807617
3744    -15097.906250
3745    -15098.005859
3746    -15098.104492
3747    -15098.202148
3748    -15098.301758
3749    -15098.401367
3750    -15098.500000
3751    -15098.600586
3752    -15098.700195
3753    -15098.800781
3754    -15098.899414
3755    -15099.000000
3756    -15099.099609
3757    -15099.200195
3758    -15099.298828
3759    -15099.395508
3760    -15099.494141
3761    -15099.591797
3762    -15099.690430
3763    -15099.789062
3764    -15099.886719
3765    -15099.985352
3766    -15100.083984
3767    -15100.183594
3768    -15100.282227
3769    -15100.380859
3770    -15100.480469
3771    -15100.580078
3772    -15100.677734
3773    -15100.777344
3774    -15100.876953
3775    -15100.976562
3776    -15101.075195
3777    -15101.175781
3778    -15101.273438
3779    -15101.373047
3780    -15101.473633
3781    -15101.574219
3782    -15101.672852
3783    -15101.773438
3784    -15101.873047
3785    -15101.972656
3786    -15102.072266
3787    -15102.172852
3788    -15102.273438
3789    -15102.373047
3790    -15102.474609
3791    -15102.574219
3792    -15102.674805
3793    -15102.775391
3794    -15102.875977
3795    -15102.976562
3796    -15103.078125
3797    -15103.179688
3798    -15103.279297
3799    -15103.380859
3800    -15103.481445
3801    -15103.583984
3802    -15103.685547
3803    -15103.786133
3804    -15103.886719
3805    -15103.988281
3806    -15104.090820
3807    -15104.191406
3808    -15104.294922
3809    -15104.395508
3810    -15104.498047
3811    -15104.599609
3812    -15104.702148
3813    -15104.803711
3814    -15104.906250
3815    -15105.007812
3816    -15105.111328
3817    -15105.212891
3818    -15105.315430
3819    -15105.417969
3820    -15105.521484
3821    -15105.624023
3822    -15105.726562
3823    -15105.828125
3824    -15105.932617
3825    -15106.035156
3826    -15106.138672
3827    -15106.242188
3828    -15106.344727
3829    -15106.448242
3830    -15106.551758
3831    -15106.654297
3832    -15106.757812
3833    -15106.861328
3834    -15106.965820
3835    -15107.068359
3836    -15107.172852
3837    -15107.277344
3838    -15107.380859
3839    -15107.483398
3840    -15107.586914
3841    -15107.691406
3842    -15107.795898
3843    -15107.899414
3844    -15108.003906
3845    -15108.107422
3846    -15108.211914
3847    -15108.314453
3848    -15108.418945
3849    -15108.523438
3850    -15108.625977
3851    -15108.730469
3852    -15108.833984
3853    -15108.937500
3854    -15109.041016
3855    -15109.144531
3856    -15109.247070
3857    -15109.350586
3858    -15109.455078
3859    -15109.556641
3860    -15109.660156
3861    -15109.763672
3862    -15109.865234
3863    -15109.967773
3864    -15110.070312
3865    -15110.171875
3866    -15110.273438
3867    -15110.375000
3868    -15110.476562
3869    -15110.578125
3870    -15110.678711
3871    -15110.779297
3872    -15110.878906
3873    -15110.980469
3874    -15111.080078
3875    -15111.178711
3876    -15111.278320
3877    -15111.376953
3878    -15111.474609
3879    -15111.574219
3880    -15111.670898
3881    -15111.768555
3882    -15111.866211
3883    -15111.961914
3884    -15112.058594
3885    -15112.154297
3886    -15112.250000
3887    -15112.343750
3888    -15112.438477
3889    -15112.533203
3890    -15112.626953
3891    -15112.719727
3892    -15112.812500
3893    -15112.904297
3894    -15112.995117
3895    -15113.085938
3896    -15113.175781
3897    -15113.267578
3898    -15113.355469
3899    -15113.445312
3900    -15113.533203
3901    -15113.621094
3902    -15113.708008
3903    -15113.794922
3904    -15113.880859
3905    -15113.963867
3906    -15114.046875
3907    -15114.128906
3908    -15114.210938
3909    -15114.291992
3910    -15114.373047
3911    -15114.452148
3912    -15114.531250
3913    -15114.611328
3914    -15114.687500
3915    -15114.765625
3916    -15114.841797
3917    -15114.917969
3918    -15114.993164
3919    -15115.066406
3920    -15115.141602
3921    -15115.214844
3922    -15115.287109
3923    -15115.359375
3924    -15115.431641
3925    -15115.501953
3926    -15115.572266
3927    -15115.642578
3928    -15115.711914
3929    -15115.781250
3930    -15115.848633
3931    -15115.916016
3932    -15115.982422
3933    -15116.050781
3934    -15116.115234
3935    -15116.179688
3936    -15116.246094
3937    -15116.309570
3938    -15116.373047
3939    -15116.437500
3940    -15116.500000
3941    -15116.561523
3942    -15116.623047
3943    -15116.684570
3944    -15116.745117
3945    -15116.804688
3946    -15116.864258
3947    -15116.922852
3948    -15116.982422
3949    -15117.039062
3950    -15117.097656
3951    -15117.154297
3952    -15117.210938
3953    -15117.267578
3954    -15117.322266
3955    -15117.377930
3956    -15117.432617
3957    -15117.486328
3958    -15117.541016
3959    -15117.593750
3960    -15117.645508
3961    -15117.699219
3962    -15117.750000
3963    -15117.801758
3964    -15117.851562
3965    -15117.903320
3966    -15117.953125
3967    -15118.002930
3968    -15118.048828
3969    -15118.091797
3970    -15118.134766
3971    -15118.177734
3972    -15118.219727
3973    -15118.261719
3974    -15118.303711
3975    -15118.343750
3976    -15118.385742
3977    -15118.425781
3978    -15118.466797
3979    -15118.506836
3980    -15118.546875
3981    -15118.585938
3982    -15118.625000
3983    -15118.662109
3984    -15118.701172
3985    -15118.739258
3986    -15118.776367
3987    -15118.814453
3988    -15118.850586
3989    -15118.886719
3990    -15118.923828
3991    -15118.960938
3992    -15118.996094
3993    -15119.031250
3994    -15119.066406
3995    -15119.101562
3996    -15119.136719
3997    -15119.169922
3998    -15119.201172
3999    -15119.231445
4000    -15119.261719
4001    -15119.291992
4002    -15119.322266
4003    -15119.350586
4004    -15119.380859
4005    -15119.410156
4006    -15119.437500
4007    -15119.466797
4008    -15119.496094
4009    -15119.523438
4010    -15119.550781
4011    -15119.577148
4012    -15119.602539
4013    -15119.626953
4014    -15119.652344
4015    -15119.677734
4016    -15119.699219
4017    -15119.722656
4018    -15119.746094
4019    -15119.769531
4020    -15119.791992
4021    -15119.814453
4022    -15119.835938
4023    -15119.858398
4024    -15119.880859
4025    -15119.902344
4026    -15119.923828
4027    -15119.945312
4028    -15119.966797
4029    -15119.988281
4030    -15120.007812
4031    -15120.030273
4032    -15120.049805
4033    -15120.070312
4034    -15120.090820
4035    -15120.111328
4036    -15120.130859
4037    -15120.152344
4038    -15120.171875
4039    -15120.191406
4040    -15120.210938
4041    -15120.230469
4042    -15120.250000
4043    -15120.269531
4044    -15120.288086
4045    -15120.306641
4046    -15120.326172
4047    -15120.345703
4048    -15120.363281
4049    -15120.382812
4050    -15120.394531
4051    -15120.405273
4052    -15120.416016
4053    -15120.426758
4054    -15120.437500
4055    -15120.448242
4056    -15120.458008
4057    -15120.468750
4058    -15120.477539
4059    -15120.488281
4060    -15120.499023
4061    -15120.508789
4062    -15120.519531
4063    -15120.529297
4064    -15120.539062
4065    -15120.549805
4066    -15120.558594
4067    -15120.569336
4068    -15120.580078
4069    -15120.588867
4070    -15120.599609
4071    -15120.609375
4072    -15120.619141
4073    -15120.628906
4074    -15120.638672
4075    -15120.648438
4076    -15120.658203
4077    -15120.667969
4078    -15120.677734
4079    -15120.687500
4080    -15120.696289
4081    -15120.706055
4082    -15120.716797
4083    -15120.724609
4084    -15120.734375
4085    -15120.744141
4086    -15120.752930
4087    -15120.763672
4088    -15120.772461
4089    -15120.782227
4090    -15120.791016
4091    -15120.800781
4092    -15120.809570
4093    -15120.820312
4094    -15120.828125
4095    -15120.837891
4096    -15120.847656
4097    -15120.856445
4098    -15120.866211
4099    -15120.875000
4100    -15120.884766
4101    -15120.893555
4102    -15120.902344
4103    -15120.912109
4104    -15120.920898
4105    -15120.929688
4106    -15120.939453
4107    -15120.948242
4108    -15120.957031
4109    -15120.966797
4110    -15120.975586
4111    -15120.985352
4112    -15120.994141
4113    -15121.001953
4114    -15121.011719
4115    -15121.021484
4116    -15121.029297
4117    -15121.037109
4118    -15121.042969
4119    -15121.050781
4120    -15121.058594
4121    -15121.064453
4122    -15121.072266
4123    -15121.079102
4124    -15121.085938
4125    -15121.093750
4126    -15121.099609
4127    -15121.107422
4128    -15121.113281
4129    -15121.122070
4130    -15121.128906
4131    -15121.135742
4132    -15121.142578
4133    -15121.150391
4134    -15121.156250
4135    -15121.164062
4136    -15121.171875
