Step            Loss
--------------------
1        -175.928329
2        -205.004333
3        -234.077057
4        -263.147156
5        -292.214661
6        -321.279663
7        -350.342712
8        -379.403717
9        -408.462952
10       -437.520752
11       -466.577789
12       -495.634338
13       -524.691162
14       -553.748779
15       -582.807983
16       -611.869751
17       -640.934692
18       -670.004150
19       -699.078735
20       -728.159668
21       -757.248047
22       -786.345337
23       -815.452393
24       -844.570923
25       -873.701843
26       -902.846680
27       -932.006897
28       -961.183960
29       -990.379150
30      -1019.593811
31      -1048.829712
32      -1078.087646
33      -1107.369385
34      -1136.676270
35      -1166.009521
36      -1195.370361
37      -1224.760010
38      -1254.179688
39      -1283.630615
40      -1313.113770
41      -1342.630371
42      -1372.181396
43      -1401.768066
44      -1431.390991
45      -1461.051392
46      -1490.750244
47      -1520.488037
48      -1550.266113
49      -1580.085083
50      -1609.945801
51      -1639.848877
52      -1669.795410
53      -1699.786133
54      -1729.821289
55      -1759.902344
56      -1790.029297
57      -1820.203125
58      -1850.424194
59      -1880.693848
60      -1911.011475
61      -1941.378906
62      -1971.795654
63      -2002.262695
64      -2032.780762
65      -2063.350098
66      -2093.970703
67      -2124.643799
68      -2155.369141
69      -2186.147461
70      -2216.978760
71      -2247.863770
72      -2278.802734
73      -2309.795410
74      -2340.842773
75      -2371.944580
76      -2403.101074
77      -2434.312744
78      -2465.579590
79      -2496.901367
80      -2528.278564
81      -2559.711670
82      -2591.199707
83      -2622.743896
84      -2654.343750
85      -2685.999023
86      -2717.709961
87      -2749.476562
88      -2781.298828
89      -2813.176514
90      -2845.109863
91      -2877.098633
92      -2909.142578
93      -2941.241699
94      -2973.395996
95      -3005.604980
96      -3037.868896
97      -3070.187012
98      -3102.559570
99      -3134.986328
100     -3167.466797
101     -3200.000977
102     -3232.588623
103     -3265.229248
104     -3297.922607
105     -3330.668701
106     -3363.466797
107     -3396.316895
108     -3429.218506
109     -3462.171387
110     -3495.174805
111     -3528.228516
112     -3561.333008
113     -3594.486572
114     -3627.689453
115     -3660.941406
116     -3694.241455
117     -3727.589355
118     -3760.985107
119     -3794.427734
120     -3827.916992
121     -3861.441895
122     -3895.009277
123     -3928.621582
124     -3962.278564
125     -3995.979492
126     -4029.723633
127     -4063.510986
128     -4097.340820
129     -4131.211426
130     -4165.124023
131     -4199.076660
132     -4233.069336
133     -4267.101562
134     -4301.171875
135     -4335.280273
136     -4369.426758
137     -4403.609375
138     -4437.828125
139     -4472.082031
140     -4506.371094
141     -4540.693848
142     -4575.050293
143     -4609.438965
144     -4643.859375
145     -4678.311035
146     -4712.792969
147     -4747.304688
148     -4781.845703
149     -4816.415039
150     -4851.010742
151     -4885.633789
152     -4920.282227
153     -4954.955078
154     -4989.653320
155     -5024.374512
156     -5059.118164
157     -5093.883789
158     -5128.670410
159     -5163.477539
160     -5198.303223
161     -5233.147461
162     -5268.009766
163     -5302.888672
164     -5337.783203
165     -5372.692871
166     -5407.617188
167     -5442.553711
168     -5477.503906
169     -5512.464844
170     -5547.436523
171     -5582.417969
172     -5617.408203
173     -5652.407227
174     -5687.412598
175     -5722.424316
176     -5757.440918
177     -5792.462891
178     -5827.487793
179     -5862.515137
180     -5897.544922
181     -5932.574219
182     -5967.604492
183     -6002.633301
184     -6037.660156
185     -6072.684570
186     -6107.705078
187     -6142.720215
188     -6177.730469
189     -6212.733398
190     -6247.729492
191     -6282.717285
192     -6317.694336
193     -6352.640137
194     -6387.574219
195     -6422.497070
196     -6457.406250
197     -6492.301270
198     -6527.182617
199     -6562.047852
200     -6596.896484
201     -6631.719727
202     -6666.510254
203     -6701.281250
204     -6736.031250
205     -6770.761719
206     -6805.469238
207     -6840.154297
208     -6874.799805
209     -6909.415527
210     -6944.006348
211     -6978.571289
212     -7013.108398
213     -7047.617188
214     -7082.098145
215     -7116.548828
216     -7150.969727
217     -7185.359375
218     -7219.716309
219     -7254.040527
220     -7288.331055
221     -7322.586914
222     -7356.808105
223     -7390.992676
224     -7425.140625
225     -7459.244141
226     -7493.293457
227     -7527.292969
228     -7561.250000
229     -7595.166016
230     -7629.040527
231     -7662.873047
232     -7696.662598
233     -7730.407227
234     -7764.108398
235     -7797.760254
236     -7831.355469
237     -7864.903809
238     -7898.405273
239     -7931.858398
240     -7965.262695
241     -7998.618164
242     -8031.918457
243     -8065.154785
244     -8098.339844
245     -8131.472656
246     -8164.552734
247     -8197.580078
248     -8230.552734
249     -8263.471680
250     -8296.333984
251     -8329.141602
252     -8361.893555
253     -8394.586914
254     -8427.222656
255     -8459.779297
256     -8492.275391
257     -8524.712891
258     -8557.091797
259     -8589.408203
260     -8621.666016
261     -8653.860352
262     -8685.980469
263     -8718.009766
264     -8749.967773
265     -8781.839844
266     -8813.648438
267     -8845.391602
268     -8877.064453
269     -8908.669922
270     -8940.205078
271     -8971.673828
272     -9003.069336
273     -9034.388672
274     -9065.638672
275     -9096.822266
276     -9127.938477
277     -9158.974609
278     -9189.939453
279     -9220.832031
280     -9251.656250
281     -9282.409180
282     -9313.091797
283     -9343.689453
284     -9374.213867
285     -9404.664062
286     -9435.025391
287     -9465.312500
288     -9495.527344
289     -9525.669922
290     -9555.736328
291     -9585.724609
292     -9615.634766
293     -9645.419922
294     -9675.109375
295     -9704.679688
296     -9734.131836
297     -9763.484375
298     -9792.744141
299     -9821.921875
300     -9851.001953
301     -9879.996094
302     -9908.895508
303     -9937.699219
304     -9966.413086
305     -9995.048828
306     -10023.590820
307     -10052.039062
308     -10080.401367
309     -10108.685547
310     -10136.891602
311     -10165.019531
312     -10193.064453
313     -10221.011719
314     -10248.863281
315     -10276.630859
316     -10304.318359
317     -10331.927734
318     -10359.457031
319     -10386.892578
320     -10414.217773
321     -10441.451172
322     -10468.580078
323     -10495.627930
324     -10522.594727
325     -10549.472656
326     -10576.223633
327     -10602.882812
328     -10629.461914
329     -10655.943359
330     -10682.342773
331     -10708.662109
332     -10734.896484
333     -10761.049805
334     -10787.124023
335     -10813.117188
336     -10839.030273
337     -10864.863281
338     -10890.616211
339     -10916.289062
340     -10941.877930
341     -10967.367188
342     -10992.772461
343     -11018.095703
344     -11043.338867
345     -11068.470703
346     -11093.513672
347     -11118.477539
348     -11143.359375
349     -11168.161133
350     -11192.871094
351     -11217.458984
352     -11241.898438
353     -11266.236328
354     -11290.473633
355     -11314.626953
356     -11338.703125
357     -11362.666992
358     -11386.520508
359     -11410.290039
360     -11433.966797
361     -11457.538086
362     -11481.025391
363     -11504.398438
364     -11527.669922
365     -11550.855469
366     -11573.947266
367     -11596.944336
368     -11619.851562
369     -11642.634766
370     -11665.322266
371     -11687.919922
372     -11710.425781
373     -11732.837891
374     -11755.123047
375     -11777.277344
376     -11799.318359
377     -11821.265625
378     -11843.113281
379     -11864.866211
380     -11886.472656
381     -11907.993164
382     -11929.437500
383     -11950.778320
384     -11972.035156
385     -11993.172852
386     -12014.208984
387     -12035.148438
388     -12055.964844
389     -12076.678711
390     -12097.272461
391     -12117.751953
392     -12138.138672
393     -12158.418945
394     -12178.620117
395     -12198.715820
396     -12218.723633
397     -12238.640625
398     -12258.472656
399     -12278.225586
400     -12297.852539
401     -12317.394531
402     -12336.822266
403     -12356.144531
404     -12375.392578
405     -12394.531250
406     -12413.569336
407     -12432.525391
408     -12451.347656
409     -12470.082031
410     -12488.713867
411     -12507.260742
412     -12525.707031
413     -12544.050781
414     -12562.296875
415     -12580.428711
416     -12598.481445
417     -12616.414062
418     -12634.230469
419     -12651.930664
420     -12669.468750
421     -12686.902344
422     -12704.220703
423     -12721.429688
424     -12738.520508
425     -12755.505859
426     -12772.402344
427     -12789.194336
428     -12805.905273
429     -12822.545898
430     -12839.097656
431     -12855.564453
432     -12871.937500
433     -12888.238281
434     -12904.439453
435     -12920.508789
436     -12936.454102
437     -12952.304688
438     -12968.075195
439     -12983.735352
440     -12999.236328
441     -13014.657227
442     -13030.000977
443     -13045.266602
444     -13060.444336
445     -13075.506836
446     -13090.466797
447     -13105.315430
448     -13120.085938
449     -13134.781250
450     -13149.419922
451     -13163.990234
452     -13178.401367
453     -13192.642578
454     -13206.800781
455     -13220.835938
456     -13234.798828
457     -13248.697266
458     -13262.519531
459     -13276.247070
460     -13289.904297
461     -13303.498047
462     -13317.028320
463     -13330.500000
464     -13343.916016
465     -13357.257812
466     -13370.542969
467     -13383.771484
468     -13396.937500
469     -13410.035156
470     -13423.025391
471     -13435.926758
472     -13448.751953
473     -13461.455078
474     -13474.007812
475     -13486.386719
476     -13498.656250
477     -13510.864258
478     -13522.995117
479     -13535.043945
480     -13547.039062
481     -13558.919922
482     -13570.716797
483     -13582.455078
484     -13594.136719
485     -13605.766602
486     -13617.332031
487     -13628.820312
488     -13640.234375
489     -13651.549805
490     -13662.750000
491     -13673.804688
492     -13684.698242
493     -13695.494141
494     -13706.212891
495     -13716.845703
496     -13727.369141
497     -13737.796875
498     -13748.119141
499     -13758.384766
500     -13768.574219
501     -13778.708984
502     -13788.751953
503     -13798.742188
504     -13808.636719
505     -13818.466797
506     -13828.212891
507     -13837.884766
508     -13847.484375
509     -13857.039062
510     -13866.543945
511     -13875.962891
512     -13885.325195
513     -13894.652344
514     -13903.894531
515     -13913.015625
516     -13922.059570
517     -13931.041016
518     -13939.957031
519     -13948.801758
520     -13957.559570
521     -13966.273438
522     -13974.917969
523     -13983.396484
524     -13991.798828
525     -14000.123047
526     -14008.406250
527     -14016.587891
528     -14024.701172
529     -14032.755859
530     -14040.757812
531     -14048.689453
532     -14056.561523
533     -14064.374023
534     -14072.140625
535     -14079.859375
536     -14087.539062
537     -14095.147461
538     -14102.679688
539     -14110.164062
540     -14117.587891
541     -14124.893555
542     -14132.117188
543     -14139.259766
544     -14146.355469
545     -14153.373047
546     -14160.306641
547     -14167.165039
548     -14173.994141
549     -14180.792969
550     -14187.542969
551     -14194.221680
552     -14200.827148
553     -14207.375977
554     -14213.875977
555     -14220.330078
556     -14226.755859
557     -14233.156250
558     -14239.508789
559     -14245.798828
560     -14251.957031
561     -14258.049805
562     -14264.083008
563     -14270.037109
564     -14275.963867
565     -14281.869141
566     -14287.747070
567     -14293.595703
568     -14299.378906
569     -14305.061523
570     -14310.683594
571     -14316.264648
572     -14321.769531
573     -14327.210938
574     -14332.569336
575     -14337.875977
576     -14343.149414
577     -14348.361328
578     -14353.549805
579     -14358.695312
580     -14363.815430
581     -14368.916016
582     -14373.986328
583     -14379.017578
584     -14384.004883
585     -14388.951172
586     -14393.835938
587     -14398.663086
588     -14403.398438
589     -14408.088867
590     -14412.727539
591     -14417.300781
592     -14421.791016
593     -14426.250000
594     -14430.678711
595     -14435.063477
596     -14439.419922
597     -14443.732422
598     -14448.003906
599     -14452.244141
600     -14456.446289
601     -14460.568359
602     -14464.658203
603     -14468.718750
604     -14472.742188
605     -14476.721680
606     -14480.650391
607     -14484.545898
608     -14488.393555
609     -14492.228516
610     -14496.035156
611     -14499.804688
612     -14503.527344
613     -14507.208984
614     -14510.870117
615     -14514.500000
616     -14518.112305
617     -14521.709961
618     -14525.264648
619     -14528.784180
620     -14532.268555
621     -14535.724609
622     -14539.166016
623     -14542.597656
624     -14546.015625
625     -14549.416992
626     -14552.798828
627     -14556.111328
628     -14559.388672
629     -14562.650391
630     -14565.881836
631     -14569.095703
632     -14572.280273
633     -14575.444336
634     -14578.575195
635     -14581.661133
636     -14584.708008
637     -14587.721680
638     -14590.694336
639     -14593.642578
640     -14596.569336
641     -14599.475586
642     -14602.373047
643     -14605.220703
644     -14608.054688
645     -14610.867188
646     -14613.662109
647     -14616.428711
648     -14619.151367
649     -14621.859375
650     -14624.542969
651     -14627.212891
652     -14629.872070
653     -14632.470703
654     -14635.007812
655     -14637.500977
656     -14639.958984
657     -14642.375000
658     -14644.746094
659     -14647.102539
660     -14649.447266
661     -14651.777344
662     -14654.085938
663     -14656.373047
664     -14658.630859
665     -14660.839844
666     -14663.003906
667     -14665.109375
668     -14667.174805
669     -14669.228516
670     -14671.269531
671     -14673.292969
672     -14675.300781
673     -14677.294922
674     -14679.260742
675     -14681.201172
676     -14683.134766
677     -14685.056641
678     -14686.955078
679     -14688.833984
680     -14690.689453
681     -14692.534180
682     -14694.374023
683     -14696.203125
684     -14698.023438
685     -14699.828125
686     -14701.621094
687     -14703.407227
688     -14705.189453
689     -14706.960938
690     -14708.728516
691     -14710.480469
692     -14712.214844
693     -14713.938477
694     -14715.653320
695     -14717.354492
696     -14719.042969
697     -14720.724609
698     -14722.378906
699     -14723.996094
700     -14725.607422
701     -14727.208008
702     -14728.802734
703     -14730.390625
704     -14731.972656
705     -14733.546875
706     -14735.113281
707     -14736.669922
708     -14738.208984
709     -14739.742188
710     -14741.273438
711     -14742.796875
712     -14744.302734
713     -14745.796875
714     -14747.284180
715     -14748.753906
716     -14750.208984
717     -14751.656250
718     -14753.083984
719     -14754.498047
720     -14755.906250
721     -14757.296875
722     -14758.679688
723     -14760.058594
724     -14761.427734
725     -14762.779297
726     -14764.123047
727     -14765.460938
728     -14766.794922
729     -14768.126953
730     -14769.453125
731     -14770.764648
732     -14772.047852
733     -14773.309570
734     -14774.562500
735     -14775.804688
736     -14777.033203
737     -14778.259766
738     -14779.475586
739     -14780.680664
740     -14781.882812
741     -14783.080078
742     -14784.263672
743     -14785.437500
744     -14786.599609
745     -14787.755859
746     -14788.903320
747     -14790.047852
748     -14791.168945
749     -14792.280273
750     -14793.388672
751     -14794.491211
752     -14795.592773
753     -14796.676758
754     -14797.756836
755     -14798.829102
756     -14799.892578
757     -14800.949219
758     -14802.001953
759     -14803.046875
760     -14804.089844
761     -14805.115234
762     -14806.125000
763     -14807.126953
764     -14808.123047
765     -14809.112305
766     -14810.098633
767     -14811.080078
768     -14812.053711
769     -14812.995117
770     -14813.927734
771     -14814.858398
772     -14815.785156
773     -14816.705078
774     -14817.624023
775     -14818.541016
776     -14819.453125
777     -14820.363281
778     -14821.266602
779     -14822.166016
780     -14823.058594
781     -14823.951172
782     -14824.837891
783     -14825.716797
784     -14826.580078
785     -14827.441406
786     -14828.298828
787     -14829.153320
788     -14830.001953
789     -14830.849609
790     -14831.693359
791     -14832.535156
792     -14833.375000
793     -14834.212891
794     -14835.048828
795     -14835.882812
796     -14836.714844
797     -14837.544922
798     -14838.369141
799     -14839.191406
800     -14840.012695
801     -14840.832031
802     -14841.644531
803     -14842.451172
804     -14843.248047
805     -14844.042969
806     -14844.833984
807     -14845.624023
808     -14846.408203
809     -14847.189453
810     -14847.969727
811     -14848.740234
812     -14849.505859
813     -14850.267578
814     -14851.030273
815     -14851.791016
816     -14852.548828
817     -14853.306641
818     -14854.062500
819     -14854.812500
820     -14855.559570
821     -14856.300781
822     -14857.038086
823     -14857.773438
824     -14858.500000
825     -14859.224609
826     -14859.942383
827     -14860.652344
828     -14861.352539
829     -14862.050781
830     -14862.750000
831     -14863.443359
832     -14864.132812
833     -14864.817383
834     -14865.490234
835     -14866.159180
836     -14866.822266
837     -14867.479492
838     -14868.134766
839     -14868.787109
840     -14869.438477
841     -14870.088867
842     -14870.732422
843     -14871.371094
844     -14872.006836
845     -14872.640625
846     -14873.273438
847     -14873.905273
848     -14874.535156
849     -14875.163086
850     -14875.791016
851     -14876.417969
852     -14877.035156
853     -14877.646484
854     -14878.245117
855     -14878.843750
856     -14879.433594
857     -14880.009766
858     -14880.577148
859     -14881.131836
860     -14881.685547
861     -14882.238281
862     -14882.789062
863     -14883.333984
864     -14883.878906
865     -14884.421875
866     -14884.962891
867     -14885.504883
868     -14886.044922
869     -14886.583984
870     -14887.123047
871     -14887.660156
872     -14888.193359
873     -14888.726562
874     -14889.247070
875     -14889.762695
876     -14890.276367
877     -14890.789062
878     -14891.300781
879     -14891.812500
880     -14892.319336
881     -14892.822266
882     -14893.323242
883     -14893.824219
884     -14894.323242
885     -14894.818359
886     -14895.307617
887     -14895.791992
888     -14896.269531
889     -14896.746094
890     -14897.220703
891     -14897.695312
892     -14898.168945
893     -14898.641602
894     -14899.113281
895     -14899.584961
896     -14900.056641
897     -14900.526367
898     -14900.996094
899     -14901.464844
900     -14901.933594
901     -14902.399414
902     -14902.865234
903     -14903.328125
904     -14903.791016
905     -14904.251953
906     -14904.710938
907     -14905.169922
908     -14905.626953
909     -14906.083984
910     -14906.541016
911     -14906.995117
912     -14907.447266
913     -14907.896484
914     -14908.343750
915     -14908.787109
916     -14909.229492
917     -14909.670898
918     -14910.112305
919     -14910.552734
920     -14910.984375
921     -14911.414062
922     -14911.841797
923     -14912.259766
924     -14912.673828
925     -14913.086914
926     -14913.497070
927     -14913.908203
928     -14914.316406
929     -14914.726562
930     -14915.134766
931     -14915.542969
932     -14915.949219
933     -14916.349609
934     -14916.748047
935     -14917.144531
936     -14917.541016
937     -14917.933594
938     -14918.325195
939     -14918.715820
940     -14919.101562
941     -14919.482422
942     -14919.865234
943     -14920.246094
944     -14920.625977
945     -14921.005859
946     -14921.384766
947     -14921.759766
948     -14922.132812
949     -14922.505859
950     -14922.876953
951     -14923.247070
952     -14923.614258
953     -14923.980469
954     -14924.346680
955     -14924.711914
956     -14925.074219
957     -14925.436523
958     -14925.794922
959     -14926.154297
960     -14926.511719
961     -14926.869141
962     -14927.222656
963     -14927.578125
964     -14927.930664
965     -14928.283203
966     -14928.632812
967     -14928.983398
968     -14929.332031
969     -14929.679688
970     -14930.029297
971     -14930.375000
972     -14930.722656
973     -14931.066406
974     -14931.412109
975     -14931.757812
976     -14932.099609
977     -14932.439453
978     -14932.779297
979     -14933.118164
980     -14933.456055
981     -14933.793945
982     -14934.129883
983     -14934.464844
984     -14934.800781
985     -14935.134766
986     -14935.468750
987     -14935.798828
988     -14936.125000
989     -14936.449219
990     -14936.774414
991     -14937.097656
992     -14937.419922
993     -14937.743164
994     -14938.064453
995     -14938.384766
996     -14938.705078
997     -14939.025391
998     -14939.344727
999     -14939.663086
1000    -14939.981445
1001    -14940.296875
1002    -14940.611328
1003    -14940.923828
1004    -14941.238281
1005    -14941.548828
1006    -14941.855469
1007    -14942.158203
1008    -14942.460938
1009    -14942.762695
1010    -14943.064453
1011    -14943.365234
1012    -14943.665039
1013    -14943.964844
1014    -14944.263672
1015    -14944.562500
1016    -14944.860352
1017    -14945.157227
1018    -14945.453125
1019    -14945.750000
1020    -14946.044922
1021    -14946.339844
1022    -14946.634766
1023    -14946.928711
1024    -14947.220703
1025    -14947.513672
1026    -14947.804688
1027    -14948.096680
1028    -14948.385742
1029    -14948.673828
1030    -14948.957031
1031    -14949.236328
1032    -14949.513672
1033    -14949.790039
1034    -14950.066406
1035    -14950.341797
1036    -14950.609375
1037    -14950.878906
1038    -14951.145508
1039    -14951.413086
1040    -14951.679688
1041    -14951.946289
1042    -14952.211914
1043    -14952.476562
1044    -14952.734375
1045    -14952.993164
1046    -14953.250000
1047    -14953.507812
1048    -14953.761719
1049    -14954.006836
1050    -14954.250000
1051    -14954.494141
1052    -14954.737305
1053    -14954.978516
1054    -14955.219727
1055    -14955.457031
1056    -14955.693359
1057    -14955.930664
1058    -14956.166016
1059    -14956.401367
1060    -14956.632812
1061    -14956.864258
1062    -14957.094727
1063    -14957.323242
1064    -14957.551758
1065    -14957.780273
1066    -14958.005859
1067    -14958.231445
1068    -14958.457031
1069    -14958.678711
1070    -14958.902344
1071    -14959.125000
1072    -14959.346680
1073    -14959.568359
1074    -14959.789062
1075    -14960.009766
1076    -14960.230469
1077    -14960.450195
1078    -14960.670898
1079    -14960.886719
1080    -14961.100586
1081    -14961.314453
1082    -14961.528320
1083    -14961.742188
1084    -14961.955078
1085    -14962.167969
1086    -14962.379883
1087    -14962.593750
1088    -14962.805664
1089    -14963.017578
1090    -14963.230469
1091    -14963.441406
1092    -14963.652344
1093    -14963.864258
1094    -14964.074219
1095    -14964.285156
1096    -14964.496094
1097    -14964.706055
1098    -14964.916016
1099    -14965.125977
1100    -14965.333008
1101    -14965.537109
1102    -14965.742188
1103    -14965.947266
1104    -14966.152344
1105    -14966.355469
1106    -14966.560547
1107    -14966.764648
1108    -14966.968750
1109    -14967.171875
1110    -14967.375000
1111    -14967.578125
1112    -14967.781250
1113    -14967.984375
1114    -14968.187500
1115    -14968.389648
1116    -14968.591797
1117    -14968.794922
1118    -14968.996094
1119    -14969.198242
1120    -14969.400391
1121    -14969.601562
1122    -14969.803711
1123    -14970.005859
1124    -14970.206055
1125    -14970.407227
1126    -14970.607422
1127    -14970.806641
1128    -14971.005859
1129    -14971.201172
1130    -14971.394531
1131    -14971.585938
1132    -14971.779297
1133    -14971.970703
1134    -14972.162109
1135    -14972.353516
1136    -14972.544922
1137    -14972.734375
1138    -14972.923828
1139    -14973.113281
1140    -14973.302734
1141    -14973.492188
1142    -14973.681641
1143    -14973.871094
1144    -14974.056641
1145    -14974.242188
1146    -14974.427734
1147    -14974.612305
1148    -14974.797852
1149    -14974.982422
1150    -14975.167969
1151    -14975.353516
1152    -14975.537109
1153    -14975.721680
1154    -14975.906250
1155    -14976.090820
1156    -14976.275391
1157    -14976.459961
1158    -14976.643555
1159    -14976.828125
1160    -14977.012695
1161    -14977.195312
1162    -14977.379883
1163    -14977.564453
1164    -14977.746094
1165    -14977.927734
1166    -14978.111328
1167    -14978.292969
1168    -14978.475586
1169    -14978.656250
1170    -14978.837891
1171    -14979.017578
1172    -14979.195312
1173    -14979.373047
1174    -14979.551758
1175    -14979.730469
1176    -14979.909180
1177    -14980.087891
1178    -14980.265625
1179    -14980.443359
1180    -14980.622070
1181    -14980.799805
1182    -14980.977539
1183    -14981.155273
1184    -14981.333984
1185    -14981.510742
1186    -14981.689453
1187    -14981.867188
1188    -14982.044922
1189    -14982.222656
1190    -14982.400391
1191    -14982.578125
1192    -14982.753906
1193    -14982.931641
1194    -14983.107422
1195    -14983.281250
1196    -14983.454102
1197    -14983.626953
1198    -14983.799805
1199    -14983.972656
1200    -14984.145508
1201    -14984.318359
1202    -14984.488281
1203    -14984.659180
1204    -14984.830078
1205    -14985.000000
1206    -14985.169922
1207    -14985.338867
1208    -14985.509766
1209    -14985.678711
1210    -14985.849609
1211    -14986.019531
1212    -14986.189453
1213    -14986.359375
1214    -14986.529297
1215    -14986.699219
1216    -14986.869141
1217    -14987.039062
1218    -14987.208984
1219    -14987.379883
1220    -14987.548828
1221    -14987.718750
1222    -14987.889648
1223    -14988.060547
1224    -14988.230469
1225    -14988.400391
1226    -14988.572266
1227    -14988.742188
1228    -14988.912109
1229    -14989.081055
1230    -14989.249023
1231    -14989.417969
1232    -14989.587891
1233    -14989.756836
1234    -14989.925781
1235    -14990.094727
1236    -14990.263672
1237    -14990.433594
1238    -14990.602539
1239    -14990.771484
1240    -14990.941406
1241    -14991.111328
1242    -14991.280273
1243    -14991.448242
1244    -14991.611328
1245    -14991.775391
1246    -14991.939453
1247    -14992.102539
1248    -14992.265625
1249    -14992.429688
1250    -14992.594727
1251    -14992.757812
1252    -14992.920898
1253    -14993.084961
1254    -14993.248047
1255    -14993.412109
1256    -14993.576172
1257    -14993.740234
1258    -14993.903320
1259    -14994.067383
1260    -14994.231445
1261    -14994.395508
1262    -14994.560547
1263    -14994.724609
1264    -14994.888672
1265    -14995.052734
1266    -14995.216797
1267    -14995.379883
1268    -14995.543945
1269    -14995.708984
1270    -14995.873047
1271    -14996.035156
1272    -14996.199219
1273    -14996.363281
1274    -14996.527344
1275    -14996.691406
1276    -14996.855469
1277    -14997.020508
1278    -14997.184570
1279    -14997.348633
1280    -14997.513672
1281    -14997.678711
1282    -14997.843750
1283    -14998.009766
1284    -14998.174805
1285    -14998.339844
1286    -14998.506836
1287    -14998.671875
1288    -14998.837891
1289    -14999.003906
1290    -14999.169922
1291    -14999.337891
1292    -14999.503906
1293    -14999.670898
1294    -14999.838867
1295    -15000.005859
1296    -15000.171875
1297    -15000.339844
1298    -15000.507812
1299    -15000.673828
1300    -15000.841797
1301    -15001.009766
1302    -15001.176758
1303    -15001.343750
1304    -15001.512695
1305    -15001.680664
1306    -15001.847656
1307    -15002.016602
1308    -15002.184570
1309    -15002.351562
1310    -15002.519531
1311    -15002.687500
1312    -15002.854492
1313    -15003.021484
1314    -15003.189453
1315    -15003.357422
1316    -15003.525391
1317    -15003.691406
1318    -15003.855469
1319    -15004.019531
1320    -15004.183594
1321    -15004.346680
1322    -15004.511719
1323    -15004.674805
1324    -15004.838867
1325    -15005.002930
1326    -15005.166992
1327    -15005.328125
1328    -15005.491211
1329    -15005.654297
1330    -15005.816406
1331    -15005.978516
1332    -15006.140625
1333    -15006.303711
1334    -15006.465820
1335    -15006.628906
1336    -15006.791016
1337    -15006.954102
1338    -15007.117188
1339    -15007.280273
1340    -15007.442383
1341    -15007.599609
1342    -15007.752930
1343    -15007.907227
1344    -15008.060547
1345    -15008.215820
1346    -15008.369141
1347    -15008.523438
1348    -15008.676758
1349    -15008.831055
1350    -15008.985352
1351    -15009.138672
1352    -15009.292969
1353    -15009.446289
1354    -15009.600586
1355    -15009.754883
1356    -15009.908203
1357    -15010.062500
1358    -15010.215820
1359    -15010.369141
1360    -15010.523438
1361    -15010.677734
1362    -15010.830078
1363    -15010.982422
1364    -15011.136719
1365    -15011.290039
1366    -15011.443359
1367    -15011.596680
1368    -15011.748047
1369    -15011.902344
1370    -15012.054688
1371    -15012.208008
1372    -15012.359375
1373    -15012.511719
1374    -15012.664062
1375    -15012.816406
1376    -15012.968750
1377    -15013.121094
1378    -15013.268555
1379    -15013.416016
1380    -15013.562500
1381    -15013.708984
1382    -15013.856445
1383    -15014.002930
1384    -15014.148438
1385    -15014.294922
1386    -15014.441406
1387    -15014.586914
1388    -15014.732422
1389    -15014.878906
1390    -15015.024414
1391    -15015.169922
1392    -15015.314453
1393    -15015.458984
1394    -15015.604492
1395    -15015.749023
1396    -15015.892578
1397    -15016.037109
1398    -15016.180664
1399    -15016.326172
1400    -15016.468750
1401    -15016.612305
1402    -15016.755859
1403    -15016.898438
1404    -15017.041016
1405    -15017.184570
1406    -15017.327148
1407    -15017.469727
1408    -15017.611328
1409    -15017.753906
1410    -15017.894531
1411    -15018.036133
1412    -15018.177734
1413    -15018.319336
1414    -15018.458984
1415    -15018.599609
1416    -15018.741211
1417    -15018.880859
1418    -15019.021484
1419    -15019.162109
1420    -15019.300781
1421    -15019.438477
1422    -15019.575195
1423    -15019.711914
1424    -15019.849609
1425    -15019.984375
1426    -15020.121094
1427    -15020.255859
1428    -15020.388672
1429    -15020.521484
1430    -15020.653320
1431    -15020.785156
1432    -15020.916992
1433    -15021.048828
1434    -15021.179688
1435    -15021.310547
1436    -15021.441406
1437    -15021.572266
1438    -15021.703125
1439    -15021.833984
1440    -15021.963867
1441    -15022.094727
1442    -15022.222656
1443    -15022.353516
1444    -15022.482422
1445    -15022.611328
1446    -15022.742188
1447    -15022.871094
1448    -15023.000000
1449    -15023.128906
1450    -15023.256836
1451    -15023.384766
1452    -15023.512695
1453    -15023.640625
1454    -15023.769531
1455    -15023.896484
1456    -15024.023438
1457    -15024.150391
1458    -15024.279297
1459    -15024.406250
1460    -15024.533203
1461    -15024.660156
1462    -15024.787109
1463    -15024.912109
1464    -15025.037109
1465    -15025.162109
1466    -15025.287109
1467    -15025.411133
1468    -15025.537109
1469    -15025.660156
1470    -15025.785156
1471    -15025.908203
1472    -15026.033203
1473    -15026.157227
1474    -15026.281250
1475    -15026.404297
1476    -15026.525391
1477    -15026.648438
1478    -15026.771484
1479    -15026.892578
1480    -15027.015625
1481    -15027.136719
1482    -15027.258789
1483    -15027.379883
1484    -15027.501953
1485    -15027.624023
1486    -15027.745117
1487    -15027.866211
1488    -15027.988281
1489    -15028.109375
1490    -15028.230469
1491    -15028.351562
1492    -15028.471680
1493    -15028.591797
1494    -15028.710938
1495    -15028.830078
1496    -15028.949219
1497    -15029.068359
1498    -15029.187500
1499    -15029.306641
1500    -15029.425781
1501    -15029.545898
1502    -15029.665039
1503    -15029.783203
1504    -15029.902344
1505    -15030.021484
1506    -15030.135742
1507    -15030.248047
1508    -15030.361328
1509    -15030.474609
1510    -15030.587891
1511    -15030.701172
1512    -15030.813477
1513    -15030.925781
1514    -15031.039062
1515    -15031.152344
1516    -15031.265625
1517    -15031.378906
1518    -15031.492188
1519    -15031.604492
1520    -15031.716797
1521    -15031.830078
1522    -15031.943359
1523    -15032.056641
1524    -15032.167969
1525    -15032.283203
1526    -15032.395508
1527    -15032.507812
1528    -15032.621094
1529    -15032.734375
1530    -15032.847656
1531    -15032.960938
1532    -15033.073242
1533    -15033.186523
1534    -15033.298828
1535    -15033.413086
1536    -15033.526367
1537    -15033.638672
1538    -15033.751953
1539    -15033.865234
1540    -15033.977539
1541    -15034.091797
1542    -15034.204102
1543    -15034.318359
1544    -15034.430664
1545    -15034.543945
1546    -15034.657227
1547    -15034.771484
1548    -15034.882812
1549    -15034.998047
1550    -15035.110352
1551    -15035.223633
1552    -15035.336914
1553    -15035.449219
1554    -15035.563477
1555    -15035.677734
1556    -15035.789062
1557    -15035.903320
1558    -15036.016602
1559    -15036.129883
1560    -15036.242188
1561    -15036.355469
1562    -15036.468750
1563    -15036.583008
1564    -15036.695312
1565    -15036.808594
1566    -15036.922852
1567    -15037.035156
1568    -15037.148438
1569    -15037.261719
1570    -15037.375000
1571    -15037.488281
1572    -15037.601562
1573    -15037.713867
1574    -15037.827148
1575    -15037.939453
1576    -15038.052734
1577    -15038.166016
1578    -15038.279297
1579    -15038.390625
1580    -15038.504883
1581    -15038.617188
1582    -15038.730469
1583    -15038.841797
1584    -15038.955078
1585    -15039.067383
1586    -15039.180664
1587    -15039.289062
1588    -15039.398438
1589    -15039.506836
1590    -15039.615234
1591    -15039.723633
1592    -15039.833008
1593    -15039.941406
1594    -15040.049805
1595    -15040.158203
1596    -15040.266602
1597    -15040.375000
1598    -15040.482422
1599    -15040.591797
1600    -15040.699219
1601    -15040.806641
1602    -15040.915039
1603    -15041.019531
1604    -15041.123047
1605    -15041.226562
1606    -15041.330078
1607    -15041.433594
1608    -15041.537109
1609    -15041.639648
1610    -15041.742188
1611    -15041.845703
1612    -15041.948242
1613    -15042.050781
1614    -15042.154297
1615    -15042.255859
1616    -15042.358398
1617    -15042.460938
1618    -15042.563477
1619    -15042.665039
1620    -15042.767578
1621    -15042.869141
1622    -15042.970703
1623    -15043.072266
1624    -15043.173828
1625    -15043.275391
1626    -15043.375000
1627    -15043.477539
1628    -15043.579102
1629    -15043.679688
1630    -15043.779297
1631    -15043.880859
1632    -15043.981445
1633    -15044.082031
1634    -15044.180664
1635    -15044.283203
1636    -15044.380859
1637    -15044.480469
1638    -15044.580078
1639    -15044.679688
1640    -15044.779297
1641    -15044.878906
1642    -15044.978516
1643    -15045.076172
1644    -15045.175781
1645    -15045.273438
1646    -15045.373047
1647    -15045.470703
1648    -15045.568359
1649    -15045.666016
1650    -15045.764648
1651    -15045.863281
1652    -15045.959961
1653    -15046.058594
1654    -15046.154297
1655    -15046.252930
1656    -15046.349609
1657    -15046.446289
1658    -15046.542969
1659    -15046.639648
1660    -15046.736328
1661    -15046.832031
1662    -15046.928711
1663    -15047.025391
1664    -15047.120117
1665    -15047.216797
1666    -15047.311523
1667    -15047.408203
1668    -15047.502930
1669    -15047.598633
1670    -15047.693359
1671    -15047.787109
1672    -15047.882812
1673    -15047.976562
1674    -15048.071289
1675    -15048.164062
1676    -15048.255859
1677    -15048.347656
1678    -15048.439453
1679    -15048.530273
1680    -15048.621094
1681    -15048.712891
1682    -15048.804688
1683    -15048.893555
1684    -15048.984375
1685    -15049.075195
1686    -15049.165039
1687    -15049.255859
1688    -15049.345703
1689    -15049.436523
1690    -15049.526367
1691    -15049.617188
1692    -15049.707031
1693    -15049.794922
1694    -15049.884766
1695    -15049.974609
1696    -15050.062500
1697    -15050.153320
1698    -15050.242188
1699    -15050.331055
1700    -15050.419922
1701    -15050.509766
1702    -15050.597656
1703    -15050.686523
1704    -15050.775391
1705    -15050.863281
1706    -15050.953125
1707    -15051.041016
1708    -15051.128906
1709    -15051.216797
1710    -15051.304688
1711    -15051.393555
1712    -15051.481445
1713    -15051.570312
1714    -15051.658203
1715    -15051.746094
1716    -15051.832031
1717    -15051.920898
1718    -15052.007812
1719    -15052.095703
1720    -15052.183594
1721    -15052.271484
1722    -15052.358398
1723    -15052.445312
1724    -15052.533203
1725    -15052.620117
1726    -15052.707031
1727    -15052.792969
1728    -15052.876953
1729    -15052.961914
1730    -15053.046875
1731    -15053.130859
1732    -15053.215820
1733    -15053.300781
1734    -15053.382812
1735    -15053.464844
1736    -15053.546875
1737    -15053.628906
1738    -15053.711914
1739    -15053.793945
1740    -15053.875977
1741    -15053.958008
1742    -15054.040039
1743    -15054.123047
1744    -15054.205078
1745    -15054.287109
1746    -15054.368164
1747    -15054.450195
1748    -15054.533203
1749    -15054.615234
1750    -15054.697266
1751    -15054.779297
1752    -15054.861328
1753    -15054.943359
1754    -15055.024414
1755    -15055.107422
1756    -15055.189453
1757    -15055.271484
1758    -15055.353516
1759    -15055.435547
1760    -15055.517578
1761    -15055.598633
1762    -15055.681641
1763    -15055.763672
1764    -15055.845703
1765    -15055.927734
1766    -15056.009766
1767    -15056.091797
1768    -15056.173828
1769    -15056.255859
1770    -15056.337891
1771    -15056.419922
1772    -15056.501953
1773    -15056.583984
1774    -15056.666016
1775    -15056.749023
1776    -15056.831055
1777    -15056.913086
1778    -15056.994141
1779    -15057.077148
1780    -15057.158203
1781    -15057.241211
1782    -15057.323242
1783    -15057.405273
1784    -15057.488281
1785    -15057.569336
1786    -15057.652344
1787    -15057.733398
1788    -15057.816406
1789    -15057.898438
1790    -15057.980469
1791    -15058.062500
1792    -15058.144531
1793    -15058.226562
1794    -15058.308594
1795    -15058.390625
1796    -15058.472656
1797    -15058.554688
1798    -15058.636719
1799    -15058.716797
1800    -15058.794922
1801    -15058.873047
1802    -15058.952148
1803    -15059.029297
1804    -15059.107422
1805    -15059.185547
1806    -15059.263672
1807    -15059.341797
1808    -15059.419922
1809    -15059.498047
1810    -15059.576172
1811    -15059.653320
1812    -15059.732422
1813    -15059.810547
1814    -15059.886719
1815    -15059.964844
1816    -15060.041992
1817    -15060.120117
1818    -15060.198242
1819    -15060.275391
1820    -15060.353516
1821    -15060.430664
1822    -15060.507812
1823    -15060.584961
1824    -15060.659180
1825    -15060.730469
1826    -15060.802734
1827    -15060.875000
1828    -15060.946289
1829    -15061.017578
1830    -15061.089844
1831    -15061.162109
1832    -15061.232422
1833    -15061.304688
1834    -15061.375000
1835    -15061.447266
1836    -15061.517578
1837    -15061.589844
1838    -15061.660156
1839    -15061.731445
1840    -15061.802734
1841    -15061.873047
1842    -15061.943359
1843    -15062.014648
1844    -15062.085938
1845    -15062.155273
1846    -15062.225586
1847    -15062.296875
1848    -15062.367188
1849    -15062.435547
1850    -15062.505859
1851    -15062.576172
1852    -15062.646484
1853    -15062.716797
1854    -15062.785156
1855    -15062.855469
1856    -15062.924805
1857    -15062.994141
1858    -15063.062500
1859    -15063.131836
1860    -15063.200195
1861    -15063.269531
1862    -15063.337891
1863    -15063.406250
1864    -15063.475586
1865    -15063.542969
1866    -15063.611328
1867    -15063.679688
1868    -15063.748047
1869    -15063.814453
1870    -15063.882812
1871    -15063.949219
1872    -15064.017578
1873    -15064.084961
1874    -15064.150391
1875    -15064.218750
1876    -15064.285156
1877    -15064.351562
1878    -15064.417969
1879    -15064.484375
1880    -15064.550781
1881    -15064.617188
1882    -15064.681641
1883    -15064.748047
1884    -15064.813477
1885    -15064.879883
1886    -15064.945312
1887    -15065.009766
1888    -15065.075195
1889    -15065.140625
1890    -15065.205078
1891    -15065.269531
1892    -15065.333984
1893    -15065.398438
1894    -15065.461914
1895    -15065.526367
1896    -15065.589844
1897    -15065.654297
1898    -15065.716797
1899    -15065.781250
1900    -15065.843750
1901    -15065.907227
1902    -15065.970703
1903    -15066.033203
1904    -15066.095703
1905    -15066.158203
1906    -15066.219727
1907    -15066.281250
1908    -15066.344727
1909    -15066.406250
1910    -15066.466797
1911    -15066.528320
1912    -15066.588867
1913    -15066.649414
1914    -15066.709961
1915    -15066.769531
1916    -15066.831055
1917    -15066.890625
1918    -15066.950195
1919    -15067.009766
1920    -15067.070312
1921    -15067.128906
1922    -15067.189453
1923    -15067.248047
1924    -15067.306641
1925    -15067.366211
1926    -15067.425781
1927    -15067.484375
1928    -15067.541992
1929    -15067.601562
1930    -15067.658203
1931    -15067.716797
1932    -15067.775391
1933    -15067.833984
1934    -15067.891602
1935    -15067.949219
1936    -15068.005859
1937    -15068.063477
1938    -15068.121094
1939    -15068.177734
1940    -15068.236328
1941    -15068.292969
1942    -15068.349609
1943    -15068.406250
1944    -15068.462891
1945    -15068.519531
1946    -15068.576172
1947    -15068.632812
1948    -15068.687500
1949    -15068.744141
1950    -15068.800781
1951    -15068.855469
1952    -15068.912109
1953    -15068.967773
1954    -15069.023438
1955    -15069.078125
1956    -15069.133789
1957    -15069.189453
1958    -15069.244141
1959    -15069.299805
1960    -15069.354492
1961    -15069.409180
1962    -15069.464844
1963    -15069.519531
1964    -15069.574219
1965    -15069.628906
1966    -15069.682617
1967    -15069.736328
1968    -15069.791016
1969    -15069.845703
1970    -15069.899414
1971    -15069.953125
1972    -15070.007812
1973    -15070.062500
1974    -15070.116211
1975    -15070.169922
1976    -15070.223633
1977    -15070.276367
1978    -15070.330078
1979    -15070.383789
1980    -15070.437500
1981    -15070.491211
1982    -15070.543945
1983    -15070.597656
1984    -15070.650391
1985    -15070.703125
1986    -15070.757812
1987    -15070.810547
1988    -15070.863281
1989    -15070.916016
1990    -15070.969727
1991    -15071.021484
1992    -15071.074219
1993    -15071.127930
1994    -15071.180664
1995    -15071.233398
1996    -15071.286133
1997    -15071.337891
1998    -15071.390625
1999    -15071.443359
2000    -15071.496094
2001    -15071.544922
2002    -15071.595703
2003    -15071.644531
2004    -15071.694336
2005    -15071.744141
2006    -15071.792969
2007    -15071.843750
2008    -15071.892578
2009    -15071.942383
2010    -15071.992188
2011    -15072.041016
2012    -15072.091797
2013    -15072.140625
2014    -15072.189453
2015    -15072.239258
2016    -15072.289062
2017    -15072.338867
2018    -15072.387695
2019    -15072.437500
2020    -15072.484375
2021    -15072.533203
2022    -15072.582031
2023    -15072.628906
2024    -15072.677734
2025    -15072.726562
2026    -15072.774414
2027    -15072.823242
2028    -15072.871094
2029    -15072.918945
2030    -15072.967773
2031    -15073.015625
2032    -15073.064453
2033    -15073.112305
2034    -15073.159180
2035    -15073.208008
2036    -15073.256836
2037    -15073.304688
2038    -15073.351562
2039    -15073.400391
2040    -15073.448242
2041    -15073.497070
2042    -15073.544922
2043    -15073.593750
2044    -15073.642578
2045    -15073.690430
2046    -15073.738281
2047    -15073.788086
2048    -15073.836914
2049    -15073.884766
2050    -15073.933594
2051    -15073.982422
2052    -15074.031250
2053    -15074.080078
2054    -15074.128906
2055    -15074.178711
2056    -15074.228516
2057    -15074.277344
2058    -15074.326172
2059    -15074.375000
2060    -15074.424805
2061    -15074.474609
2062    -15074.524414
2063    -15074.574219
2064    -15074.624023
2065    -15074.673828
2066    -15074.724609
2067    -15074.773438
2068    -15074.824219
2069    -15074.875000
2070    -15074.925781
2071    -15074.974609
2072    -15075.025391
2073    -15075.076172
2074    -15075.127930
2075    -15075.177734
2076    -15075.229492
2077    -15075.280273
2078    -15075.332031
2079    -15075.382812
2080    -15075.434570
2081    -15075.486328
2082    -15075.537109
2083    -15075.589844
2084    -15075.641602
2085    -15075.693359
2086    -15075.746094
2087    -15075.798828
2088    -15075.851562
2089    -15075.903320
2090    -15075.956055
2091    -15076.009766
2092    -15076.062500
2093    -15076.115234
2094    -15076.168945
2095    -15076.222656
2096    -15076.275391
2097    -15076.330078
2098    -15076.384766
2099    -15076.438477
2100    -15076.492188
2101    -15076.544922
2102    -15076.599609
2103    -15076.652344
2104    -15076.706055
2105    -15076.759766
2106    -15076.814453
2107    -15076.868164
2108    -15076.922852
2109    -15076.977539
2110    -15077.032227
2111    -15077.087891
2112    -15077.142578
2113    -15077.199219
2114    -15077.253906
2115    -15077.309570
2116    -15077.365234
2117    -15077.419922
2118    -15077.474609
2119    -15077.530273
2120    -15077.585938
2121    -15077.640625
2122    -15077.698242
2123    -15077.753906
2124    -15077.810547
2125    -15077.867188
2126    -15077.923828
2127    -15077.981445
2128    -15078.039062
2129    -15078.096680
2130    -15078.154297
2131    -15078.214844
2132    -15078.271484
2133    -15078.332031
2134    -15078.390625
2135    -15078.450195
2136    -15078.510742
2137    -15078.570312
2138    -15078.630859
2139    -15078.692383
2140    -15078.751953
2141    -15078.812500
2142    -15078.875000
2143    -15078.935547
2144    -15078.998047
2145    -15079.060547
2146    -15079.124023
2147    -15079.187500
2148    -15079.250000
2149    -15079.314453
2150    -15079.378906
2151    -15079.443359
2152    -15079.507812
2153    -15079.573242
2154    -15079.638672
2155    -15079.705078
2156    -15079.771484
2157    -15079.838867
2158    -15079.906250
2159    -15079.974609
2160    -15080.041992
2161    -15080.109375
2162    -15080.177734
2163    -15080.246094
2164    -15080.316406
2165    -15080.384766
2166    -15080.455078
2167    -15080.525391
2168    -15080.595703
2169    -15080.666016
2170    -15080.738281
2171    -15080.810547
2172    -15080.882812
2173    -15080.955078
2174    -15081.028320
2175    -15081.101562
2176    -15081.174805
2177    -15081.250000
2178    -15081.323242
2179    -15081.398438
2180    -15081.474609
2181    -15081.550781
2182    -15081.625977
2183    -15081.702148
2184    -15081.779297
2185    -15081.856445
2186    -15081.933594
2187    -15082.013672
2188    -15082.091797
2189    -15082.169922
2190    -15082.248047
2191    -15082.329102
2192    -15082.408203
2193    -15082.488281
2194    -15082.569336
2195    -15082.650391
2196    -15082.730469
2197    -15082.812500
2198    -15082.894531
2199    -15082.975586
2200    -15083.058594
2201    -15083.140625
2202    -15083.223633
2203    -15083.308594
2204    -15083.391602
2205    -15083.475586
2206    -15083.558594
2207    -15083.643555
2208    -15083.728516
2209    -15083.812500
2210    -15083.897461
2211    -15083.982422
2212    -15084.068359
2213    -15084.154297
2214    -15084.240234
2215    -15084.326172
2216    -15084.414062
2217    -15084.500000
2218    -15084.585938
2219    -15084.673828
2220    -15084.759766
2221    -15084.847656
2222    -15084.935547
2223    -15085.022461
2224    -15085.110352
2225    -15085.199219
2226    -15085.286133
2227    -15085.375977
2228    -15085.462891
2229    -15085.552734
2230    -15085.640625
2231    -15085.728516
2232    -15085.818359
2233    -15085.906250
2234    -15085.996094
2235    -15086.085938
2236    -15086.173828
2237    -15086.262695
2238    -15086.352539
2239    -15086.441406
2240    -15086.531250
2241    -15086.621094
2242    -15086.709961
2243    -15086.799805
2244    -15086.889648
2245    -15086.979492
2246    -15087.068359
2247    -15087.158203
2248    -15087.248047
2249    -15087.337891
2250    -15087.427734
2251    -15087.517578
2252    -15087.607422
2253    -15087.697266
2254    -15087.787109
2255    -15087.875977
2256    -15087.966797
2257    -15088.055664
2258    -15088.146484
2259    -15088.236328
2260    -15088.326172
2261    -15088.416016
2262    -15088.504883
2263    -15088.594727
2264    -15088.684570
2265    -15088.773438
2266    -15088.864258
2267    -15088.954102
2268    -15089.041016
2269    -15089.126953
2270    -15089.214844
2271    -15089.301758
2272    -15089.388672
2273    -15089.476562
2274    -15089.562500
2275    -15089.650391
2276    -15089.736328
2277    -15089.824219
2278    -15089.910156
2279    -15089.996094
2280    -15090.083984
2281    -15090.170898
2282    -15090.255859
2283    -15090.343750
2284    -15090.429688
2285    -15090.514648
2286    -15090.601562
2287    -15090.688477
2288    -15090.774414
2289    -15090.861328
2290    -15090.947266
2291    -15091.033203
2292    -15091.119141
2293    -15091.205078
2294    -15091.291016
2295    -15091.376953
2296    -15091.462891
2297    -15091.547852
2298    -15091.633789
2299    -15091.718750
2300    -15091.804688
2301    -15091.888672
2302    -15091.974609
2303    -15092.058594
2304    -15092.144531
2305    -15092.228516
2306    -15092.313477
2307    -15092.399414
2308    -15092.483398
2309    -15092.567383
2310    -15092.651367
2311    -15092.734375
2312    -15092.819336
2313    -15092.902344
2314    -15092.986328
2315    -15093.070312
2316    -15093.152344
2317    -15093.229492
2318    -15093.306641
2319    -15093.383789
2320    -15093.461914
2321    -15093.538086
2322    -15093.615234
2323    -15093.691406
2324    -15093.769531
2325    -15093.845703
2326    -15093.921875
2327    -15093.998047
2328    -15094.074219
2329    -15094.149414
2330    -15094.226562
2331    -15094.301758
2332    -15094.376953
2333    -15094.451172
2334    -15094.526367
2335    -15094.601562
2336    -15094.675781
2337    -15094.750977
2338    -15094.824219
2339    -15094.898438
2340    -15094.972656
2341    -15095.044922
2342    -15095.120117
2343    -15095.193359
2344    -15095.265625
2345    -15095.337891
2346    -15095.410156
2347    -15095.484375
2348    -15095.555664
2349    -15095.626953
2350    -15095.699219
2351    -15095.771484
2352    -15095.841797
2353    -15095.912109
2354    -15095.983398
2355    -15096.054688
2356    -15096.125000
2357    -15096.195312
2358    -15096.263672
2359    -15096.333984
2360    -15096.404297
2361    -15096.472656
2362    -15096.542969
2363    -15096.610352
2364    -15096.679688
2365    -15096.748047
2366    -15096.816406
2367    -15096.883789
2368    -15096.951172
2369    -15097.017578
2370    -15097.085938
2371    -15097.152344
2372    -15097.218750
2373    -15097.285156
2374    -15097.351562
2375    -15097.417969
2376    -15097.483398
2377    -15097.548828
2378    -15097.614258
2379    -15097.679688
2380    -15097.744141
2381    -15097.808594
2382    -15097.873047
2383    -15097.938477
2384    -15098.001953
2385    -15098.065430
2386    -15098.128906
2387    -15098.193359
2388    -15098.255859
2389    -15098.318359
2390    -15098.381836
2391    -15098.444336
2392    -15098.505859
2393    -15098.568359
2394    -15098.629883
2395    -15098.691406
2396    -15098.753906
2397    -15098.814453
2398    -15098.876953
2399    -15098.937500
2400    -15098.998047
2401    -15099.059570
2402    -15099.119141
2403    -15099.179688
2404    -15099.240234
2405    -15099.299805
2406    -15099.359375
2407    -15099.418945
2408    -15099.479492
2409    -15099.537109
2410    -15099.596680
2411    -15099.656250
2412    -15099.714844
2413    -15099.773438
2414    -15099.832031
2415    -15099.890625
2416    -15099.949219
2417    -15100.007812
2418    -15100.065430
2419    -15100.123047
2420    -15100.181641
2421    -15100.238281
2422    -15100.293945
2423    -15100.349609
2424    -15100.404297
2425    -15100.460938
2426    -15100.515625
2427    -15100.570312
2428    -15100.625977
2429    -15100.679688
2430    -15100.736328
2431    -15100.790039
2432    -15100.845703
2433    -15100.900391
2434    -15100.953125
2435    -15101.008789
2436    -15101.063477
2437    -15101.117188
2438    -15101.171875
2439    -15101.226562
2440    -15101.280273
2441    -15101.335938
2442    -15101.389648
2443    -15101.443359
2444    -15101.498047
2445    -15101.552734
2446    -15101.606445
2447    -15101.660156
2448    -15101.714844
2449    -15101.768555
2450    -15101.821289
2451    -15101.875977
2452    -15101.930664
2453    -15101.984375
2454    -15102.037109
2455    -15102.089844
2456    -15102.143555
2457    -15102.197266
2458    -15102.250000
2459    -15102.303711
2460    -15102.357422
2461    -15102.410156
2462    -15102.463867
2463    -15102.518555
2464    -15102.572266
2465    -15102.625000
2466    -15102.679688
2467    -15102.732422
2468    -15102.787109
2469    -15102.839844
2470    -15102.894531
2471    -15102.949219
2472    -15103.003906
2473    -15103.056641
2474    -15103.109375
2475    -15103.164062
2476    -15103.216797
2477    -15103.271484
2478    -15103.324219
2479    -15103.378906
2480    -15103.433594
2481    -15103.486328
2482    -15103.541016
2483    -15103.594727
2484    -15103.650391
2485    -15103.705078
2486    -15103.758789
2487    -15103.813477
2488    -15103.869141
2489    -15103.923828
2490    -15103.978516
2491    -15104.035156
2492    -15104.089844
2493    -15104.144531
2494    -15104.201172
2495    -15104.256836
2496    -15104.312500
2497    -15104.368164
2498    -15104.425781
2499    -15104.480469
2500    -15104.538086
2501    -15104.594727
2502    -15104.652344
2503    -15104.708984
2504    -15104.764648
2505    -15104.823242
2506    -15104.878906
2507    -15104.933594
2508    -15104.988281
2509    -15105.042969
2510    -15105.096680
2511    -15105.151367
2512    -15105.207031
2513    -15105.261719
2514    -15105.318359
2515    -15105.373047
2516    -15105.427734
2517    -15105.484375
2518    -15105.541016
2519    -15105.596680
2520    -15105.653320
2521    -15105.708984
2522    -15105.767578
2523    -15105.823242
2524    -15105.880859
2525    -15105.937500
2526    -15105.995117
2527    -15106.052734
2528    -15106.110352
2529    -15106.167969
2530    -15106.226562
2531    -15106.284180
2532    -15106.340820
2533    -15106.395508
2534    -15106.449219
2535    -15106.502930
2536    -15106.556641
2537    -15106.611328
2538    -15106.664062
2539    -15106.716797
2540    -15106.771484
2541    -15106.825195
2542    -15106.878906
2543    -15106.933594
2544    -15106.988281
2545    -15107.042969
2546    -15107.097656
2547    -15107.152344
2548    -15107.207031
2549    -15107.261719
2550    -15107.317383
2551    -15107.372070
2552    -15107.427734
2553    -15107.483398
2554    -15107.539062
2555    -15107.593750
2556    -15107.649414
2557    -15107.705078
2558    -15107.760742
2559    -15107.817383
2560    -15107.873047
2561    -15107.928711
2562    -15107.984375
2563    -15108.041016
2564    -15108.096680
2565    -15108.152344
2566    -15108.208008
2567    -15108.265625
2568    -15108.320312
2569    -15108.376953
2570    -15108.433594
2571    -15108.490234
2572    -15108.545898
2573    -15108.601562
2574    -15108.658203
2575    -15108.714844
2576    -15108.769531
2577    -15108.826172
2578    -15108.881836
2579    -15108.937500
2580    -15108.994141
2581    -15109.048828
2582    -15109.104492
2583    -15109.162109
2584    -15109.216797
2585    -15109.272461
2586    -15109.328125
2587    -15109.383789
2588    -15109.439453
2589    -15109.494141
2590    -15109.548828
2591    -15109.605469
2592    -15109.659180
2593    -15109.713867
2594    -15109.768555
2595    -15109.822266
2596    -15109.875000
2597    -15109.925781
2598    -15109.978516
2599    -15110.030273
2600    -15110.082031
2601    -15110.132812
2602    -15110.183594
2603    -15110.234375
2604    -15110.287109
2605    -15110.336914
2606    -15110.387695
2607    -15110.437500
2608    -15110.488281
2609    -15110.539062
2610    -15110.588867
2611    -15110.638672
2612    -15110.688477
2613    -15110.738281
2614    -15110.787109
2615    -15110.837891
2616    -15110.886719
2617    -15110.935547
2618    -15110.984375
2619    -15111.033203
2620    -15111.081055
2621    -15111.129883
2622    -15111.178711
2623    -15111.225586
2624    -15111.274414
2625    -15111.321289
2626    -15111.370117
2627    -15111.417969
2628    -15111.463867
2629    -15111.510742
2630    -15111.558594
2631    -15111.605469
2632    -15111.651367
2633    -15111.697266
2634    -15111.744141
2635    -15111.789062
2636    -15111.835938
2637    -15111.880859
2638    -15111.926758
2639    -15111.972656
2640    -15112.016602
2641    -15112.062500
2642    -15112.107422
2643    -15112.152344
2644    -15112.197266
2645    -15112.241211
2646    -15112.285156
2647    -15112.329102
2648    -15112.374023
2649    -15112.416016
2650    -15112.460938
2651    -15112.503906
2652    -15112.547852
2653    -15112.589844
2654    -15112.632812
2655    -15112.675781
2656    -15112.716797
2657    -15112.759766
2658    -15112.800781
2659    -15112.841797
2660    -15112.882812
2661    -15112.923828
2662    -15112.965820
2663    -15113.005859
2664    -15113.046875
2665    -15113.087891
2666    -15113.127930
2667    -15113.167969
2668    -15113.208984
2669    -15113.249023
2670    -15113.288086
2671    -15113.328125
2672    -15113.368164
2673    -15113.408203
2674    -15113.446289
2675    -15113.486328
2676    -15113.525391
2677    -15113.563477
2678    -15113.603516
2679    -15113.640625
2680    -15113.679688
2681    -15113.718750
2682    -15113.755859
2683    -15113.794922
2684    -15113.833008
2685    -15113.871094
2686    -15113.908203
2687    -15113.946289
2688    -15113.983398
2689    -15114.021484
2690    -15114.058594
2691    -15114.095703
2692    -15114.132812
2693    -15114.169922
2694    -15114.207031
2695    -15114.244141
2696    -15114.281250
2697    -15114.318359
2698    -15114.353516
2699    -15114.390625
2700    -15114.427734
2701    -15114.463867
2702    -15114.500000
2703    -15114.535156
2704    -15114.572266
2705    -15114.608398
2706    -15114.644531
2707    -15114.680664
2708    -15114.716797
2709    -15114.751953
2710    -15114.788086
2711    -15114.824219
2712    -15114.860352
2713    -15114.894531
2714    -15114.929688
2715    -15114.964844
2716    -15115.000977
2717    -15115.036133
2718    -15115.072266
2719    -15115.107422
2720    -15115.142578
2721    -15115.177734
2722    -15115.212891
2723    -15115.244141
2724    -15115.278320
2725    -15115.310547
2726    -15115.343750
2727    -15115.376953
2728    -15115.409180
2729    -15115.443359
2730    -15115.476562
2731    -15115.507812
2732    -15115.541016
2733    -15115.574219
2734    -15115.607422
2735    -15115.639648
2736    -15115.672852
2737    -15115.705078
2738    -15115.738281
2739    -15115.771484
2740    -15115.803711
2741    -15115.836914
2742    -15115.870117
2743    -15115.902344
2744    -15115.935547
2745    -15115.968750
2746    -15116.001953
2747    -15116.035156
2748    -15116.068359
2749    -15116.101562
2750    -15116.134766
2751    -15116.167969
2752    -15116.201172
2753    -15116.233398
2754    -15116.267578
2755    -15116.300781
2756    -15116.333984
2757    -15116.366211
2758    -15116.400391
2759    -15116.433594
2760    -15116.466797
2761    -15116.500000
2762    -15116.535156
2763    -15116.568359
2764    -15116.601562
2765    -15116.634766
2766    -15116.667969
2767    -15116.703125
2768    -15116.736328
2769    -15116.770508
2770    -15116.804688
2771    -15116.838867
2772    -15116.872070
2773    -15116.906250
2774    -15116.940430
2775    -15116.974609
2776    -15117.009766
2777    -15117.042969
2778    -15117.079102
2779    -15117.113281
2780    -15117.148438
2781    -15117.183594
2782    -15117.217773
2783    -15117.252930
2784    -15117.288086
2785    -15117.324219
2786    -15117.357422
2787    -15117.392578
2788    -15117.423828
2789    -15117.452148
2790    -15117.481445
2791    -15117.510742
2792    -15117.539062
2793    -15117.568359
2794    -15117.597656
2795    -15117.626953
2796    -15117.656250
2797    -15117.685547
2798    -15117.715820
2799    -15117.745117
2800    -15117.775391
2801    -15117.805664
2802    -15117.835938
2803    -15117.866211
2804    -15117.896484
2805    -15117.927734
2806    -15117.958008
2807    -15117.988281
2808    -15118.019531
2809    -15118.050781
2810    -15118.082031
2811    -15118.113281
2812    -15118.144531
2813    -15118.175781
2814    -15118.208984
2815    -15118.240234
2816    -15118.272461
2817    -15118.304688
2818    -15118.336914
2819    -15118.369141
2820    -15118.401367
2821    -15118.434570
2822    -15118.466797
2823    -15118.500000
2824    -15118.533203
2825    -15118.566406
2826    -15118.599609
2827    -15118.633789
2828    -15118.666016
2829    -15118.701172
2830    -15118.734375
2831    -15118.767578
2832    -15118.802734
2833    -15118.835938
2834    -15118.871094
2835    -15118.904297
2836    -15118.939453
2837    -15118.974609
2838    -15119.008789
2839    -15119.044922
2840    -15119.078125
2841    -15119.114258
2842    -15119.148438
2843    -15119.184570
2844    -15119.220703
2845    -15119.255859
2846    -15119.291016
2847    -15119.327148
2848    -15119.363281
2849    -15119.399414
2850    -15119.435547
2851    -15119.472656
2852    -15119.509766
2853    -15119.544922
2854    -15119.582031
2855    -15119.619141
2856    -15119.654297
2857    -15119.691406
2858    -15119.729492
2859    -15119.766602
2860    -15119.804688
2861    -15119.841797
2862    -15119.878906
2863    -15119.917969
2864    -15119.955078
2865    -15119.992188
2866    -15120.031250
2867    -15120.068359
2868    -15120.107422
2869    -15120.145508
2870    -15120.183594
2871    -15120.221680
2872    -15120.260742
2873    -15120.300781
2874    -15120.337891
2875    -15120.376953
2876    -15120.416016
2877    -15120.455078
2878    -15120.495117
2879    -15120.534180
2880    -15120.574219
2881    -15120.613281
2882    -15120.652344
2883    -15120.693359
2884    -15120.732422
2885    -15120.772461
2886    -15120.811523
2887    -15120.852539
2888    -15120.892578
2889    -15120.932617
2890    -15120.972656
2891    -15121.013672
2892    -15121.053711
2893    -15121.094727
2894    -15121.135742
2895    -15121.175781
2896    -15121.216797
2897    -15121.258789
2898    -15121.299805
2899    -15121.339844
2900    -15121.381836
2901    -15121.423828
2902    -15121.463867
2903    -15121.505859
2904    -15121.546875
2905    -15121.588867
2906    -15121.630859
2907    -15121.671875
2908    -15121.713867
2909    -15121.755859
2910    -15121.796875
2911    -15121.838867
2912    -15121.881836
2913    -15121.923828
2914    -15121.964844
2915    -15122.007812
2916    -15122.048828
2917    -15122.091797
2918    -15122.133789
2919    -15122.175781
2920    -15122.217773
2921    -15122.260742
2922    -15122.302734
2923    -15122.345703
2924    -15122.386719
2925    -15122.429688
2926    -15122.471680
2927    -15122.513672
2928    -15122.556641
2929    -15122.598633
2930    -15122.640625
2931    -15122.683594
2932    -15122.724609
2933    -15122.767578
2934    -15122.809570
2935    -15122.851562
2936    -15122.892578
2937    -15122.935547
2938    -15122.976562
2939    -15123.019531
2940    -15123.061523
2941    -15123.103516
2942    -15123.144531
2943    -15123.186523
2944    -15123.228516
2945    -15123.269531
2946    -15123.310547
2947    -15123.352539
2948    -15123.394531
2949    -15123.434570
2950    -15123.476562
2951    -15123.517578
2952    -15123.557617
2953    -15123.599609
2954    -15123.640625
2955    -15123.680664
2956    -15123.720703
2957    -15123.761719
2958    -15123.800781
2959    -15123.841797
2960    -15123.881836
2961    -15123.921875
2962    -15123.960938
2963    -15124.000000
2964    -15124.041016
2965    -15124.080078
2966    -15124.119141
2967    -15124.158203
2968    -15124.197266
2969    -15124.236328
2970    -15124.275391
2971    -15124.312500
2972    -15124.351562
2973    -15124.388672
2974    -15124.427734
2975    -15124.465820
2976    -15124.502930
2977    -15124.541016
2978    -15124.578125
2979    -15124.615234
2980    -15124.652344
2981    -15124.689453
2982    -15124.725586
2983    -15124.761719
2984    -15124.798828
2985    -15124.833984
2986    -15124.870117
2987    -15124.906250
2988    -15124.941406
2989    -15124.977539
2990    -15125.011719
2991    -15125.046875
2992    -15125.082031
2993    -15125.117188
2994    -15125.151367
2995    -15125.185547
2996    -15125.218750
2997    -15125.253906
2998    -15125.287109
2999    -15125.320312
3000    -15125.353516
3001    -15125.386719
3002    -15125.419922
3003    -15125.452148
3004    -15125.485352
3005    -15125.517578
3006    -15125.549805
3007    -15125.582031
3008    -15125.613281
3009    -15125.644531
3010    -15125.675781
3011    -15125.707031
3012    -15125.738281
3013    -15125.768555
3014    -15125.798828
3015    -15125.830078
3016    -15125.861328
3017    -15125.890625
3018    -15125.920898
3019    -15125.951172
3020    -15125.979492
3021    -15126.009766
3022    -15126.039062
3023    -15126.067383
3024    -15126.096680
3025    -15126.125000
3026    -15126.153320
3027    -15126.181641
3028    -15126.209961
3029    -15126.238281
3030    -15126.265625
3031    -15126.292969
3032    -15126.320312
3033    -15126.348633
3034    -15126.375000
3035    -15126.402344
3036    -15126.429688
3037    -15126.456055
3038    -15126.483398
3039    -15126.509766
3040    -15126.535156
3041    -15126.560547
3042    -15126.586914
3043    -15126.611328
3044    -15126.637695
3045    -15126.664062
3046    -15126.689453
3047    -15126.713867
3048    -15126.738281
3049    -15126.763672
3050    -15126.788086
3051    -15126.812500
3052    -15126.837891
3053    -15126.861328
3054    -15126.885742
3055    -15126.910156
3056    -15126.933594
3057    -15126.957031
3058    -15126.981445
3059    -15127.004883
3060    -15127.027344
3061    -15127.050781
3062    -15127.074219
3063    -15127.095703
3064    -15127.119141
3065    -15127.142578
3066    -15127.165039
3067    -15127.186523
3068    -15127.208984
3069    -15127.231445
3070    -15127.253906
3071    -15127.275391
3072    -15127.296875
3073    -15127.319336
3074    -15127.340820
3075    -15127.362305
3076    -15127.383789
3077    -15127.406250
3078    -15127.425781
3079    -15127.447266
3080    -15127.467773
3081    -15127.489258
3082    -15127.509766
3083    -15127.531250
3084    -15127.551758
3085    -15127.572266
3086    -15127.591797
3087    -15127.613281
3088    -15127.632812
3089    -15127.652344
3090    -15127.673828
3091    -15127.693359
3092    -15127.712891
3093    -15127.732422
3094    -15127.751953
3095    -15127.771484
3096    -15127.791016
3097    -15127.810547
3098    -15127.829102
3099    -15127.849609
3100    -15127.868164
3101    -15127.888672
3102    -15127.906250
3103    -15127.925781
3104    -15127.944336
3105    -15127.962891
3106    -15127.981445
3107    -15128.000000
3108    -15128.019531
3109    -15128.037109
3110    -15128.056641
3111    -15128.074219
3112    -15128.092773
3113    -15128.111328
3114    -15128.129883
3115    -15128.148438
3116    -15128.165039
3117    -15128.182617
3118    -15128.201172
3119    -15128.218750
3120    -15128.236328
3121    -15128.253906
3122    -15128.271484
3123    -15128.288086
3124    -15128.306641
3125    -15128.324219
3126    -15128.340820
3127    -15128.358398
3128    -15128.375977
3129    -15128.392578
3130    -15128.410156
3131    -15128.426758
3132    -15128.445312
3133    -15128.460938
3134    -15128.478516
3135    -15128.494141
3136    -15128.511719
3137    -15128.527344
3138    -15128.542969
3139    -15128.560547
3140    -15128.576172
3141    -15128.592773
3142    -15128.608398
3143    -15128.624023
3144    -15128.640625
3145    -15128.657227
3146    -15128.671875
3147    -15128.688477
3148    -15128.705078
3149    -15128.720703
3150    -15128.736328
3151    -15128.751953
3152    -15128.767578
3153    -15128.783203
3154    -15128.799805
3155    -15128.815430
3156    -15128.831055
3157    -15128.845703
3158    -15128.862305
3159    -15128.876953
3160    -15128.892578
3161    -15128.909180
3162    -15128.923828
3163    -15128.939453
3164    -15128.955078
3165    -15128.970703
3166    -15128.984375
3167    -15128.995117
3168    -15129.005859
3169    -15129.017578
3170    -15129.028320
3171    -15129.040039
3172    -15129.050781
3173    -15129.062500
3174    -15129.074219
3175    -15129.084961
3176    -15129.095703
3177    -15129.107422
3178    -15129.119141
3179    -15129.128906
3180    -15129.141602
3181    -15129.152344
3182    -15129.164062
3183    -15129.174805
3184    -15129.186523
3185    -15129.198242
3186    -15129.208984
3187    -15129.220703
3188    -15129.232422
3189    -15129.244141
3190    -15129.254883
3191    -15129.267578
3192    -15129.279297
3193    -15129.289062
3194    -15129.300781
3195    -15129.313477
3196    -15129.324219
3197    -15129.335938
3198    -15129.348633
3199    -15129.360352
3200    -15129.372070
3201    -15129.383789
3202    -15129.394531
3203    -15129.406250
3204    -15129.419922
3205    -15129.430664
3206    -15129.443359
3207    -15129.454102
3208    -15129.467773
3209    -15129.478516
3210    -15129.488281
3211    -15129.500000
3212    -15129.509766
3213    -15129.520508
3214    -15129.529297
3215    -15129.541016
3216    -15129.551758
3217    -15129.561523
3218    -15129.572266
