Step            Loss
--------------------
1        2935.599121
2        2538.432129
3        2141.326172
4        1743.547852
5        1346.516602
6         948.075073
7         551.638916
8         153.015259
9        -244.001648
10       -640.716064
11      -1038.201538
12      -1434.884277
13      -1831.444580
14      -2228.861328
15      -2626.571045
16      -3024.375244
17      -3420.477051
18      -3818.465332
19      -4215.393555
20      -4612.346680
21      -5009.596680
22      -5407.162109
23      -5804.110352
24      -6202.303711
25      -6600.179688
26      -6998.308594
27      -7396.649414
28      -7794.634766
29      -8193.805664
30      -8591.553711
31      -8990.750000
32      -9389.716797
33      -9788.416016
34      -10188.326172
35      -10588.596680
36      -10989.143555
37      -11388.513672
38      -11789.617188
39      -12190.740234
40      -12592.663086
41      -12994.011719
42      -13396.875000
43      -13799.392578
44      -14202.157227
45      -14605.064453
46      -15008.839844
47      -15414.492188
48      -15818.650391
49      -16224.329102
50      -16629.562500
51      -17036.646484
52      -17443.560547
53      -17850.166016
54      -18259.285156
55      -18667.810547
56      -19077.000000
57      -19486.693359
58      -19897.164062
59      -20307.986328
60      -20719.656250
61      -21132.332031
62      -21545.796875
63      -21958.804688
64      -22373.250000
65      -22789.152344
66      -23205.449219
67      -23620.589844
68      -24037.900391
69      -24455.824219
70      -24876.029297
71      -25294.470703
72      -25714.773438
73      -26136.312500
74      -26556.781250
75      -26979.664062
76      -27403.074219
77      -27827.738281
78      -28253.371094
79      -28678.806641
80      -29105.580078
81      -29532.753906
82      -29960.660156
83      -30389.988281
84      -30820.566406
85      -31251.501953
86      -31682.683594
87      -32116.007812
88      -32548.816406
89      -32983.515625
90      -33418.398438
91      -33854.800781
92      -34291.742188
93      -34729.097656
94      -35168.468750
95      -35606.937500
96      -36047.398438
97      -36488.664062
98      -36931.128906
99      -37373.621094
100     -37818.492188
101     -38263.281250
102     -38709.183594
103     -39155.164062
104     -39602.613281
105     -40051.015625
106     -40500.941406
107     -40950.339844
108     -41401.757812
109     -41852.632812
110     -42305.625000
111     -42759.156250
112     -43213.156250
113     -43668.269531
114     -44125.289062
115     -44582.468750
116     -45039.468750
117     -45497.347656
118     -45957.761719
119     -46418.332031
120     -46879.796875
121     -47341.734375
122     -47804.679688
123     -48266.902344
124     -48732.140625
125     -49198.605469
126     -49662.484375
127     -50128.890625
128     -50597.175781
129     -51065.933594
130     -51534.781250
131     -52003.203125
132     -52475.515625
133     -52946.437500
134     -53418.500000
135     -53890.144531
136     -54364.121094
137     -54838.574219
138     -55313.472656
139     -55788.539062
140     -56265.066406
141     -56740.937500
142     -57218.851562
143     -57696.242188
144     -58174.835938
145     -58653.726562
146     -59134.496094
147     -59614.742188
148     -60096.226562
149     -60577.476562
150     -61059.882812
151     -61541.609375
152     -62026.082031
153     -62509.593750
154     -62994.289062
155     -63477.695312
156     -63964.152344
157     -64449.316406
158     -64935.265625
159     -65422.250000
160     -65910.437500
161     -66396.492188
162     -66884.234375
163     -67374.156250
164     -67861.671875
165     -68351.054688
166     -68840.906250
167     -69331.421875
168     -69820.750000
169     -70310.953125
170     -70801.968750
171     -71294.281250
172     -71783.843750
173     -72276.156250
174     -72767.906250
175     -73259.562500
176     -73751.585938
177     -74244.687500
178     -74736.875000
179     -75228.945312
180     -75723.203125
181     -76216.468750
182     -76710.593750
183     -77203.484375
184     -77696.539062
185     -78190.945312
186     -78684.617188
187     -79177.218750
188     -79671.906250
189     -80164.867188
190     -80658.156250
191     -81152.507812
192     -81648.000000
193     -82139.609375
194     -82634.445312
195     -83127.390625
196     -83621.382812
197     -84114.367188
198     -84608.648438
199     -85101.187500
200     -85594.562500
201     -86087.000000
202     -86580.203125
203     -87073.250000
204     -87565.062500
205     -88058.843750
206     -88548.890625
207     -89040.570312
208     -89533.585938
209     -90025.757812
210     -90516.531250
211     -91007.734375
212     -91496.796875
213     -91987.921875
214     -92476.835938
215     -92966.585938
216     -93455.921875
217     -93945.148438
218     -94433.921875
219     -94921.117188
220     -95408.039062
221     -95895.210938
222     -96381.250000
223     -96868.000000
224     -97353.546875
225     -97838.296875
226     -98323.984375
227     -98807.476562
228     -99290.312500
229     -99774.875000
230     -100256.593750
231     -100739.187500
232     -101219.984375
233     -101700.484375
234     -102180.390625
235     -102660.500000
236     -103140.414062
237     -103618.359375
238     -104096.015625
239     -104573.734375
240     -105051.156250
241     -105524.429688
242     -106000.375000
243     -106474.757812
244     -106948.523438
245     -107422.031250
246     -107893.484375
247     -108364.820312
248     -108835.023438
249     -109305.968750
250     -109773.820312
251     -110242.507812
252     -110709.406250
253     -111175.484375
254     -111641.562500
255     -112107.632812
256     -112571.789062
257     -113035.375000
258     -113495.765625
259     -113959.179688
260     -114418.273438
261     -114878.406250
262     -115337.937500
263     -115795.906250
264     -116250.515625
265     -116708.656250
266     -117162.179688
267     -117617.171875
268     -118069.632812
269     -118521.046875
270     -118973.351562
271     -119421.656250
272     -119871.156250
273     -120319.625000
274     -120766.281250
275     -121210.882812
276     -121655.960938
277     -122101.015625
278     -122543.328125
279     -122984.882812
280     -123424.062500
281     -123865.734375
282     -124302.609375
283     -124740.000000
284     -125177.781250
285     -125609.804688
286     -126043.906250
287     -126478.218750
288     -126906.812500
289     -127337.726562
290     -127766.132812
291     -128195.492188
292     -128621.109375
293     -129046.218750
294     -129469.929688
295     -129892.289062
296     -130314.367188
297     -130734.328125
298     -131153.234375
299     -131572.093750
300     -131987.843750
301     -132401.875000
302     -132817.203125
303     -133229.812500
304     -133641.781250
305     -134050.765625
306     -134461.562500
307     -134868.593750
308     -135275.062500
309     -135679.953125
310     -136084.500000
311     -136486.609375
312     -136887.968750
313     -137289.281250
314     -137686.734375
315     -138085.500000
316     -138480.812500
317     -138875.250000
318     -139268.562500
319     -139659.296875
320     -140049.687500
321     -140440.843750
322     -140827.265625
323     -141213.062500
324     -141599.078125
325     -141982.953125
326     -142365.187500
327     -142747.062500
328     -143125.750000
329     -143503.843750
330     -143882.187500
331     -144256.281250
332     -144630.640625
333     -145004.031250
334     -145375.843750
335     -145745.156250
336     -146113.218750
337     -146481.468750
338     -146848.781250
339     -147212.781250
340     -147574.312500
341     -147935.718750
342     -148296.890625
343     -148655.750000
344     -149013.859375
345     -149368.703125
346     -149722.781250
347     -150076.562500
348     -150430.156250
349     -150778.031250
350     -151128.875000
351     -151475.890625
352     -151820.687500
353     -152167.531250
354     -152508.968750
355     -152851.484375
356     -153192.125000
357     -153529.828125
358     -153868.140625
359     -154204.765625
360     -154539.078125
361     -154870.625000
362     -155204.578125
363     -155533.437500
364     -155862.625000
365     -156189.968750
366     -156515.734375
367     -156839.484375
368     -157162.281250
369     -157482.593750
370     -157803.140625
371     -158120.000000
372     -158435.671875
373     -158749.906250
374     -159062.718750
375     -159373.640625
376     -159684.125000
377     -159991.968750
378     -160297.281250
379     -160602.531250
380     -160905.781250
381     -161207.312500
382     -161508.000000
383     -161805.312500
384     -162103.140625
385     -162396.812500
386     -162690.750000
387     -162983.609375
388     -163275.062500
389     -163563.843750
390     -163852.562500
391     -164138.437500
392     -164423.406250
393     -164706.937500
394     -164987.750000
395     -165267.921875
396     -165548.296875
397     -165825.234375
398     -166100.843750
399     -166376.656250
400     -166650.953125
401     -166921.781250
402     -167193.312500
403     -167460.875000
404     -167727.718750
405     -167993.218750
406     -168258.000000
407     -168522.031250
408     -168783.828125
409     -169044.187500
410     -169302.437500
411     -169558.718750
412     -169814.718750
413     -170068.484375
414     -170322.593750
415     -170573.171875
416     -170824.031250
417     -171073.421875
418     -171320.812500
419     -171567.859375
420     -171812.265625
421     -172055.687500
422     -172299.593750
423     -172538.250000
424     -172778.718750
425     -173015.875000
426     -173253.406250
427     -173487.578125
428     -173720.593750
429     -173953.062500
430     -174183.843750
431     -174414.046875
432     -174640.218750
433     -174865.687500
434     -175090.218750
435     -175313.968750
436     -175536.734375
437     -175758.671875
438     -175978.093750
439     -176195.250000
440     -176411.203125
441     -176627.687500
442     -176841.625000
443     -177054.140625
444     -177264.765625
445     -177474.468750
446     -177683.781250
447     -177890.156250
448     -178095.828125
449     -178300.968750
450     -178504.437500
451     -178704.187500
452     -178906.156250
453     -179104.968750
454     -179303.250000
455     -179499.140625
456     -179693.656250
457     -179886.000000
458     -180077.718750
459     -180269.062500
460     -180459.109375
461     -180646.781250
462     -180833.562500
463     -181018.812500
464     -181204.125000
465     -181386.703125
466     -181568.687500
467     -181749.406250
468     -181929.109375
469     -182107.859375
470     -182284.734375
471     -182459.453125
472     -182634.609375
473     -182809.000000
474     -182979.687500
475     -183151.515625
476     -183321.171875
477     -183488.562500
478     -183656.562500
479     -183822.125000
480     -183987.562500
481     -184151.937500
482     -184314.187500
483     -184476.750000
484     -184635.765625
485     -184794.281250
486     -184953.468750
487     -185109.437500
488     -185264.828125
489     -185419.218750
490     -185571.562500
491     -185723.437500
492     -185874.468750
493     -186024.734375
494     -186173.968750
495     -186321.250000
496     -186468.421875
497     -186613.625000
498     -186758.250000
499     -186901.375000
500     -187043.875000
501     -187184.500000
502     -187325.125000
503     -187463.250000
504     -187601.437500
505     -187738.843750
506     -187875.968750
507     -188010.281250
508     -188144.203125
509     -188276.968750
510     -188409.406250
511     -188540.640625
512     -188670.359375
513     -188798.484375
514     -188926.562500
515     -189053.015625
516     -189179.812500
517     -189304.515625
518     -189428.625000
519     -189550.250000
520     -189672.937500
521     -189794.281250
522     -189912.265625
523     -190032.562500
524     -190150.500000
525     -190266.890625
526     -190383.843750
527     -190498.875000
528     -190612.281250
529     -190726.046875
