Step            Loss
--------------------
1       -4215.870605
2       -7634.524414
3       -11061.285156
4       -14477.353516
5       -17903.695312
6       -21326.269531
7       -24745.695312
8       -28169.074219
9       -31592.712891
10      -35016.835938
11      -38444.085938
12      -41869.152344
13      -45294.835938
14      -48718.968750
15      -52149.390625
16      -55578.738281
17      -59010.867188
18      -62441.015625
19      -65875.765625
20      -69307.343750
21      -72744.351562
22      -76181.390625
23      -79623.085938
24      -83065.140625
25      -86514.140625
26      -89958.023438
27      -93408.796875
28      -96858.531250
29      -100316.703125
30      -103775.156250
31      -107236.265625
32      -110704.093750
33      -114170.367188
34      -117641.773438
35      -121113.320312
36      -124595.515625
37      -128077.625000
38      -131562.453125
39      -135056.312500
40      -138549.531250
41      -142046.468750
42      -145557.203125
43      -149062.468750
44      -152576.843750
45      -156093.296875
46      -159619.437500
47      -163150.046875
48      -166682.812500
49      -170224.187500
50      -173767.453125
51      -177319.625000
52      -180878.093750
53      -184435.812500
54      -188007.843750
55      -191581.625000
56      -195161.343750
57      -198749.890625
58      -202340.406250
59      -205944.859375
60      -209545.625000
61      -213161.750000
62      -216784.171875
63      -220408.765625
64      -224043.093750
65      -227679.750000
66      -231331.250000
67      -234985.343750
68      -238647.843750
69      -242312.968750
70      -245989.156250
71      -249670.000000
72      -253364.046875
73      -257063.640625
74      -260767.031250
75      -264480.406250
76      -268200.531250
77      -271929.812500
78      -275663.656250
79      -279408.812500
80      -283162.125000
81      -286922.812500
82      -290687.437500
83      -294465.125000
84      -298246.187500
85      -302038.656250
86      -305836.375000
87      -309645.125000
88      -313456.625000
89      -317279.812500
90      -321109.375000
91      -324947.843750
92      -328794.531250
93      -332650.906250
94      -336516.250000
95      -340385.281250
96      -344262.156250
97      -348149.250000
98      -352041.062500
99      -355944.937500
100     -359853.187500
101     -363770.343750
102     -367699.125000
103     -371629.312500
104     -375572.250000
105     -379524.843750
106     -383481.812500
107     -387446.812500
108     -391422.656250
109     -395397.875000
110     -399388.562500
111     -403382.437500
112     -407384.843750
113     -411392.906250
114     -415418.250000
115     -419441.250000
116     -423469.281250
117     -427511.593750
118     -431560.312500
119     -435615.875000
120     -439678.562500
121     -443746.312500
122     -447822.187500
123     -451903.218750
124     -455994.281250
125     -460088.937500
126     -464192.562500
127     -468302.000000
128     -472420.156250
129     -476543.281250
130     -480671.781250
131     -484807.093750
132     -488951.125000
133     -493095.812500
134     -497251.312500
135     -501415.562500
136     -505577.968750
137     -509755.375000
138     -513930.281250
139     -518114.093750
140     -522302.468750
141     -526497.375000
142     -530695.250000
143     -534904.000000
144     -539111.250000
145     -543330.250000
146     -547548.187500
147     -551774.375000
148     -556004.312500
149     -560236.812500
150     -564476.875000
151     -568719.500000
152     -572965.750000
153     -577223.312500
154     -581475.625000
155     -585738.625000
156     -589998.125000
157     -594265.937500
158     -598541.375000
159     -602814.375000
160     -607096.375000
161     -611374.625000
162     -615655.625000
163     -619946.000000
164     -624237.500000
165     -628531.312500
166     -632821.187500
167     -637123.750000
168     -641423.812500
169     -645727.000000
170     -650033.062500
171     -654343.937500
172     -658645.750000
173     -662962.062500
174     -667273.625000
175     -671582.875000
176     -675903.250000
177     -680218.625000
178     -684539.125000
179     -688857.562500
180     -693174.750000
181     -697500.875000
182     -701823.437500
183     -706139.687500
184     -710465.125000
185     -714787.812500
186     -719112.312500
187     -723431.625000
188     -727751.687500
189     -732079.687500
190     -736399.937500
191     -740721.687500
192     -745043.250000
193     -749357.125000
194     -753679.750000
195     -757996.187500
196     -762315.000000
197     -766629.625000
198     -770942.312500
199     -775249.625000
200     -779563.187500
201     -783870.250000
202     -788176.812500
203     -792482.375000
204     -796783.375000
205     -801088.750000
206     -805386.500000
207     -809678.437500
208     -813970.125000
209     -818258.812500
210     -822546.875000
211     -826828.750000
212     -831105.562500
213     -835383.375000
214     -839662.125000
215     -843935.250000
216     -848194.687500
217     -852454.187500
218     -856713.625000
219     -860970.687500
220     -865226.125000
221     -869462.750000
222     -873705.125000
223     -877945.250000
224     -882170.625000
225     -886402.500000
226     -890624.125000
227     -894839.625000
228     -899056.375000
229     -903266.375000
230     -907456.687500
231     -911653.750000
232     -915849.625000
233     -920035.125000
234     -924214.875000
235     -928389.937500
236     -932556.125000
237     -936722.375000
238     -940868.125000
239     -945016.500000
240     -949161.562500
241     -953298.500000
242     -957429.875000
243     -961553.500000
244     -965668.437500
245     -969772.250000
246     -973879.375000
247     -977971.500000
248     -982059.187500
249     -986140.937500
250     -990214.875000
251     -994278.125000
252     -998330.437500
253     -1002381.187500
254     -1006429.812500
255     -1010457.937500
256     -1014488.000000
257     -1018508.125000
258     -1022512.250000
259     -1026517.437500
260     -1030504.875000
261     -1034490.812500
262     -1038467.000000
263     -1042432.312500
264     -1046394.500000
265     -1050342.875000
266     -1054280.625000
267     -1058216.375000
268     -1062142.000000
269     -1066052.500000
270     -1069957.750000
271     -1073857.000000
272     -1077749.000000
273     -1081621.750000
274     -1085488.000000
275     -1089350.750000
276     -1093196.125000
277     -1097034.250000
278     -1100867.875000
279     -1104688.500000
280     -1108495.000000
281     -1112294.000000
282     -1116093.250000
283     -1119871.250000
284     -1123640.250000
285     -1127395.125000
286     -1131151.500000
287     -1134885.250000
288     -1138617.500000
289     -1142331.250000
290     -1146038.750000
291     -1149733.750000
292     -1153425.250000
293     -1157099.500000
294     -1160763.875000
295     -1164418.000000
296     -1168064.500000
297     -1171693.750000
298     -1175319.750000
299     -1178926.875000
300     -1182529.750000
301     -1186118.375000
302     -1189691.000000
303     -1193264.250000
304     -1196815.000000
305     -1200358.125000
306     -1203896.125000
307     -1207413.625000
308     -1210926.250000
309     -1214420.000000
310     -1217910.250000
311     -1221376.125000
312     -1224846.625000
313     -1228288.875000
314     -1231735.250000
315     -1235162.500000
316     -1238574.500000
317     -1241982.000000
318     -1245367.375000
319     -1248751.500000
320     -1252119.000000
321     -1255477.250000
322     -1258819.750000
323     -1262153.375000
324     -1265470.500000
325     -1268782.125000
326     -1272078.625000
327     -1275363.500000
328     -1278631.375000
329     -1281889.000000
330     -1285144.250000
331     -1288380.250000
332     -1291602.625000
333     -1294811.875000
334     -1298012.500000
335     -1301194.125000
336     -1304364.750000
337     -1307525.250000
338     -1310677.125000
339     -1313809.750000
340     -1316930.500000
341     -1320042.375000
342     -1323138.500000
343     -1326225.250000
344     -1329305.500000
345     -1332358.750000
346     -1335410.125000
347     -1338446.125000
348     -1341470.000000
349     -1344480.750000
350     -1347478.750000
351     -1350465.750000
352     -1353436.875000
353     -1356400.250000
354     -1359345.500000
355     -1362281.250000
356     -1365202.500000
357     -1368111.250000
358     -1371009.625000
359     -1373888.000000
360     -1376761.750000
361     -1379609.625000
362     -1382455.500000
363     -1385289.375000
364     -1388107.625000
365     -1390915.750000
366     -1393707.000000
367     -1396486.625000
368     -1399261.000000
369     -1402010.625000
370     -1404752.875000
371     -1407479.875000
372     -1410205.750000
373     -1412906.250000
374     -1415599.250000
375     -1418276.125000
376     -1420941.875000
377     -1423596.875000
378     -1426237.500000
379     -1428863.250000
380     -1431482.500000
381     -1434083.000000
382     -1436668.375000
383     -1439245.000000
384     -1441806.000000
385     -1444351.500000
386     -1446888.250000
387     -1449417.750000
388     -1451919.250000
389     -1454417.000000
390     -1456903.000000
391     -1459372.750000
392     -1461828.000000
393     -1464277.500000
394     -1466710.750000
395     -1469131.500000
396     -1471533.000000
397     -1473929.500000
398     -1476310.750000
399     -1478685.625000
400     -1481034.750000
401     -1483380.500000
402     -1485711.000000
403     -1488024.750000
404     -1490329.500000
405     -1492619.750000
406     -1494900.125000
407     -1497158.250000
408     -1499412.875000
409     -1501650.375000
410     -1503874.750000
411     -1506090.000000
412     -1508292.375000
413     -1510475.250000
414     -1512646.625000
415     -1514809.500000
416     -1516951.875000
417     -1519090.375000
418     -1521214.375000
419     -1523321.750000
420     -1525412.875000
421     -1527495.750000
422     -1529563.500000
423     -1531627.875000
424     -1533674.375000
425     -1535707.000000
426     -1537726.000000
427     -1539735.500000
428     -1541732.500000
429     -1543718.750000
430     -1545693.500000
431     -1547656.000000
432     -1549606.500000
433     -1551550.000000
434     -1553466.750000
435     -1555382.625000
436     -1557290.000000
437     -1559174.750000
438     -1561054.375000
439     -1562923.500000
440     -1564780.750000
441     -1566619.500000
442     -1568455.500000
443     -1570274.750000
444     -1572079.500000
445     -1573869.125000
446     -1575659.375000
447     -1577432.000000
448     -1579189.500000
449     -1580941.875000
450     -1582682.000000
451     -1584401.750000
452     -1586118.500000
453     -1587822.750000
454     -1589508.500000
455     -1591187.250000
456     -1592860.750000
457     -1594516.750000
458     -1596165.500000
459     -1597801.250000
460     -1599424.000000
461     -1601037.125000
462     -1602638.625000
463     -1604232.125000
464     -1605806.000000
465     -1607378.500000
466     -1608936.500000
467     -1610474.250000
468     -1612009.750000
469     -1613537.250000
470     -1615044.625000
471     -1616546.375000
472     -1618031.000000
473     -1619511.500000
474     -1620981.125000
475     -1622434.625000
476     -1623882.750000
477     -1625314.375000
478     -1626742.250000
479     -1628160.750000
480     -1629553.750000
481     -1630942.000000
482     -1632324.750000
483     -1633692.875000
484     -1635050.000000
485     -1636399.000000
486     -1637734.000000
487     -1639061.375000
488     -1640380.500000
489     -1641686.250000
490     -1642983.250000
491     -1644271.625000
492     -1645556.000000
493     -1646819.250000
494     -1648080.000000
495     -1649326.750000
496     -1650561.750000
497     -1651787.875000
498     -1653012.250000
499     -1654223.000000
500     -1655419.750000
501     -1656613.500000
502     -1657800.250000
503     -1658968.750000
504     -1660131.250000
505     -1661287.000000
506     -1662431.625000
507     -1663567.250000
508     -1664695.250000
509     -1665812.375000
510     -1666921.250000
511     -1668022.750000
512     -1669113.250000
513     -1670202.500000
514     -1671269.750000
515     -1672334.625000
516     -1673401.125000
517     -1674448.250000
518     -1675488.500000
519     -1676525.500000
520     -1677553.000000
521     -1678572.000000
522     -1679578.500000
523     -1680581.250000
524     -1681574.500000
