Step            Loss
--------------------
1         332.734985
2       -3075.082031
3       -6489.006836
4       -9903.580078
5       -13314.607422
6       -16730.169922
7       -20140.882812
8       -23554.281250
9       -26968.429688
10      -30383.457031
11      -33794.414062
12      -37212.941406
13      -40626.011719
14      -44041.593750
15      -47463.000000
16      -50879.277344
17      -54297.898438
18      -57720.812500
19      -61140.066406
20      -64563.804688
21      -67990.007812
22      -71415.125000
23      -74844.437500
24      -78273.859375
25      -81709.265625
26      -85139.125000
27      -88576.281250
28      -92019.242188
29      -95460.906250
30      -98904.445312
31      -102352.289062
32      -105804.585938
33      -109257.523438
34      -112717.335938
35      -116178.562500
36      -119640.523438
37      -123111.187500
38      -126581.210938
39      -130058.609375
40      -133540.343750
41      -137028.328125
42      -140516.500000
43      -144009.328125
44      -147507.062500
45      -151011.375000
46      -154519.562500
47      -158033.171875
48      -161551.171875
49      -165075.437500
50      -168608.250000
51      -172142.687500
52      -175682.781250
53      -179226.218750
54      -182782.421875
55      -186343.937500
56      -189903.062500
57      -193475.281250
58      -197053.765625
59      -200636.203125
60      -204227.406250
61      -207821.250000
62      -211422.828125
63      -215030.203125
64      -218649.625000
65      -222271.062500
66      -225901.125000
67      -229540.046875
68      -233184.859375
69      -236833.109375
70      -240497.093750
71      -244162.875000
72      -247833.156250
73      -251513.281250
74      -255201.437500
75      -258899.109375
76      -262599.375000
77      -266312.125000
78      -270032.250000
79      -273756.843750
80      -277489.125000
81      -281233.906250
82      -284980.218750
83      -288739.437500
84      -292502.437500
85      -296279.125000
86      -300062.187500
87      -303845.937500
88      -307642.062500
89      -311451.375000
90      -315263.937500
91      -319083.312500
92      -322911.312500
93      -326748.500000
94      -330590.812500
95      -334444.625000
96      -338309.843750
97      -342176.406250
98      -346054.562500
99      -349937.062500
100     -353828.187500
101     -357731.125000
102     -361643.250000
103     -365557.687500
104     -369481.250000
105     -373414.750000
106     -377354.531250
107     -381300.500000
108     -385255.812500
109     -389220.875000
110     -393193.218750
111     -397170.031250
112     -401158.593750
113     -405150.437500
114     -409149.875000
115     -413159.750000
116     -417175.437500
117     -421198.562500
118     -425232.031250
119     -429275.031250
120     -433316.093750
121     -437368.437500
122     -441429.031250
123     -445496.125000
124     -449567.843750
125     -453650.968750
126     -457736.750000
127     -461831.968750
128     -465933.281250
129     -470041.593750
130     -474155.562500
131     -478275.187500
132     -482401.187500
133     -486531.437500
134     -490673.125000
135     -494821.125000
136     -498971.937500
137     -503130.718750
138     -507294.937500
139     -511460.218750
140     -515638.875000
141     -519814.625000
142     -524004.000000
143     -528188.125000
144     -532389.812500
145     -536587.250000
146     -540794.250000
147     -545006.500000
148     -549223.000000
149     -553445.500000
150     -557670.687500
151     -561897.437500
152     -566136.125000
153     -570372.875000
154     -574614.937500
155     -578862.562500
156     -583113.250000
157     -587368.500000
158     -591630.375000
159     -595893.875000
160     -600160.625000
161     -604433.375000
162     -608699.750000
163     -612980.375000
164     -617256.937500
165     -621536.562500
166     -625822.125000
167     -630110.000000
168     -634397.687500
169     -638695.812500
170     -642990.375000
171     -647284.875000
172     -651583.250000
173     -655885.875000
174     -660189.375000
175     -664493.750000
176     -668798.562500
177     -673103.812500
178     -677412.250000
179     -681722.750000
180     -686032.750000
181     -690347.000000
182     -694660.125000
183     -698973.812500
184     -703286.312500
185     -707605.125000
186     -711914.625000
187     -716231.500000
188     -720547.500000
189     -724860.500000
190     -729177.000000
191     -733489.937500
192     -737806.562500
193     -742120.250000
194     -746433.500000
195     -750741.000000
196     -755053.625000
197     -759365.375000
198     -763676.750000
199     -767976.250000
200     -772281.125000
201     -776590.625000
202     -780890.500000
203     -785188.250000
204     -789491.125000
205     -793789.250000
206     -798084.750000
207     -802373.187500
208     -806663.750000
209     -810950.062500
210     -815238.750000
211     -819515.875000
212     -823790.750000
213     -828067.937500
214     -832342.000000
215     -836606.187500
216     -840870.000000
217     -845132.500000
218     -849391.812500
219     -853647.000000
220     -857893.000000
221     -862143.562500
222     -866381.500000
223     -870620.500000
224     -874849.312500
225     -879083.937500
226     -883307.937500
227     -887527.187500
228     -891736.000000
229     -895943.125000
230     -900151.375000
231     -904348.375000
232     -908548.000000
233     -912728.437500
234     -916912.000000
235     -921091.000000
236     -925260.375000
237     -929425.562500
238     -933583.875000
239     -937731.375000
240     -941876.750000
241     -946022.312500
242     -950155.375000
243     -954280.750000
244     -958401.187500
245     -962510.875000
246     -966616.125000
247     -970717.500000
248     -974818.625000
249     -978894.375000
250     -982977.750000
251     -987049.500000
252     -991113.875000
253     -995167.875000
254     -999212.937500
255     -1003258.250000
256     -1007287.875000
257     -1011309.375000
258     -1015330.125000
259     -1019335.500000
260     -1023337.625000
261     -1027327.625000
262     -1031305.750000
263     -1035286.812500
264     -1039247.312500
265     -1043209.125000
266     -1047160.250000
267     -1051097.375000
268     -1055021.500000
269     -1058953.625000
270     -1062860.500000
271     -1066775.750000
272     -1070659.000000
273     -1074545.500000
274     -1078414.000000
275     -1082284.625000
276     -1086149.375000
277     -1089994.250000
278     -1093831.750000
279     -1097659.250000
280     -1101477.125000
281     -1105291.375000
282     -1109081.375000
283     -1112869.250000
284     -1116652.500000
285     -1120424.750000
286     -1124179.375000
287     -1127926.625000
288     -1131662.250000
289     -1135389.000000
290     -1139105.750000
291     -1142807.125000
292     -1146503.500000
293     -1150191.375000
294     -1153871.250000
295     -1157533.750000
296     -1161185.375000
297     -1164825.500000
298     -1168459.000000
299     -1172077.500000
300     -1175688.000000
301     -1179279.125000
302     -1182859.625000
303     -1186446.500000
304     -1190006.250000
305     -1193551.250000
306     -1197098.250000
307     -1200617.250000
308     -1204135.500000
309     -1207644.000000
310     -1211131.875000
311     -1214621.000000
312     -1218093.500000
313     -1221550.500000
314     -1224995.750000
315     -1228438.375000
316     -1231857.625000
317     -1235268.000000
318     -1238671.125000
319     -1242063.250000
320     -1245437.000000
321     -1248805.375000
322     -1252154.500000
323     -1255494.500000
324     -1258825.625000
325     -1262136.250000
326     -1265444.250000
327     -1268729.875000
328     -1272013.500000
329     -1275284.500000
330     -1278530.000000
331     -1281772.750000
332     -1285001.250000
333     -1288214.375000
334     -1291420.125000
335     -1294604.875000
336     -1297789.000000
337     -1300954.375000
338     -1304113.625000
339     -1307254.125000
340     -1310384.500000
341     -1313497.000000
342     -1316598.125000
343     -1319689.750000
344     -1322759.500000
345     -1325828.000000
346     -1328886.000000
347     -1331924.750000
348     -1334952.875000
349     -1337972.000000
350     -1340970.250000
351     -1343963.750000
352     -1346940.000000
353     -1349903.000000
354     -1352857.000000
355     -1355800.625000
356     -1358722.500000
357     -1361638.250000
358     -1364537.375000
359     -1367424.250000
360     -1370305.625000
361     -1373163.750000
362     -1376011.000000
363     -1378849.125000
364     -1381670.375000
365     -1384481.375000
366     -1387283.875000
367     -1390070.500000
368     -1392838.000000
369     -1395594.250000
370     -1398345.375000
371     -1401080.000000
372     -1403797.000000
373     -1406505.500000
374     -1409195.375000
375     -1411872.125000
376     -1414547.125000
377     -1417193.500000
378     -1419840.500000
379     -1422466.750000
380     -1425075.500000
381     -1427679.125000
382     -1430267.000000
383     -1432829.250000
384     -1435385.875000
385     -1437938.000000
386     -1440480.750000
387     -1442998.500000
388     -1445509.625000
389     -1448003.250000
390     -1450483.250000
391     -1452956.250000
392     -1455409.875000
393     -1457845.250000
394     -1460281.750000
395     -1462698.375000
396     -1465103.250000
397     -1467493.750000
398     -1469877.500000
399     -1472247.125000
400     -1474600.250000
401     -1476947.125000
402     -1479277.250000
403     -1481590.125000
404     -1483895.250000
405     -1486185.500000
406     -1488463.000000
407     -1490731.875000
408     -1492988.375000
409     -1495235.000000
410     -1497468.375000
411     -1499681.375000
412     -1501884.125000
413     -1504077.500000
414     -1506257.250000
415     -1508428.000000
416     -1510581.250000
417     -1512732.625000
418     -1514866.500000
419     -1516984.500000
420     -1519090.250000
421     -1521186.000000
422     -1523274.625000
423     -1525336.250000
424     -1527394.500000
425     -1529440.250000
426     -1531474.375000
427     -1533499.625000
428     -1535507.000000
429     -1537500.625000
430     -1539482.375000
431     -1541455.500000
432     -1543415.000000
433     -1545357.000000
434     -1547292.750000
435     -1549214.250000
436     -1551122.875000
437     -1553018.875000
438     -1554905.000000
439     -1556777.750000
440     -1558637.250000
441     -1560482.500000
442     -1562320.875000
443     -1564150.750000
444     -1565961.125000
445     -1567761.500000
446     -1569559.000000
447     -1571331.625000
448     -1573095.250000
449     -1574852.500000
450     -1576595.750000
451     -1578326.750000
452     -1580045.000000
453     -1581755.250000
454     -1583452.000000
455     -1585133.000000
456     -1586802.625000
457     -1588474.000000
458     -1590119.625000
459     -1591769.125000
460     -1593400.750000
461     -1595012.500000
462     -1596623.625000
463     -1598219.500000
464     -1599806.000000
465     -1601373.250000
466     -1602939.750000
467     -1604493.625000
468     -1606035.750000
469     -1607567.250000
470     -1609089.750000
471     -1610600.750000
472     -1612102.000000
473     -1613589.750000
474     -1615070.000000
475     -1616537.375000
476     -1617995.500000
477     -1619442.875000
478     -1620879.750000
479     -1622304.250000
480     -1623717.750000
481     -1625125.750000
482     -1626518.625000
483     -1627904.500000
484     -1629279.250000
485     -1630644.750000
486     -1632001.000000
487     -1633343.125000
488     -1634673.500000
489     -1635997.250000
490     -1637311.000000
491     -1638616.750000
492     -1639908.750000
493     -1641194.375000
494     -1642467.250000
495     -1643727.375000
496     -1644983.625000
497     -1646227.375000
498     -1647462.875000
499     -1648683.000000
500     -1649902.125000
501     -1651103.500000
502     -1652300.750000
503     -1653487.750000
504     -1654669.250000
505     -1655836.375000
506     -1656995.125000
507     -1658148.875000
508     -1659293.625000
509     -1660428.750000
510     -1661546.625000
511     -1662661.250000
512     -1663769.875000
513     -1664869.000000
514     -1665953.750000
515     -1667029.500000
516     -1668106.750000
517     -1669171.000000
518     -1670223.625000
519     -1671266.875000
520     -1672297.500000
521     -1673329.750000
522     -1674349.625000
523     -1675355.500000
524     -1676351.625000
525     -1677348.125000
