Step            Loss
--------------------
1       -7249.146973
2       -10644.997070
3       -14040.602539
4       -17432.599609
5       -20825.947266
6       -24220.429688
7       -27616.882812
8       -31011.126953
9       -34408.070312
10      -37804.757812
11      -41197.882812
12      -44591.269531
13      -47993.421875
14      -51390.171875
15      -54793.453125
16      -58190.484375
17      -61592.558594
18      -64995.148438
19      -68400.656250
20      -71801.445312
21      -75209.476562
22      -78620.203125
23      -82029.312500
24      -85445.226562
25      -88858.367188
26      -92275.812500
27      -95694.812500
28      -99119.585938
29      -102541.500000
30      -105972.468750
31      -109398.546875
32      -112831.984375
33      -116270.101562
34      -119707.695312
35      -123153.015625
36      -126595.437500
37      -130049.664062
38      -133500.250000
39      -136962.281250
40      -140423.406250
41      -143886.062500
42      -147360.484375
43      -150832.718750
44      -154314.859375
45      -157803.218750
46      -161291.468750
47      -164779.031250
48      -168284.953125
49      -171788.000000
50      -175297.609375
51      -178813.578125
52      -182332.953125
53      -185862.406250
54      -189392.312500
55      -192933.687500
56      -196472.906250
57      -200027.062500
58      -203581.281250
59      -207148.437500
60      -210716.312500
61      -214292.859375
62      -217869.578125
63      -221462.515625
64      -225055.218750
65      -228658.250000
66      -232267.437500
67      -235880.250000
68      -239506.750000
69      -243135.093750
70      -246771.343750
71      -250414.500000
72      -254068.109375
73      -257727.781250
74      -261389.750000
75      -265059.812500
76      -268743.437500
77      -272433.562500
78      -276126.468750
79      -279830.750000
80      -283544.375000
81      -287256.093750
82      -290983.125000
83      -294716.562500
84      -298457.906250
85      -302207.312500
86      -305966.125000
87      -309723.187500
88      -313502.625000
89      -317279.187500
90      -321067.875000
91      -324868.031250
92      -328668.656250
93      -332480.562500
94      -336300.937500
95      -340125.562500
96      -343962.937500
97      -347801.500000
98      -351655.500000
99      -355510.937500
100     -359376.750000
101     -363256.500000
102     -367134.750000
103     -371022.562500
104     -374919.125000
105     -378825.250000
106     -382737.312500
107     -386659.062500
108     -390585.187500
109     -394517.531250
110     -398463.906250
111     -402411.031250
112     -406369.281250
113     -410332.781250
114     -414308.750000
115     -418287.406250
116     -422273.687500
117     -426264.312500
118     -430268.187500
119     -434279.125000
120     -438291.687500
121     -442318.312500
122     -446346.375000
123     -450381.187500
124     -454426.875000
125     -458473.843750
126     -462532.437500
127     -466599.937500
128     -470669.093750
129     -474743.062500
130     -478829.562500
131     -482915.500000
132     -487012.625000
133     -491114.031250
134     -495219.218750
135     -499336.437500
136     -503460.750000
137     -507583.125000
138     -511714.531250
139     -515849.593750
140     -519995.156250
141     -524140.812500
142     -528294.500000
143     -532457.812500
144     -536619.750000
145     -540789.125000
146     -544964.375000
147     -549142.625000
148     -553324.750000
149     -557516.500000
150     -561712.000000
151     -565908.125000
152     -570110.187500
153     -574323.000000
154     -578529.750000
155     -582747.750000
156     -586966.625000
157     -591189.000000
158     -595414.375000
159     -599645.625000
160     -603881.687500
161     -608119.062500
162     -612357.375000
163     -616605.750000
164     -620853.375000
165     -625096.750000
166     -629354.500000
167     -633608.562500
168     -637870.125000
169     -642129.250000
170     -646392.312500
171     -650654.750000
172     -654924.500000
173     -659187.687500
174     -663466.687500
175     -667734.875000
176     -672005.750000
177     -676282.750000
178     -680556.937500
179     -684836.625000
180     -689116.625000
181     -693398.375000
182     -697676.812500
183     -701960.625000
184     -706236.375000
185     -710522.000000
186     -714808.500000
187     -719092.500000
188     -723374.750000
189     -727657.125000
190     -731938.312500
191     -736220.937500
192     -740505.250000
193     -744788.250000
194     -749071.812500
195     -753348.875000
196     -757626.750000
197     -761904.625000
198     -766179.812500
199     -770458.375000
200     -774728.375000
201     -779008.375000
202     -783282.625000
203     -787547.375000
204     -791815.250000
205     -796083.625000
206     -800348.750000
207     -804604.562500
208     -808860.500000
209     -813116.750000
210     -817372.125000
211     -821621.562500
212     -825867.125000
213     -830109.000000
214     -834347.500000
215     -838585.062500
216     -842816.500000
217     -847048.937500
218     -851277.250000
219     -855499.750000
220     -859717.625000
221     -863930.812500
222     -868140.375000
223     -872346.750000
224     -876547.000000
225     -880745.625000
226     -884937.125000
227     -889122.312500
228     -893303.687500
229     -897488.062500
230     -901658.875000
231     -905829.125000
232     -909987.812500
233     -914142.187500
234     -918292.125000
235     -922445.937500
236     -926587.625000
237     -930715.750000
238     -934842.250000
239     -938969.750000
240     -943085.625000
241     -947188.750000
242     -951291.875000
243     -955391.375000
244     -959478.125000
245     -963563.062500
246     -967634.812500
247     -971704.062500
248     -975770.875000
249     -979825.125000
250     -983870.875000
251     -987915.875000
252     -991950.250000
253     -995980.062500
254     -999998.375000
255     -1004008.250000
256     -1008014.875000
257     -1012009.125000
258     -1016001.375000
259     -1019982.500000
260     -1023954.125000
261     -1027916.375000
262     -1031875.875000
263     -1035821.500000
264     -1039768.750000
265     -1043700.375000
266     -1047615.375000
267     -1051527.750000
268     -1055440.000000
269     -1059336.000000
270     -1063220.000000
271     -1067103.500000
272     -1070969.500000
273     -1074832.000000
274     -1078684.750000
275     -1082525.000000
276     -1086357.750000
277     -1090182.625000
278     -1094000.500000
279     -1097801.125000
280     -1101594.750000
281     -1105381.000000
282     -1109153.750000
283     -1112923.500000
284     -1116672.875000
285     -1120418.125000
286     -1124162.000000
287     -1127884.375000
288     -1131601.250000
289     -1135307.500000
290     -1138996.000000
291     -1142679.750000
292     -1146357.500000
293     -1150023.500000
294     -1153675.500000
295     -1157315.875000
296     -1160950.500000
297     -1164576.375000
298     -1168187.375000
299     -1171788.250000
300     -1175376.000000
301     -1178957.625000
302     -1182523.125000
303     -1186080.000000
304     -1189628.750000
305     -1193162.875000
306     -1196688.500000
307     -1200202.625000
308     -1203706.375000
309     -1207194.750000
310     -1210676.625000
311     -1214146.500000
312     -1217605.750000
313     -1221047.250000
314     -1224483.500000
315     -1227903.000000
316     -1231316.000000
317     -1234714.750000
318     -1238104.250000
319     -1241478.500000
320     -1244847.000000
321     -1248202.875000
322     -1251542.000000
323     -1254867.250000
324     -1258179.375000
325     -1261490.125000
326     -1264783.000000
327     -1268057.000000
328     -1271323.375000
329     -1274589.375000
330     -1277831.625000
331     -1281065.750000
332     -1284286.750000
333     -1287492.750000
334     -1290687.500000
335     -1293877.375000
336     -1297045.500000
337     -1300208.000000
338     -1303353.000000
339     -1306486.750000
340     -1309615.500000
341     -1312728.750000
342     -1315821.000000
343     -1318910.750000
344     -1321974.500000
345     -1325035.375000
346     -1328084.375000
347     -1331115.000000
348     -1334141.625000
349     -1337152.250000
350     -1340148.500000
351     -1343133.625000
352     -1346098.750000
353     -1349067.500000
354     -1352010.500000
355     -1354948.250000
356     -1357873.000000
357     -1360778.000000
358     -1363676.500000
359     -1366555.500000
360     -1369425.250000
361     -1372291.000000
362     -1375134.125000
363     -1377964.750000
364     -1380787.250000
365     -1383597.125000
366     -1386388.250000
367     -1389171.750000
368     -1391942.500000
369     -1394694.750000
370     -1397442.750000
371     -1400177.000000
372     -1402896.250000
373     -1405601.125000
374     -1408303.500000
375     -1410985.125000
376     -1413656.625000
377     -1416307.250000
378     -1418953.875000
379     -1421590.875000
380     -1424208.000000
381     -1426811.125000
382     -1429406.500000
383     -1431989.000000
384     -1434562.250000
385     -1437115.375000
386     -1439660.000000
387     -1442196.750000
388     -1444718.000000
389     -1447220.500000
390     -1449713.250000
391     -1452195.750000
392     -1454665.750000
393     -1457123.500000
394     -1459563.375000
395     -1461997.250000
396     -1464413.125000
397     -1466821.250000
398     -1469210.750000
399     -1471583.500000
400     -1473948.500000
401     -1476304.500000
402     -1478649.250000
403     -1480973.375000
404     -1483281.375000
405     -1485585.750000
406     -1487877.000000
407     -1490152.000000
408     -1492413.500000
409     -1494665.250000
410     -1496904.375000
411     -1499130.625000
412     -1501348.500000
413     -1503540.250000
414     -1505731.125000
415     -1507902.750000
416     -1510067.875000
417     -1512216.000000
418     -1514355.375000
419     -1516482.625000
420     -1518595.625000
421     -1520705.500000
422     -1522793.500000
423     -1524873.500000
424     -1526935.000000
425     -1528988.125000
426     -1531032.250000
427     -1533060.875000
428     -1535081.500000
429     -1537073.750000
430     -1539064.250000
431     -1541051.125000
432     -1543019.625000
433     -1544976.000000
434     -1546917.625000
435     -1548852.750000
436     -1550767.500000
437     -1552682.500000
438     -1554577.875000
439     -1556459.250000
440     -1558332.500000
441     -1560193.375000
442     -1562048.125000
443     -1563874.125000
444     -1565702.625000
445     -1567520.375000
446     -1569321.500000
447     -1571112.750000
448     -1572888.375000
449     -1574646.375000
450     -1576410.500000
451     -1578151.750000
452     -1579880.125000
453     -1581599.000000
454     -1583297.750000
455     -1585001.750000
456     -1586685.000000
457     -1588358.250000
458     -1590021.500000
459     -1591669.375000
460     -1593309.000000
461     -1594948.250000
462     -1596572.375000
463     -1598178.125000
464     -1599773.625000
465     -1601359.375000
466     -1602942.250000
467     -1604508.750000
468     -1606066.750000
469     -1607614.750000
470     -1609154.500000
471     -1610676.375000
472     -1612195.375000
473     -1613698.000000
474     -1615188.625000
475     -1616672.000000
476     -1618145.250000
477     -1619603.750000
478     -1621058.000000
479     -1622494.625000
480     -1623922.875000
481     -1625348.125000
482     -1626756.125000
483     -1628159.500000
484     -1629548.500000
485     -1630932.375000
486     -1632301.750000
487     -1633660.250000
488     -1635007.750000
489     -1636345.750000
490     -1637676.250000
491     -1638996.625000
492     -1640308.000000
493     -1641609.750000
494     -1642903.000000
495     -1644187.750000
496     -1645463.250000
497     -1646726.250000
498     -1647977.375000
499     -1649223.500000
500     -1650462.000000
501     -1651689.250000
502     -1652905.625000
503     -1654114.750000
504     -1655315.875000
505     -1656506.000000
506     -1657684.125000
507     -1658849.500000
508     -1660018.875000
509     -1661176.125000
510     -1662317.250000
511     -1663456.750000
512     -1664579.250000
513     -1665701.750000
514     -1666812.500000
515     -1667909.500000
516     -1668998.625000
517     -1670078.250000
518     -1671155.875000
519     -1672223.750000
520     -1673271.000000
521     -1674321.250000
522     -1675356.875000
523     -1676390.500000
524     -1677409.875000
525     -1678422.000000
526     -1679427.875000
