Step            Loss
--------------------
1        -628.763245
2        -657.015991
3        -685.278931
4        -713.552917
5        -741.838379
6        -770.135498
7        -798.445007
8        -826.767456
9        -855.103271
10       -883.453491
11       -911.818970
12       -940.200562
13       -968.598755
14       -997.015076
15      -1025.450317
16      -1053.905396
17      -1082.381592
18      -1110.879883
19      -1139.401367
20      -1167.947388
21      -1196.518799
22      -1225.117188
23      -1253.743408
24      -1282.398560
25      -1311.084229
26      -1339.801514
27      -1368.551758
28      -1397.336426
29      -1426.156616
30      -1455.013672
31      -1483.909180
32      -1512.844238
33      -1541.820435
34      -1570.838623
35      -1599.901001
36      -1629.008301
37      -1658.161987
38      -1687.363159
39      -1716.613037
40      -1745.912964
41      -1775.263916
42      -1804.667236
43      -1834.123779
44      -1863.635376
45      -1893.202148
46      -1922.825439
47      -1952.506592
48      -1982.245850
49      -2012.045166
50      -2041.904541
51      -2071.825439
52      -2101.808594
53      -2131.854736
54      -2161.964844
55      -2192.139648
56      -2222.379883
57      -2252.686279
58      -2283.059570
59      -2313.500488
60      -2344.010010
61      -2374.587891
62      -2405.235596
63      -2435.953613
64      -2466.741943
65      -2497.601807
66      -2528.533203
67      -2559.536865
68      -2590.613281
69      -2621.762939
70      -2652.985840
71      -2684.282715
72      -2715.654053
73      -2747.100098
74      -2778.620850
75      -2810.217041
76      -2841.888672
77      -2873.636230
78      -2905.459961
79      -2937.359863
80      -2969.336182
81      -3001.388672
82      -3033.518555
83      -3065.724854
84      -3098.008057
85      -3130.368408
86      -3162.805664
87      -3195.319824
88      -3227.911377
89      -3260.580078
90      -3293.325684
91      -3326.147949
92      -3359.047119
93      -3392.022949
94      -3425.075195
95      -3458.204102
96      -3491.409668
97      -3524.690430
98      -3558.047363
99      -3591.480225
100     -3624.988037
101     -3658.570801
102     -3692.228516
103     -3725.960449
104     -3759.766113
105     -3793.645996
106     -3827.599121
107     -3861.624756
108     -3895.722656
109     -3929.893311
110     -3964.134766
111     -3998.447754
112     -4032.831055
113     -4067.284668
114     -4101.807617
115     -4136.398926
116     -4171.059570
117     -4205.787109
118     -4240.582031
119     -4275.443359
120     -4310.371094
121     -4345.364258
122     -4380.420898
123     -4415.541504
124     -4450.725586
125     -4485.971680
126     -4521.279785
127     -4556.648438
128     -4592.077148
129     -4627.565430
130     -4663.111328
131     -4698.715820
132     -4734.376953
133     -4770.093262
134     -4805.865234
135     -4841.691406
136     -4877.570312
137     -4913.501953
138     -4949.484375
139     -4985.517578
140     -5021.601074
141     -5057.732422
142     -5093.911133
143     -5130.136719
144     -5166.408203
145     -5202.723633
146     -5239.083984
147     -5275.485352
148     -5311.928711
149     -5348.412109
150     -5384.936035
151     -5421.497070
152     -5458.096191
153     -5494.730957
154     -5531.401367
155     -5568.105469
156     -5604.842285
157     -5641.611328
158     -5678.410156
159     -5715.239258
160     -5752.096680
161     -5788.981445
162     -5825.891602
163     -5862.828125
164     -5899.787109
165     -5936.769531
166     -5973.773926
167     -6010.797852
168     -6047.841797
169     -6084.903320
170     -6121.981934
171     -6159.076172
172     -6196.185059
173     -6233.307129
174     -6270.441406
175     -6307.586914
176     -6344.742676
177     -6381.906250
178     -6419.078125
179     -6456.255859
180     -6493.439453
181     -6530.626953
182     -6567.816406
183     -6605.008789
184     -6642.200195
185     -6679.392578
186     -6716.573730
187     -6753.744629
188     -6790.912109
189     -6828.073242
190     -6865.228516
191     -6902.375977
192     -6939.515137
193     -6976.643555
194     -7013.761230
195     -7050.866699
196     -7087.958984
197     -7125.036621
198     -7162.098633
199     -7199.132812
200     -7236.147461
201     -7273.128906
202     -7310.086914
203     -7347.023926
204     -7383.938965
205     -7420.831055
206     -7457.697754
207     -7494.539551
208     -7531.354492
209     -7568.141602
210     -7604.900391
211     -7641.630371
212     -7678.317383
213     -7714.968262
214     -7751.587402
215     -7788.171875
216     -7824.720215
217     -7861.211914
218     -7897.666992
219     -7934.083984
220     -7970.462891
221     -8006.802246
222     -8043.100098
223     -8079.352539
224     -8115.553223
225     -8151.710449
226     -8187.821777
227     -8223.888672
228     -8259.908203
229     -8295.864258
230     -8331.771484
231     -8367.629883
232     -8403.437500
233     -8439.195312
234     -8474.888672
235     -8510.521484
236     -8546.101562
237     -8581.626953
238     -8617.097656
239     -8652.511719
240     -8687.868164
241     -8723.166016
242     -8758.405273
243     -8793.584961
244     -8828.705078
245     -8863.765625
246     -8898.763672
247     -8933.699219
248     -8968.573242
249     -9003.382812
250     -9038.128906
251     -9072.809570
252     -9107.424805
253     -9141.974609
254     -9176.456055
255     -9210.871094
256     -9245.216797
257     -9279.494141
258     -9313.702148
259     -9347.840820
260     -9381.908203
261     -9415.903320
262     -9449.828125
263     -9483.665039
264     -9517.407227
265     -9551.076172
266     -9584.670898
267     -9618.191406
268     -9651.635742
269     -9685.001953
270     -9718.255859
271     -9751.429688
272     -9784.527344
273     -9817.546875
274     -9850.489258
275     -9883.351562
276     -9916.121094
277     -9948.802734
278     -9981.407227
279     -10013.929688
280     -10046.355469
281     -10078.698242
282     -10110.958984
283     -10143.136719
284     -10175.219727
285     -10207.218750
286     -10239.136719
287     -10270.969727
288     -10302.714844
289     -10334.376953
290     -10365.945312
291     -10397.421875
292     -10428.807617
293     -10460.094727
294     -10491.289062
295     -10522.400391
296     -10553.420898
297     -10584.341797
298     -10615.167969
299     -10645.909180
300     -10676.548828
301     -10707.086914
302     -10737.539062
303     -10767.901367
304     -10798.169922
305     -10828.330078
306     -10858.400391
307     -10888.335938
308     -10918.180664
309     -10947.939453
310     -10977.594727
311     -11007.148438
312     -11036.611328
313     -11065.976562
314     -11095.238281
315     -11124.388672
316     -11153.440430
317     -11182.402344
318     -11211.276367
319     -11240.061523
320     -11268.754883
321     -11297.301758
322     -11325.730469
323     -11354.054688
324     -11382.283203
325     -11410.419922
326     -11438.448242
327     -11466.376953
328     -11494.202148
329     -11521.936523
330     -11549.576172
331     -11577.103516
332     -11604.535156
333     -11631.867188
334     -11659.085938
335     -11686.201172
336     -11713.188477
337     -11740.057617
338     -11766.811523
339     -11793.439453
340     -11819.967773
341     -11846.400391
342     -11872.734375
343     -11898.923828
344     -11925.019531
345     -11951.016602
346     -11976.921875
347     -12002.738281
348     -12028.466797
349     -12054.104492
350     -12079.654297
351     -12105.080078
352     -12130.407227
353     -12155.606445
354     -12180.666992
355     -12205.603516
356     -12230.410156
357     -12255.089844
358     -12279.660156
359     -12304.133789
360     -12328.496094
361     -12352.730469
362     -12376.833008
363     -12400.834961
364     -12424.723633
365     -12448.517578
366     -12472.195312
367     -12495.759766
368     -12519.149414
369     -12542.384766
370     -12565.485352
371     -12588.443359
372     -12611.319336
373     -12634.082031
374     -12656.719727
375     -12679.218750
376     -12701.588867
377     -12723.843750
378     -12746.000000
379     -12768.045898
380     -12789.960938
381     -12811.789062
382     -12833.529297
383     -12855.126953
384     -12876.558594
385     -12897.896484
386     -12919.133789
387     -12940.258789
388     -12961.260742
389     -12982.166016
390     -13002.926758
391     -13023.554688
392     -13044.095703
393     -13064.476562
394     -13084.746094
395     -13104.904297
396     -13124.899414
397     -13144.774414
398     -13164.529297
399     -13184.171875
400     -13203.732422
401     -13223.210938
402     -13242.588867
403     -13261.846680
404     -13280.977539
405     -13300.013672
406     -13318.960938
407     -13337.824219
408     -13356.570312
409     -13375.197266
410     -13393.728516
411     -13412.154297
412     -13430.489258
413     -13448.705078
414     -13466.786133
415     -13484.753906
416     -13502.654297
417     -13520.468750
418     -13538.166016
419     -13555.778320
420     -13573.319336
421     -13590.768555
422     -13608.126953
423     -13625.390625
424     -13642.562500
425     -13659.636719
426     -13676.583008
427     -13693.427734
428     -13710.178711
429     -13726.835938
430     -13743.389648
431     -13759.860352
432     -13776.250000
433     -13792.536133
434     -13808.712891
435     -13824.816406
436     -13840.834961
437     -13856.783203
438     -13872.626953
439     -13888.369141
440     -13904.029297
441     -13919.593750
442     -13935.054688
443     -13950.431641
444     -13965.677734
445     -13980.771484
446     -13995.759766
447     -14010.653320
448     -14025.453125
449     -14040.194336
450     -14054.810547
451     -14069.340820
452     -14083.804688
453     -14098.205078
454     -14112.529297
455     -14126.763672
456     -14140.931641
457     -14155.021484
458     -14169.011719
459     -14182.945312
460     -14196.810547
461     -14210.568359
462     -14224.203125
463     -14237.700195
464     -14251.077148
465     -14264.371094
466     -14277.570312
467     -14290.712891
468     -14303.719727
469     -14316.605469
470     -14329.366211
471     -14342.021484
472     -14354.558594
473     -14367.013672
474     -14379.412109
475     -14391.728516
476     -14403.932617
477     -14416.009766
478     -14427.975586
479     -14439.865234
480     -14451.689453
481     -14463.410156
482     -14475.050781
483     -14486.552734
484     -14497.990234
485     -14509.351562
486     -14520.607422
487     -14531.799805
488     -14542.923828
489     -14553.968750
490     -14564.957031
491     -14575.885742
492     -14586.736328
493     -14597.415039
494     -14607.968750
495     -14618.441406
496     -14628.865234
497     -14639.224609
498     -14649.525391
499     -14659.647461
500     -14669.675781
501     -14679.644531
502     -14689.522461
503     -14699.356445
504     -14709.125000
505     -14718.837891
506     -14728.462891
507     -14738.002930
508     -14747.475586
509     -14756.894531
510     -14766.243164
511     -14775.489258
512     -14784.658203
513     -14793.759766
514     -14802.789062
515     -14811.785156
516     -14820.726562
