Step            Loss
--------------------
1        -410.110596
2        -437.855774
3        -465.613220
4        -493.384033
5        -521.169189
6        -548.969849
7        -576.787109
8        -604.621765
9        -632.475342
10       -660.348328
11       -688.241821
12       -716.156799
13       -744.094055
14       -772.054260
15       -800.038452
16       -828.047485
17       -856.082275
18       -884.143677
19       -912.232605
20       -940.350098
21       -968.497009
22       -996.674438
23      -1024.883423
24      -1053.125244
25      -1081.400879
26      -1109.711426
27      -1138.057983
28      -1166.441650
29      -1194.863525
30      -1223.324951
31      -1251.826782
32      -1280.370239
33      -1308.956543
34      -1337.586426
35      -1366.261230
36      -1394.981934
37      -1423.749878
38      -1452.565674
39      -1481.430786
40      -1510.345947
41      -1539.312256
42      -1568.331055
43      -1597.402710
44      -1626.528564
45      -1655.709473
46      -1684.946411
47      -1714.240234
48      -1743.592041
49      -1773.002441
50      -1802.472412
51      -1832.002441
52      -1861.594116
53      -1891.247314
54      -1920.963379
55      -1950.742920
56      -1980.586548
57      -2010.495239
58      -2040.469238
59      -2070.509766
60      -2100.616699
61      -2130.791260
62      -2161.033691
63      -2191.344727
64      -2221.724854
65      -2252.174805
66      -2282.694824
67      -2313.285156
68      -2343.946777
69      -2374.679688
70      -2405.484863
71      -2436.361572
72      -2467.311035
73      -2498.333496
74      -2529.429443
75      -2560.598633
76      -2591.841797
77      -2623.158936
78      -2654.550537
79      -2686.016602
80      -2717.557617
81      -2749.173828
82      -2780.864746
83      -2812.631348
84      -2844.473145
85      -2876.390869
86      -2908.384033
87      -2940.453125
88      -2972.598145
89      -3004.818848
90      -3037.115723
91      -3069.488525
92      -3101.937256
93      -3134.461914
94      -3167.062744
95      -3199.739258
96      -3232.491211
97      -3265.319092
98      -3298.222656
99      -3331.201416
100     -3364.255371
101     -3397.384277
102     -3430.588379
103     -3463.866699
104     -3497.219482
105     -3530.646729
106     -3564.147461
107     -3597.721680
108     -3631.368896
109     -3665.089355
110     -3698.881836
111     -3732.747070
112     -3766.683350
113     -3800.690918
114     -3834.769775
115     -3868.918457
116     -3903.137207
117     -3937.425049
118     -3971.781738
119     -4006.206787
120     -4040.699951
121     -4075.259766
122     -4109.886230
123     -4144.578613
124     -4179.336426
125     -4214.158691
126     -4249.045410
127     -4283.995117
128     -4319.007324
129     -4354.082031
130     -4389.217773
131     -4424.414062
132     -4459.669922
133     -4494.984375
134     -4530.357910
135     -4565.788086
136     -4601.275391
137     -4636.818359
138     -4672.416992
139     -4708.068848
140     -4743.773926
141     -4779.532227
142     -4815.341797
143     -4851.201660
144     -4887.111328
145     -4923.070312
146     -4959.077148
147     -4995.130859
148     -5031.230469
149     -5067.375488
150     -5103.564941
151     -5139.797852
152     -5176.072266
153     -5212.387695
154     -5248.744629
155     -5285.140137
156     -5321.574219
157     -5358.044922
158     -5394.552734
159     -5431.095215
160     -5467.671875
161     -5504.282227
162     -5540.924316
163     -5577.597656
164     -5614.301270
165     -5651.033691
166     -5687.793945
167     -5724.580566
168     -5761.382812
169     -5798.209473
170     -5835.059570
171     -5871.933594
172     -5908.827148
173     -5945.742188
174     -5982.675781
175     -6019.628418
176     -6056.597656
177     -6093.583008
178     -6130.583008
179     -6167.596680
180     -6204.623047
181     -6241.661133
182     -6278.709961
183     -6315.767578
184     -6352.833008
185     -6389.906250
186     -6426.984863
187     -6464.068848
188     -6501.156250
189     -6538.246094
190     -6575.338379
191     -6612.430664
192     -6649.521484
193     -6686.611328
194     -6723.698242
195     -6760.781250
196     -6797.853516
197     -6834.899414
198     -6871.937988
199     -6908.967773
200     -6945.988770
201     -6982.999023
202     -7019.997559
203     -7056.983398
204     -7093.955078
205     -7130.912109
206     -7167.853027
207     -7204.776855
208     -7241.679688
209     -7278.562988
210     -7315.425293
211     -7352.266602
212     -7389.086914
213     -7425.881836
214     -7462.653320
215     -7499.399414
216     -7536.118652
217     -7572.810059
218     -7609.474121
219     -7646.106934
220     -7682.709961
221     -7719.281250
222     -7755.820312
223     -7792.325195
224     -7828.796387
225     -7865.231445
226     -7901.628906
227     -7937.981445
228     -7974.295898
229     -8010.570312
230     -8046.804688
231     -8082.998047
232     -8119.148926
233     -8155.256836
234     -8191.320801
235     -8227.339844
236     -8263.298828
237     -8299.201172
238     -8335.056641
239     -8370.863281
240     -8406.621094
241     -8442.322266
242     -8477.956055
243     -8513.537109
244     -8549.065430
245     -8584.527344
246     -8619.929688
247     -8655.268555
248     -8690.550781
249     -8725.776367
250     -8760.945312
251     -8796.054688
252     -8831.091797
253     -8866.058594
254     -8900.962891
255     -8935.804688
256     -8970.581055
257     -9005.286133
258     -9039.925781
259     -9074.497070
260     -9108.999023
261     -9143.436523
262     -9177.806641
263     -9212.105469
264     -9246.335938
265     -9280.498047
266     -9314.591797
267     -9348.617188
268     -9382.572266
269     -9416.450195
270     -9450.251953
271     -9483.980469
272     -9517.637695
273     -9551.222656
274     -9584.718750
275     -9618.136719
276     -9651.476562
277     -9684.742188
278     -9717.931641
279     -9751.044922
280     -9784.082031
281     -9817.042969
282     -9849.927734
283     -9882.733398
284     -9915.461914
285     -9948.099609
286     -9980.658203
287     -10013.125000
288     -10045.479492
289     -10077.753906
290     -10109.929688
291     -10142.023438
292     -10174.001953
293     -10205.882812
294     -10237.679688
295     -10269.396484
296     -10301.029297
297     -10332.580078
298     -10364.046875
299     -10395.429688
300     -10426.730469
301     -10457.945312
302     -10489.052734
303     -10520.022461
304     -10550.883789
305     -10581.655273
306     -10612.340820
307     -10642.914062
308     -10673.386719
309     -10703.773438
310     -10734.042969
311     -10764.205078
312     -10794.272461
313     -10824.238281
314     -10854.095703
315     -10883.845703
316     -10913.489258
317     -10942.995117
318     -10972.406250
319     -11001.712891
320     -11030.896484
321     -11059.988281
322     -11088.990234
323     -11117.890625
324     -11146.642578
325     -11175.244141
326     -11203.740234
327     -11232.149414
328     -11260.462891
329     -11288.684570
330     -11316.818359
331     -11344.816406
332     -11372.667969
333     -11400.400391
334     -11427.979492
335     -11455.466797
336     -11482.867188
337     -11510.179688
338     -11537.398438
339     -11564.487305
340     -11591.458008
341     -11618.340820
342     -11645.114258
343     -11671.773438
344     -11698.292969
345     -11724.705078
346     -11751.017578
347     -11777.234375
348     -11803.353516
349     -11829.378906
350     -11855.296875
351     -11881.105469
352     -11906.807617
353     -11932.367188
354     -11957.824219
355     -11983.160156
356     -12008.347656
357     -12033.449219
358     -12058.462891
359     -12083.387695
360     -12108.215820
361     -12132.937500
362     -12157.550781
363     -12182.045898
364     -12206.441406
365     -12230.720703
366     -12254.898438
367     -12278.976562
368     -12302.958984
369     -12326.856445
370     -12350.650391
371     -12374.312500
372     -12397.849609
373     -12421.267578
374     -12444.570312
375     -12467.748047
376     -12490.838867
377     -12513.798828
378     -12536.671875
379     -12559.425781
380     -12582.048828
381     -12604.566406
382     -12626.962891
383     -12649.278320
384     -12671.486328
385     -12693.592773
386     -12715.605469
387     -12737.505859
388     -12759.265625
389     -12780.892578
390     -12802.410156
391     -12823.826172
392     -12845.097656
393     -12866.257812
394     -12887.335938
395     -12908.335938
396     -12929.181641
397     -12949.879883
398     -12970.466797
399     -12990.949219
400     -13011.330078
401     -13031.601562
402     -13051.751953
403     -13071.803711
404     -13091.759766
405     -13111.615234
406     -13131.382812
407     -13151.036133
408     -13170.605469
409     -13190.094727
410     -13209.500977
411     -13228.832031
412     -13248.054688
413     -13267.185547
414     -13286.222656
415     -13305.144531
416     -13323.922852
417     -13342.580078
418     -13361.134766
419     -13379.592773
420     -13397.970703
421     -13416.232422
422     -13434.396484
423     -13452.474609
424     -13470.464844
425     -13488.377930
426     -13506.189453
427     -13523.894531
428     -13541.478516
429     -13558.937500
430     -13576.279297
431     -13593.478516
432     -13610.592773
433     -13627.585938
434     -13644.426758
435     -13661.116211
436     -13677.695312
437     -13694.173828
438     -13710.541016
439     -13726.825195
440     -13742.972656
441     -13759.001953
442     -13774.941406
443     -13790.810547
444     -13806.603516
445     -13822.271484
446     -13837.859375
447     -13853.367188
448     -13868.783203
449     -13884.100586
450     -13899.314453
451     -13914.441406
452     -13929.489258
453     -13944.404297
454     -13959.194336
455     -13973.888672
456     -13988.486328
457     -14003.009766
458     -14017.416016
459     -14031.726562
460     -14045.938477
461     -14060.082031
462     -14074.143555
463     -14088.100586
464     -14101.984375
465     -14115.797852
466     -14129.551758
467     -14143.250000
468     -14156.878906
469     -14170.433594
470     -14183.917969
471     -14197.306641
472     -14210.597656
473     -14223.798828
474     -14236.917969
475     -14249.977539
476     -14262.986328
477     -14275.924805
478     -14288.800781
479     -14301.585938
480     -14314.250000
481     -14326.810547
482     -14339.312500
483     -14351.736328
484     -14364.042969
485     -14376.287109
486     -14388.419922
487     -14400.438477
488     -14412.335938
489     -14424.136719
490     -14435.849609
491     -14447.511719
492     -14459.111328
493     -14470.652344
494     -14482.138672
495     -14493.574219
496     -14504.939453
497     -14516.212891
498     -14527.402344
499     -14538.519531
500     -14549.555664
501     -14560.461914
502     -14571.201172
503     -14581.759766
504     -14592.255859
505     -14602.654297
506     -14612.917969
507     -14623.121094
508     -14633.264648
509     -14643.353516
510     -14653.361328
511     -14663.283203
512     -14673.085938
513     -14682.802734
514     -14692.396484
515     -14701.923828
516     -14711.349609
517     -14720.688477
518     -14729.957031
519     -14739.130859
520     -14748.242188
521     -14757.289062
522     -14766.281250
523     -14775.199219
524     -14784.050781
