1_data_1000
method                            1e-1            1e-2            1e-3            1e-4            1e-5            1e-6
2_neal_time                6.90000e-01     6.90000e-01     6.90000e-01     6.90000e-01     6.90000e-01     6.90000e-01
2_neal_energy             -1.98801e+04    -1.98801e+04    -1.98801e+04    -1.98801e+04    -1.98801e+04    -1.98801e+04
3_PyTorch_time             3.74000e-01     4.50000e-01     9.00000e-01     1.44700e+00     1.89400e+00     2.12700e+00
3_PyTorch_energy          -1.95241e+04    -1.95467e+04    -1.96442e+04    -1.96807e+04    -1.96844e+04    -1.96903e+04
4_PyTorch_time             4.74000e-01     5.66000e-01     1.09100e+00     1.75400e+00     2.20500e+00     2.46800e+00
4_PyTorch_energy          -1.94891e+04    -1.95252e+04    -1.96407e+04    -1.96855e+04    -1.96855e+04    -1.97114e+04
5_JAX_time                 1.54000e-01     2.08000e-01     2.03000e-01     3.00000e-01     4.32000e-01     5.25000e-01
5_JAX_energy              -1.88791e+04    -1.92221e+04    -1.94725e+04    -1.95910e+04    -1.96544e+04    -1.96693e+04
6_SciPy_time               1.20000e-02     1.20000e-02     1.30000e-02     1.60000e-02     1.90000e-02     2.30000e-02
6_SciPy_energy            -1.82733e+04    -1.89443e+04    -1.93935e+04    -1.96176e+04    -1.96940e+04    -1.97302e+04

2_data_6000
method                            1e-1            1e-2            1e-3            1e-4            1e-5            1e-6
2_neal_time                6.74430e+01     6.74430e+01     6.74430e+01     6.74430e+01     6.74430e+01     6.74430e+01
2_neal_energy             -2.83160e+05    -2.83160e+05    -2.83160e+05    -2.83160e+05    -2.83160e+05    -2.83160e+05
3_PyTorch_time             1.03230e+01     1.25630e+01     2.78350e+01     7.44070e+01     1.27133e+02     1.41180e+02
3_PyTorch_energy          -2.77255e+05    -2.77802e+05    -2.79226e+05    -2.80585e+05    -2.80921e+05    -2.80978e+05
4_PyTorch_time             1.06500e+00     1.28700e+00     2.89400e+00     7.78600e+00     1.18980e+01     1.44270e+01
4_PyTorch_energy          -2.77267e+05    -2.77755e+05    -2.79388e+05    -2.80553e+05    -2.80868e+05    -2.81030e+05
5_JAX_time                 5.90000e-01     7.70000e-01     1.21800e+00     3.05900e+00     7.13100e+00     1.02890e+01
5_JAX_energy              -2.67506e+05    -2.72372e+05    -2.76231e+05    -2.79126e+05    -2.80303e+05    -2.80571e+05
6_SciPy_time               7.70000e-02     1.44000e-01     2.28000e-01     4.12000e-01     9.03000e-01     2.28700e+00
6_SciPy_energy            -2.36933e+05    -2.69659e+05    -2.75293e+05    -2.77787e+05    -2.79327e+05    -2.80293e+05

3_data_25000
method                            1e-1            1e-2            1e-3            1e-4            1e-5            1e-6
3_PyTorch_time             1.60881e+02     1.96391e+02     4.49468e+02     1.44925e+03     3.59704e+03     5.03904e+03
3_PyTorch_energy          -2.35282e+06    -2.35748e+06    -2.37328e+06    -2.38420e+06    -2.38868e+06    -2.39016e+06
4_PyTorch_time             1.64220e+01     2.00120e+01     4.70810e+01     1.50427e+02     3.52235e+02     5.65431e+02
4_PyTorch_energy          -2.35268e+06    -2.35737e+06    -2.37281e+06    -2.38489e+06    -2.38837e+06    -2.39123e+06
5_JAX_time                 4.91500e+00     7.33200e+00     1.33070e+01     4.38780e+01     1.26285e+02     2.79724e+02
5_JAX_energy              -2.26683e+06    -2.31224e+06    -2.34349e+06    -2.37100e+06    -2.38311e+06    -2.38797e+06
6_SciPy_time               6.69000e-01     1.59700e+00     2.94600e+00     7.01100e+00     1.12740e+01     2.90780e+01
6_SciPy_energy            -1.87493e+06    -2.29020e+06    -2.33842e+06    -2.36393e+06    -2.37160e+06    -2.38001e+06

4_data_45000
method                            1e-1            1e-2            1e-3            1e-4            1e-5            1e-6
4_PyTorch_time             5.29180e+01     6.45850e+01     1.51335e+02     4.74144e+02     1.53557e+03     2.57653e+03
4_PyTorch_energy          -5.68197e+06    -5.69236e+06    -5.72989e+06    -5.75705e+06    -5.76961e+06    -5.77395e+06

