Step            Loss
--------------------
1         240.909790
2        -162.397705
3        -565.309082
4        -969.632202
5       -1371.598145
6       -1775.384521
7       -2179.169434
8       -2582.296143
9       -2985.886230
10      -3388.581055
11      -3792.187256
12      -4195.571289
13      -4599.528809
14      -5002.958496
15      -5407.052734
16      -5811.250977
17      -6215.248047
18      -6618.854980
19      -7023.505371
20      -7427.926270
21      -7832.766113
22      -8237.371094
23      -8642.882812
24      -9049.235352
25      -9453.980469
26      -9859.985352
27      -10265.566406
28      -10672.834961
29      -11079.923828
30      -11486.793945
31      -11895.064453
32      -12302.773438
33      -12711.568359
34      -13119.592773
35      -13529.821289
36      -13939.523438
37      -14349.323242
38      -14760.794922
39      -15172.181641
40      -15584.189453
41      -15996.814453
42      -16409.048828
43      -16823.343750
44      -17237.234375
45      -17652.210938
46      -18067.501953
47      -18484.285156
48      -18901.214844
49      -19318.898438
50      -19736.628906
51      -20156.082031
52      -20575.515625
53      -20996.203125
54      -21417.955078
55      -21839.242188
56      -22262.785156
57      -22685.871094
58      -23110.613281
59      -23535.574219
60      -23961.273438
61      -24388.869141
62      -24815.919922
63      -25245.496094
64      -25674.621094
65      -26105.330078
66      -26536.312500
67      -26968.750000
68      -27401.453125
69      -27835.203125
70      -28271.158203
71      -28706.158203
72      -29143.423828
73      -29580.773438
74      -30019.796875
75      -30459.341797
76      -30900.031250
77      -31341.341797
78      -31783.789062
79      -32227.509766
80      -32672.750000
81      -33117.210938
82      -33563.843750
83      -34011.648438
84      -34459.886719
85      -34908.355469
86      -35360.585938
87      -35811.320312
88      -36263.156250
89      -36717.312500
90      -37171.402344
91      -37627.062500
92      -38083.117188
93      -38540.593750
94      -38999.308594
95      -39458.628906
96      -39919.242188
97      -40381.019531
98      -40842.460938
99      -41306.937500
100     -41771.148438
101     -42236.273438
102     -42702.335938
103     -43170.132812
104     -43638.554688
105     -44107.750000
106     -44579.152344
107     -45049.605469
108     -45521.640625
109     -45995.187500
110     -46469.511719
111     -46944.500000
112     -47421.007812
113     -47897.949219
114     -48375.203125
115     -48855.050781
116     -49334.429688
117     -49814.976562
118     -50297.035156
119     -50780.140625
120     -51262.953125
121     -51747.945312
122     -52233.078125
123     -52719.238281
124     -53205.843750
125     -53693.179688
126     -54182.609375
127     -54672.882812
128     -55162.492188
129     -55653.953125
130     -56146.539062
131     -56639.671875
132     -57132.933594
133     -57626.984375
134     -58122.035156
135     -58617.835938
136     -59114.578125
137     -59611.804688
138     -60110.578125
139     -60608.152344
140     -61107.765625
141     -61608.226562
142     -62109.394531
143     -62610.445312
144     -63112.285156
145     -63616.070312
146     -64118.359375
147     -64622.375000
148     -65127.371094
149     -65632.882812
150     -66138.117188
151     -66644.453125
152     -67152.765625
153     -67659.148438
154     -68167.710938
155     -68674.765625
156     -69184.242188
157     -69694.093750
158     -70204.062500
159     -70714.445312
160     -71224.578125
161     -71735.203125
162     -72246.984375
163     -72759.640625
164     -73270.945312
165     -73783.898438
166     -74296.375000
167     -74810.257812
168     -75323.945312
169     -75837.187500
170     -76351.687500
171     -76867.046875
172     -77382.218750
173     -77896.031250
174     -78411.265625
175     -78926.359375
176     -79440.984375
177     -79958.312500
178     -80473.656250
179     -80988.226562
180     -81504.671875
181     -82021.039062
182     -82537.187500
183     -83053.796875
184     -83570.234375
185     -84086.867188
186     -84603.328125
187     -85120.296875
188     -85635.570312
189     -86152.046875
190     -86669.109375
191     -87184.343750
192     -87701.468750
193     -88218.531250
194     -88734.703125
195     -89248.984375
196     -89765.601562
197     -90281.609375
198     -90797.414062
199     -91311.914062
200     -91827.664062
201     -92343.234375
202     -92855.429688
203     -93372.703125
204     -93886.890625
205     -94400.328125
206     -94913.000000
207     -95426.390625
208     -95939.812500
209     -96453.171875
210     -96963.796875
211     -97477.429688
212     -97987.906250
213     -98498.656250
214     -99010.781250
215     -99520.835938
216     -100029.750000
217     -100539.156250
218     -101048.875000
219     -101557.515625
220     -102065.640625
221     -102573.757812
222     -103078.882812
223     -103587.070312
224     -104093.632812
225     -104598.656250
226     -105102.226562
227     -105606.140625
228     -106110.468750
229     -106612.578125
230     -107115.140625
231     -107616.312500
232     -108116.695312
233     -108618.593750
234     -109117.421875
235     -109616.421875
236     -110114.062500
237     -110612.492188
238     -111107.734375
239     -111603.492188
240     -112098.218750
241     -112594.054688
242     -113086.468750
243     -113579.390625
244     -114070.734375
245     -114560.531250
246     -115050.796875
247     -115540.492188
248     -116028.828125
249     -116516.765625
250     -117003.382812
251     -117488.828125
252     -117973.687500
253     -118457.203125
254     -118938.468750
255     -119421.250000
256     -119901.632812
257     -120380.375000
258     -120859.031250
259     -121336.820312
260     -121812.875000
261     -122287.757812
262     -122763.601562
263     -123237.507812
264     -123709.632812
265     -124180.773438
266     -124651.187500
267     -125120.226562
268     -125589.390625
269     -126056.093750
270     -126522.304688
271     -126989.398438
272     -127451.921875
273     -127914.734375
274     -128376.609375
275     -128837.093750
276     -129296.984375
277     -129755.312500
278     -130212.406250
279     -130666.960938
280     -131122.890625
281     -131574.687500
282     -132026.218750
283     -132478.390625
284     -132926.281250
285     -133375.281250
286     -133821.968750
287     -134266.875000
288     -134711.625000
289     -135153.875000
290     -135595.718750
291     -136037.375000
292     -136476.140625
293     -136914.281250
294     -137349.125000
295     -137784.375000
296     -138219.218750
297     -138651.593750
298     -139083.093750
299     -139512.562500
300     -139942.562500
301     -140370.734375
302     -140795.687500
303     -141220.593750
304     -141644.140625
305     -142065.781250
306     -142487.234375
307     -142905.140625
308     -143324.750000
309     -143741.078125
310     -144156.093750
311     -144570.187500
312     -144982.500000
313     -145394.484375
314     -145803.296875
315     -146211.500000
316     -146617.812500
317     -147024.125000
318     -147427.203125
319     -147829.781250
320     -148231.796875
321     -148629.312500
322     -149029.000000
323     -149423.968750
324     -149819.750000
325     -150213.531250
326     -150606.031250
327     -150997.250000
328     -151386.593750
329     -151773.468750
330     -152160.015625
331     -152545.218750
332     -152927.968750
333     -153309.984375
334     -153691.406250
335     -154069.625000
336     -154447.546875
337     -154824.046875
338     -155199.281250
339     -155570.671875
340     -155942.843750
341     -156312.750000
342     -156682.468750
343     -157048.046875
344     -157413.968750
345     -157777.640625
346     -158140.296875
347     -158500.171875
348     -158859.062500
349     -159217.140625
350     -159573.828125
351     -159927.343750
352     -160281.156250
353     -160633.812500
354     -160982.468750
355     -161331.703125
356     -161678.562500
357     -162023.250000
358     -162366.781250
359     -162709.937500
360     -163050.500000
361     -163388.390625
362     -163725.468750
363     -164062.343750
364     -164396.328125
365     -164731.125000
366     -165062.750000
367     -165391.515625
368     -165721.125000
369     -166049.296875
370     -166375.437500
371     -166700.593750
372     -167022.812500
373     -167344.375000
374     -167663.750000
375     -167979.828125
376     -168297.218750
377     -168610.484375
378     -168925.187500
379     -169235.375000
380     -169545.906250
381     -169853.921875
382     -170160.015625
383     -170465.875000
384     -170768.406250
385     -171071.593750
386     -171371.531250
387     -171670.390625
388     -171966.375000
389     -172263.125000
390     -172558.250000
391     -172851.156250
392     -173143.406250
393     -173431.906250
394     -173719.781250
395     -174006.500000
396     -174291.281250
397     -174575.718750
398     -174857.296875
399     -175137.578125
400     -175417.312500
401     -175693.734375
402     -175971.625000
403     -176244.062500
404     -176518.421875
405     -176790.187500
406     -177060.171875
407     -177328.546875
408     -177596.062500
409     -177862.031250
410     -178127.250000
411     -178390.250000
412     -178649.468750
413     -178910.031250
414     -179168.906250
415     -179423.687500
416     -179679.828125
417     -179934.234375
418     -180187.125000
419     -180437.421875
420     -180686.781250
421     -180934.343750
422     -181180.468750
423     -181425.593750
424     -181670.421875
425     -181912.968750
426     -182152.015625
427     -182390.703125
428     -182629.546875
429     -182864.546875
430     -183100.218750
431     -183333.125000
432     -183563.843750
433     -183794.406250
434     -184024.468750
435     -184252.359375
436     -184478.031250
437     -184703.031250
438     -184924.828125
439     -185146.312500
440     -185367.000000
441     -185586.281250
442     -185804.093750
443     -186019.625000
444     -186234.484375
445     -186448.125000
446     -186661.156250
447     -186872.312500
448     -187080.312500
449     -187288.828125
450     -187495.500000
451     -187699.359375
452     -187904.218750
453     -188107.515625
454     -188308.093750
455     -188509.140625
456     -188708.484375
457     -188904.953125
458     -189101.187500
459     -189297.250000
460     -189491.000000
461     -189682.468750
462     -189873.859375
463     -190064.625000
464     -190251.484375
465     -190437.250000
466     -190624.218750
467     -190809.343750
468     -190993.171875
469     -191175.625000
470     -191356.562500
471     -191536.843750
472     -191714.250000
473     -191891.968750
474     -192067.734375
475     -192242.796875
476     -192418.312500
477     -192590.062500
478     -192761.031250
479     -192930.156250
480     -193098.328125
481     -193266.843750
482     -193431.156250
483     -193596.593750
484     -193759.390625
485     -193922.312500
486     -194082.718750
487     -194241.546875
488     -194400.500000
489     -194558.906250
490     -194713.890625
491     -194868.093750
492     -195023.062500
493     -195174.687500
494     -195325.890625
495     -195476.000000
496     -195625.484375
497     -195772.937500
498     -195920.562500
499     -196067.453125
500     -196212.093750
501     -196355.406250
502     -196498.437500
503     -196639.375000
504     -196780.062500
505     -196919.000000
506     -197057.781250
507     -197193.843750
508     -197330.156250
509     -197465.187500
510     -197598.718750
511     -197731.968750
512     -197863.218750
513     -197994.984375
514     -198124.125000
515     -198252.156250
516     -198378.906250
517     -198504.328125
518     -198630.500000
519     -198755.484375
520     -198878.203125
521     -199000.421875
522     -199121.843750
523     -199242.437500
524     -199361.531250
525     -199481.218750
