Step            Loss
--------------------
1         405.660309
2           0.998413
3        -404.339264
4        -809.026733
5       -1214.444092
6       -1619.422119
7       -2024.582275
8       -2429.681152
9       -2834.720215
10      -3240.251465
11      -3644.836914
12      -4051.057129
13      -4456.887695
14      -4862.155273
15      -5268.051758
16      -5673.724609
17      -6079.635254
18      -6485.425781
19      -6891.736328
20      -7297.832520
21      -7704.846680
22      -8111.613281
23      -8518.394531
24      -8926.451172
25      -9333.638672
26      -9742.148438
27      -10149.499023
28      -10559.792969
29      -10967.289062
30      -11377.336914
31      -11786.552734
32      -12196.623047
33      -12606.902344
34      -13017.746094
35      -13429.138672
36      -13840.423828
37      -14253.642578
38      -14665.712891
39      -15079.640625
40      -15493.208008
41      -15906.721680
42      -16322.458984
43      -16737.302734
44      -17153.292969
45      -17570.257812
46      -17987.650391
47      -18405.417969
48      -18824.150391
49      -19243.214844
50      -19663.015625
51      -20083.503906
52      -20505.052734
53      -20926.582031
54      -21349.796875
55      -21773.005859
56      -22196.601562
57      -22621.617188
58      -23048.021484
59      -23473.548828
60      -23902.003906
61      -24329.769531
62      -24758.480469
63      -25188.179688
64      -25618.078125
65      -26049.613281
66      -26481.949219
67      -26915.191406
68      -27349.140625
69      -27783.882812
70      -28218.863281
71      -28655.027344
72      -29093.587891
73      -29532.250000
74      -29970.316406
75      -30410.187500
76      -30850.919922
77      -31293.390625
78      -31736.187500
79      -32180.738281
80      -32624.703125
81      -33070.511719
82      -33517.578125
83      -33965.878906
84      -34413.804688
85      -34862.207031
86      -35313.667969
87      -35764.234375
88      -36217.132812
89      -36670.203125
90      -37123.148438
91      -37578.898438
92      -38035.019531
93      -38492.093750
94      -38949.953125
95      -39408.523438
96      -39868.289062
97      -40329.636719
98      -40791.167969
99      -41254.503906
100     -41717.011719
101     -42181.468750
102     -42647.523438
103     -43114.742188
104     -43581.402344
105     -44051.074219
106     -44520.093750
107     -44989.710938
108     -45460.851562
109     -45933.000000
110     -46405.835938
111     -46879.964844
112     -47355.261719
113     -47830.574219
114     -48306.660156
115     -48783.375000
116     -49262.042969
117     -49741.863281
118     -50222.417969
119     -50703.164062
120     -51185.089844
121     -51667.414062
122     -52150.933594
123     -52635.878906
124     -53121.433594
125     -53606.617188
126     -54093.554688
127     -54580.609375
128     -55068.976562
129     -55558.453125
130     -56048.933594
131     -56539.679688
132     -57031.164062
133     -57523.757812
134     -58015.312500
135     -58509.980469
136     -59003.601562
137     -59498.437500
138     -59993.898438
139     -60490.625000
140     -60986.597656
141     -61485.144531
142     -61983.875000
143     -62482.664062
144     -62982.371094
145     -63481.753906
146     -63983.218750
147     -64484.050781
148     -64985.554688
149     -65488.968750
150     -65990.921875
151     -66494.671875
152     -66999.359375
153     -67502.468750
154     -68007.843750
155     -68513.531250
156     -69019.085938
157     -69525.609375
158     -70032.546875
159     -70539.882812
160     -71047.273438
161     -71555.218750
162     -72063.601562
163     -72573.023438
164     -73082.312500
165     -73591.718750
166     -74101.195312
167     -74611.921875
168     -75122.921875
169     -75633.171875
170     -76143.859375
171     -76655.015625
172     -77167.046875
173     -77678.937500
174     -78191.148438
175     -78704.046875
176     -79214.812500
177     -79726.562500
178     -80239.734375
179     -80752.609375
180     -81265.687500
181     -81778.648438
182     -82292.109375
183     -82804.703125
184     -83318.453125
185     -83830.484375
186     -84344.734375
187     -84857.960938
188     -85370.140625
189     -85883.984375
190     -86398.062500
191     -86911.320312
192     -87423.820312
193     -87936.726562
194     -88450.070312
195     -88963.109375
196     -89474.171875
197     -89987.734375
198     -90499.703125
199     -91012.328125
200     -91523.898438
201     -92035.023438
202     -92548.781250
203     -93058.640625
204     -93569.671875
205     -94081.414062
206     -94591.500000
207     -95101.828125
208     -95612.484375
209     -96120.671875
210     -96629.593750
211     -97138.468750
212     -97647.593750
213     -98154.875000
214     -98662.015625
215     -99169.468750
216     -99675.906250
217     -100181.765625
218     -100689.023438
219     -101193.460938
220     -101697.671875
221     -102201.656250
222     -102705.648438
223     -103209.750000
224     -103712.429688
225     -104212.429688
226     -104715.718750
227     -105215.945312
228     -105716.765625
229     -106216.796875
230     -106715.648438
231     -107213.359375
232     -107712.234375
233     -108208.882812
234     -108705.148438
235     -109200.890625
236     -109696.125000
237     -110190.554688
238     -110684.640625
239     -111177.914062
240     -111668.054688
241     -112160.093750
242     -112650.375000
243     -113141.093750
244     -113630.101562
245     -114119.328125
246     -114606.226562
247     -115092.937500
248     -115579.460938
249     -116063.273438
250     -116547.890625
251     -117031.015625
252     -117513.328125
253     -117996.609375
254     -118476.343750
255     -118954.851562
256     -119434.906250
257     -119911.937500
258     -120388.718750
259     -120866.523438
260     -121339.765625
261     -121813.953125
262     -122287.640625
263     -122760.062500
264     -123230.515625
265     -123701.406250
266     -124170.085938
267     -124637.734375
268     -125104.546875
269     -125571.359375
270     -126034.281250
271     -126498.703125
272     -126961.742188
273     -127422.343750
274     -127883.671875
275     -128341.312500
276     -128800.296875
277     -129257.304688
278     -129713.734375
279     -130167.921875
280     -130622.875000
281     -131075.781250
282     -131525.906250
283     -131977.390625
284     -132426.046875
285     -132873.359375
286     -133320.125000
287     -133764.562500
288     -134208.968750
289     -134651.312500
290     -135092.531250
291     -135532.062500
292     -135971.531250
293     -136410.140625
294     -136844.875000
295     -137279.468750
296     -137713.218750
297     -138145.218750
298     -138580.218750
299     -139007.906250
300     -139438.203125
301     -139863.750000
302     -140291.187500
303     -140716.687500
304     -141138.687500
305     -141561.781250
306     -141981.468750
307     -142401.015625
308     -142819.312500
309     -143236.531250
310     -143650.140625
311     -144064.234375
312     -144474.421875
313     -144885.437500
314     -145294.062500
315     -145702.937500
316     -146107.343750
317     -146512.453125
318     -146915.109375
319     -147317.343750
320     -147715.921875
321     -148114.937500
322     -148511.031250
323     -148908.093750
324     -149301.640625
325     -149694.609375
326     -150087.000000
327     -150475.453125
328     -150865.375000
329     -151250.625000
330     -151636.546875
331     -152020.906250
332     -152403.234375
333     -152783.687500
334     -153164.531250
335     -153542.468750
336     -153919.093750
337     -154295.468750
338     -154667.062500
339     -155040.828125
340     -155410.765625
341     -155778.406250
342     -156145.937500
343     -156511.421875
344     -156875.000000
345     -157238.843750
346     -157599.921875
347     -157959.203125
348     -158317.312500
349     -158673.906250
350     -159030.640625
351     -159383.796875
352     -159737.593750
353     -160086.812500
354     -160435.937500
355     -160783.500000
356     -161128.109375
357     -161475.109375
358     -161819.296875
359     -162160.234375
360     -162500.937500
361     -162840.046875
362     -163175.468750
363     -163510.875000
364     -163845.343750
365     -164178.312500
366     -164510.781250
367     -164840.625000
368     -165168.625000
369     -165493.000000
370     -165819.062500
371     -166143.015625
372     -166463.796875
373     -166786.031250
374     -167105.343750
375     -167423.937500
376     -167739.781250
377     -168053.234375
378     -168367.765625
379     -168679.140625
380     -168989.218750
381     -169295.562500
382     -169604.656250
383     -169907.656250
384     -170210.937500
385     -170512.000000
386     -170813.531250
387     -171114.078125
388     -171411.031250
389     -171705.718750
390     -172000.781250
391     -172294.250000
392     -172585.812500
393     -172873.921875
394     -173162.593750
395     -173450.125000
396     -173734.718750
397     -174018.031250
398     -174300.812500
399     -174582.625000
400     -174860.203125
401     -175137.921875
402     -175416.156250
403     -175691.406250
404     -175965.781250
405     -176236.593750
406     -176507.093750
407     -176777.359375
408     -177045.406250
409     -177311.640625
410     -177575.234375
411     -177838.281250
412     -178098.968750
413     -178359.734375
414     -178617.375000
415     -178873.593750
416     -179129.468750
417     -179381.687500
418     -179634.812500
419     -179884.062500
420     -180132.359375
421     -180381.015625
422     -180628.109375
423     -180873.156250
424     -181116.609375
425     -181357.671875
426     -181598.234375
427     -181837.156250
428     -182074.437500
429     -182309.187500
430     -182545.000000
431     -182777.031250
432     -183008.281250
433     -183239.781250
434     -183467.125000
435     -183691.906250
436     -183918.109375
437     -184141.390625
438     -184363.859375
439     -184584.281250
440     -184804.140625
441     -185022.312500
442     -185239.031250
443     -185453.031250
444     -185668.937500
445     -185881.359375
446     -186091.031250
447     -186300.875000
448     -186509.937500
449     -186716.937500
450     -186921.500000
451     -187126.250000
452     -187329.437500
453     -187527.937500
454     -187728.921875
455     -187926.781250
456     -188123.125000
457     -188319.093750
458     -188513.531250
459     -188705.187500
460     -188896.406250
461     -189087.640625
462     -189275.281250
463     -189462.156250
464     -189647.812500
465     -189831.250000
466     -190015.812500
467     -190196.296875
468     -190377.500000
469     -190557.281250
470     -190734.500000
471     -190911.406250
472     -191086.515625
473     -191260.312500
474     -191434.250000
475     -191605.718750
476     -191774.187500
477     -191944.656250
478     -192112.953125
479     -192281.046875
480     -192446.718750
481     -192609.687500
482     -192773.281250
483     -192935.218750
484     -193096.203125
485     -193256.078125
486     -193413.062500
487     -193570.687500
488     -193726.859375
489     -193882.281250
490     -194035.125000
491     -194188.484375
492     -194338.812500
493     -194489.203125
494     -194638.750000
495     -194787.218750
496     -194934.531250
497     -195081.156250
498     -195226.906250
499     -195369.500000
500     -195513.500000
501     -195656.218750
502     -195795.812500
503     -195936.234375
504     -196072.250000
505     -196210.546875
506     -196345.828125
507     -196480.281250
508     -196614.281250
509     -196746.828125
510     -196876.312500
511     -197007.500000
512     -197136.015625
513     -197264.421875
514     -197392.687500
515     -197519.437500
516     -197642.328125
517     -197766.203125
518     -197888.843750
519     -198010.171875
520     -198130.812500
521     -198250.812500
522     -198369.140625
523     -198487.031250
524     -198602.625000
525     -198718.187500
526     -198833.390625
527     -198946.875000
528     -199060.500000
529     -199172.937500
530     -199283.171875
531     -199391.406250
532     -199500.687500
533     -199609.640625
534     -199715.437500
535     -199820.984375
536     -199925.906250
537     -200031.187500
538     -200133.515625
539     -200236.468750
540     -200337.718750
541     -200438.437500
542     -200538.468750
543     -200637.812500
544     -200736.046875
545     -200832.875000
546     -200930.968750
547     -201027.281250
548     -201121.703125
549     -201217.500000
550     -201310.421875
551     -201403.125000
552     -201495.000000
553     -201585.687500
554     -201675.875000
555     -201764.921875
556     -201854.250000
557     -201941.718750
558     -202028.890625
559     -202115.421875
560     -202200.531250
561     -202284.968750
562     -202368.656250
563     -202452.093750
564     -202534.406250
565     -202616.468750
566     -202696.687500
567     -202779.515625
568     -202857.328125
569     -202936.656250
570     -203015.843750
571     -203092.250000
572     -203169.250000
573     -203245.375000
574     -203319.500000
575     -203394.500000
576     -203469.500000
577     -203542.468750
578     -203615.140625
579     -203687.343750
580     -203757.500000
581     -203829.140625
582     -203897.843750
583     -203966.906250
584     -204034.890625
585     -204102.375000
586     -204170.609375
587     -204235.937500
588     -204302.625000
589     -204369.187500
590     -204433.156250
591     -204498.296875
592     -204562.406250
593     -204625.187500
594     -204687.984375
595     -204749.375000
596     -204810.968750
597     -204871.890625
598     -204931.593750
599     -204991.062500
600     -205050.734375
601     -205109.140625
602     -205167.875000
603     -205225.593750
604     -205282.468750
605     -205339.406250
606     -205395.171875
607     -205451.031250
608     -205506.000000
609     -205561.000000
610     -205614.875000
611     -205668.093750
612     -205721.375000
613     -205773.812500
614     -205826.500000
615     -205878.218750
616     -205929.265625
617     -205980.750000
618     -206031.125000
619     -206081.750000
620     -206132.531250
621     -206181.421875
622     -206230.656250
623     -206279.093750
624     -206327.015625
625     -206375.078125
626     -206422.500000
627     -206470.203125
628     -206516.250000
629     -206563.125000
630     -206608.343750
631     -206654.281250
632     -206699.375000
633     -206744.078125
634     -206787.937500
635     -206832.296875
636     -206875.531250
637     -206918.218750
638     -206961.562500
639     -207003.875000
640     -207045.781250
641     -207087.750000
642     -207128.437500
643     -207169.093750
644     -207209.531250
645     -207249.359375
646     -207289.593750
647     -207329.484375
648     -207368.578125
649     -207407.562500
650     -207446.468750
651     -207485.312500
652     -207522.000000
653     -207560.156250
654     -207597.843750
655     -207634.781250
656     -207671.312500
657     -207707.968750
658     -207743.531250
659     -207779.468750
660     -207815.234375
661     -207850.750000
662     -207885.625000
663     -207920.281250
664     -207954.890625
665     -207989.093750
666     -208022.687500
667     -208056.093750
668     -208089.625000
669     -208123.093750
670     -208155.468750
671     -208188.500000
672     -208221.031250
673     -208253.218750
674     -208284.812500
675     -208316.843750
676     -208348.718750
677     -208378.828125
678     -208410.687500
679     -208441.406250
680     -208472.453125
681     -208502.546875
682     -208533.218750
683     -208563.375000
684     -208593.015625
685     -208622.593750
686     -208651.875000
687     -208681.109375
688     -208709.562500
689     -208738.640625
690     -208766.937500
691     -208795.187500
692     -208823.093750
693     -208851.093750
694     -208879.250000
695     -208905.953125
696     -208933.140625
697     -208959.906250
698     -208986.843750
699     -209013.000000
700     -209039.703125
701     -209065.625000
702     -209091.406250
703     -209117.281250
704     -209143.281250
705     -209168.281250
706     -209193.812500
707     -209218.875000
708     -209243.562500
709     -209268.062500
710     -209292.531250
711     -209317.062500
712     -209340.875000
713     -209364.875000
714     -209388.765625
715     -209411.906250
716     -209435.640625
717     -209458.531250
718     -209481.843750
719     -209504.562500
720     -209527.734375
721     -209549.359375
722     -209572.453125
723     -209594.156250
724     -209616.406250
725     -209638.015625
726     -209659.500000
727     -209680.937500
728     -209702.187500
729     -209723.125000
730     -209743.875000
731     -209764.562500
732     -209785.421875
733     -209805.906250
734     -209825.968750
735     -209846.125000
736     -209865.734375
737     -209886.296875
738     -209905.656250
739     -209925.406250
740     -209944.687500
741     -209964.078125
742     -209983.171875
743     -210002.203125
744     -210021.031250
745     -210039.812500
746     -210058.453125
747     -210077.421875
748     -210095.218750
749     -210114.000000
750     -210132.187500
751     -210150.625000
752     -210168.468750
753     -210186.546875
754     -210204.671875
755     -210222.500000
756     -210240.343750
757     -210257.875000
758     -210275.250000
759     -210292.687500
760     -210309.890625
761     -210327.562500
762     -210344.312500
763     -210361.093750
764     -210378.250000
765     -210395.062500
766     -210411.843750
767     -210428.375000
768     -210444.781250
769     -210461.281250
770     -210477.718750
771     -210493.875000
772     -210509.750000
773     -210526.062500
774     -210542.109375
775     -210557.843750
776     -210573.843750
777     -210589.875000
778     -210605.156250
779     -210620.968750
780     -210636.359375
781     -210652.140625
782     -210667.437500
783     -210682.765625
784     -210698.218750
785     -210712.984375
786     -210728.343750
787     -210743.015625
788     -210757.875000
789     -210772.718750
790     -210787.093750
791     -210801.468750
792     -210816.140625
793     -210830.281250
794     -210844.687500
795     -210858.953125
796     -210873.218750
797     -210886.875000
798     -210901.296875
799     -210915.031250
800     -210928.843750
801     -210942.734375
802     -210956.484375
803     -210970.531250
804     -210983.859375
805     -210997.343750
806     -211011.062500
807     -211024.375000
808     -211037.812500
809     -211050.968750
810     -211064.468750
811     -211077.656250
812     -211091.046875
813     -211103.921875
814     -211117.062500
815     -211129.625000
816     -211142.500000
817     -211155.312500
818     -211168.046875
819     -211180.921875
820     -211193.375000
821     -211206.125000
822     -211218.562500
823     -211231.421875
824     -211243.906250
825     -211256.125000
826     -211268.281250
827     -211280.750000
828     -211293.031250
829     -211305.093750
830     -211317.468750
831     -211329.406250
832     -211341.406250
833     -211353.562500
834     -211365.343750
835     -211377.156250
836     -211388.937500
837     -211400.875000
838     -211412.437500
839     -211424.125000
840     -211435.750000
841     -211447.343750
842     -211458.750000
843     -211470.250000
844     -211481.781250
845     -211492.812500
846     -211504.125000
847     -211515.187500
848     -211526.031250
849     -211537.125000
850     -211547.890625
851     -211558.625000
852     -211569.296875
853     -211580.015625
854     -211590.906250
855     -211601.468750
856     -211612.250000
857     -211622.718750
858     -211632.875000
859     -211643.406250
860     -211653.531250
861     -211663.937500
862     -211674.281250
863     -211684.468750
864     -211694.718750
865     -211704.812500
866     -211714.687500
867     -211724.531250
868     -211734.578125
869     -211744.765625
870     -211754.343750
871     -211764.390625
872     -211774.375000
873     -211783.968750
874     -211793.718750
875     -211803.500000
876     -211813.000000
877     -211822.687500
878     -211832.093750
879     -211841.609375
880     -211850.906250
881     -211860.500000
882     -211869.937500
883     -211879.156250
884     -211888.578125
885     -211897.546875
886     -211906.750000
887     -211915.781250
888     -211924.625000
889     -211933.703125
890     -211942.812500
891     -211951.562500
892     -211960.625000
893     -211969.531250
894     -211978.437500
895     -211987.468750
896     -211996.312500
897     -212004.734375
898     -212013.578125
899     -212022.453125
900     -212031.078125
901     -212039.500000
902     -212048.375000
903     -212056.937500
904     -212065.312500
905     -212073.718750
906     -212082.500000
907     -212090.734375
908     -212099.171875
909     -212107.578125
910     -212115.718750
911     -212124.125000
912     -212132.468750
913     -212140.781250
914     -212148.609375
915     -212156.906250
916     -212164.984375
917     -212173.296875
918     -212181.062500
919     -212189.093750
920     -212196.890625
921     -212204.937500
922     -212212.796875
923     -212220.546875
924     -212228.531250
925     -212236.406250
926     -212244.281250
927     -212251.937500
928     -212259.750000
929     -212267.468750
930     -212275.093750
931     -212282.812500
932     -212290.484375
933     -212298.093750
934     -212305.656250
935     -212313.218750
936     -212320.718750
937     -212328.046875
938     -212335.468750
939     -212342.937500
940     -212350.281250
941     -212357.562500
942     -212365.046875
943     -212372.328125
944     -212379.890625
945     -212386.875000
946     -212394.000000
947     -212401.312500
948     -212408.375000
949     -212415.562500
950     -212422.656250
951     -212429.625000
952     -212436.796875
953     -212443.484375
954     -212450.609375
955     -212457.484375
956     -212464.250000
957     -212471.187500
958     -212478.046875
959     -212484.875000
960     -212491.531250
961     -212498.140625
962     -212504.859375
963     -212511.562500
964     -212518.250000
965     -212524.859375
966     -212531.312500
967     -212538.015625
968     -212544.875000
969     -212551.125000
970     -212557.750000
971     -212564.468750
972     -212570.875000
973     -212577.453125
974     -212584.031250
975     -212590.281250
976     -212596.500000
977     -212603.031250
978     -212609.343750
979     -212615.718750
980     -212622.281250
981     -212628.437500
982     -212634.656250
983     -212641.125000
984     -212647.406250
985     -212653.671875
986     -212660.000000
987     -212666.093750
988     -212672.234375
989     -212678.562500
990     -212684.562500
991     -212690.546875
992     -212696.812500
993     -212702.937500
994     -212708.843750
995     -212714.734375
996     -212720.609375
997     -212726.656250
998     -212732.578125
999     -212738.437500
1000    -212744.312500
1001    -212750.312500
1002    -212756.093750
1003    -212761.937500
1004    -212767.781250
1005    -212773.390625
1006    -212779.156250
1007    -212785.093750
1008    -212790.687500
1009    -212796.531250
1010    -212802.312500
1011    -212807.890625
1012    -212813.671875
1013    -212819.093750
1014    -212824.953125
1015    -212830.656250
1016    -212836.218750
1017    -212841.812500
1018    -212847.296875
1019    -212852.906250
1020    -212858.562500
1021    -212863.906250
1022    -212869.531250
1023    -212874.875000
1024    -212880.187500
1025    -212885.656250
1026    -212891.062500
1027    -212896.343750
1028    -212901.843750
1029    -212907.234375
1030    -212912.437500
1031    -212917.984375
1032    -212923.031250
1033    -212928.484375
1034    -212933.515625
1035    -212938.718750
1036    -212943.843750
1037    -212948.953125
1038    -212954.218750
1039    -212959.312500
1040    -212964.125000
1041    -212969.312500
1042    -212974.343750
1043    -212979.312500
1044    -212984.328125
1045    -212989.500000
1046    -212994.281250
1047    -212999.078125
1048    -213004.218750
1049    -213008.828125
1050    -213013.656250
1051    -213018.734375
1052    -213023.671875
1053    -213028.328125
1054    -213033.343750
1055    -213038.109375
1056    -213042.781250
1057    -213047.578125
1058    -213052.218750
1059    -213056.984375
1060    -213061.593750
1061    -213066.203125
1062    -213070.875000
1063    -213075.484375
1064    -213080.093750
1065    -213084.875000
1066    -213089.312500
1067    -213093.750000
1068    -213098.250000
1069    -213102.890625
1070    -213107.343750
1071    -213111.953125
1072    -213116.406250
1073    -213120.968750
1074    -213125.531250
1075    -213129.781250
1076    -213134.312500
1077    -213138.828125
1078    -213143.250000
1079    -213147.781250
1080    -213152.343750
1081    -213156.468750
1082    -213161.046875
1083    -213165.171875
1084    -213169.781250
1085    -213173.984375
1086    -213178.343750
1087    -213182.875000
1088    -213187.062500
1089    -213191.562500
1090    -213195.843750
1091    -213200.140625
1092    -213204.218750
1093    -213208.593750
1094    -213212.718750
1095    -213217.125000
1096    -213221.281250
1097    -213225.468750
1098    -213229.500000
1099    -213233.843750
1100    -213237.968750
1101    -213242.109375
1102    -213246.109375
1103    -213250.093750
1104    -213254.312500
1105    -213258.250000
1106    -213262.359375
1107    -213266.312500
1108    -213270.328125
1109    -213274.406250
1110    -213278.234375
1111    -213282.375000
1112    -213286.312500
1113    -213290.359375
1114    -213294.281250
1115    -213298.156250
1116    -213302.062500
1117    -213306.015625
1118    -213309.781250
1119    -213313.687500
1120    -213317.578125
1121    -213321.437500
1122    -213325.203125
1123    -213329.046875
1124    -213333.031250
1125    -213336.578125
1126    -213340.656250
1127    -213344.343750
1128    -213347.750000
1129    -213351.593750
1130    -213355.390625
1131    -213359.109375
1132    -213362.765625
1133    -213366.453125
1134    -213370.218750
1135    -213373.812500
1136    -213377.656250
1137    -213381.250000
1138    -213384.968750
1139    -213388.437500
1140    -213392.187500
1141    -213395.718750
1142    -213399.500000
1143    -213403.000000
1144    -213406.531250
1145    -213409.875000
1146    -213413.531250
1147    -213416.968750
1148    -213420.437500
1149    -213423.765625
1150    -213427.515625
1151    -213430.937500
1152    -213434.312500
1153    -213437.828125
1154    -213441.093750
1155    -213444.500000
1156    -213447.843750
1157    -213451.625000
1158    -213454.656250
1159    -213458.078125
1160    -213461.531250
1161    -213465.093750
1162    -213468.437500
1163    -213471.718750
1164    -213474.953125
1165    -213478.531250
1166    -213481.781250
1167    -213485.000000
1168    -213488.281250
1169    -213491.593750
1170    -213494.906250
1171    -213498.093750
1172    -213501.328125
1173    -213504.281250
1174    -213507.843750
1175    -213511.187500
1176    -213514.421875
1177    -213517.500000
1178    -213520.718750
1179    -213524.000000
1180    -213527.078125
1181    -213530.281250
1182    -213533.375000
1183    -213536.406250
1184    -213539.562500
1185    -213542.468750
1186    -213545.656250
1187    -213548.593750
1188    -213551.968750
1189    -213554.906250
1190    -213557.953125
1191    -213560.937500
1192    -213563.984375
1193    -213567.031250
1194    -213570.031250
1195    -213573.062500
1196    -213576.078125
1197    -213579.015625
1198    -213582.031250
1199    -213585.062500
1200    -213588.031250
1201    -213590.984375
1202    -213593.953125
1203    -213596.953125
1204    -213599.796875
1205    -213602.765625
1206    -213605.593750
1207    -213608.609375
1208    -213611.656250
1209    -213614.593750
1210    -213617.484375
1211    -213620.500000
1212    -213623.234375
1213    -213626.203125
1214    -213628.984375
1215    -213632.031250
1216    -213634.906250
1217    -213637.781250
1218    -213640.312500
1219    -213643.218750
1220    -213646.203125
1221    -213648.828125
1222    -213651.562500
1223    -213654.609375
1224    -213657.406250
1225    -213660.000000
1226    -213662.640625
1227    -213665.562500
1228    -213668.375000
1229    -213671.187500
1230    -213673.906250
1231    -213676.843750
1232    -213679.609375
1233    -213682.343750
1234    -213684.828125
1235    -213687.765625
1236    -213690.234375
1237    -213693.046875
1238    -213695.984375
1239    -213698.531250
1240    -213701.203125
1241    -213703.906250
1242    -213706.843750
1243    -213709.531250
1244    -213712.171875
1245    -213714.812500
1246    -213717.484375
1247    -213720.187500
1248    -213722.718750
1249    -213725.562500
1250    -213728.250000
1251    -213730.656250
1252    -213733.593750
1253    -213736.109375
1254    -213738.812500
1255    -213741.468750
1256    -213744.031250
1257    -213746.750000
1258    -213749.265625
1259    -213751.750000
1260    -213754.500000
1261    -213757.156250
1262    -213759.828125
1263    -213762.375000
1264    -213765.125000
1265    -213767.578125
1266    -213770.093750
1267    -213772.718750
1268    -213775.265625
1269    -213777.875000
1270    -213780.343750
1271    -213782.937500
1272    -213785.406250
1273    -213787.953125
1274    -213790.406250
1275    -213793.062500
1276    -213795.437500
1277    -213798.015625
1278    -213800.718750
1279    -213803.062500
1280    -213805.625000
1281    -213807.984375
1282    -213810.468750
1283    -213813.046875
1284    -213815.500000
1285    -213818.062500
1286    -213820.687500
1287    -213822.937500
1288    -213825.437500
1289    -213827.937500
1290    -213830.468750
1291    -213832.906250
1292    -213835.218750
1293    -213837.718750
1294    -213840.375000
1295    -213842.812500
1296    -213845.046875
1297    -213847.640625
1298    -213850.078125
1299    -213852.453125
1300    -213854.750000
1301    -213857.390625
1302    -213859.750000
1303    -213862.140625
1304    -213864.750000
1305    -213867.203125
1306    -213869.500000
1307    -213872.093750
1308    -213874.593750
1309    -213876.875000
1310    -213879.281250
1311    -213881.718750
1312    -213884.140625
1313    -213886.625000
1314    -213889.109375
1315    -213891.578125
1316    -213893.781250
1317    -213896.359375
1318    -213898.656250
1319    -213901.218750
1320    -213903.562500
1321    -213905.765625
1322    -213908.406250
1323    -213910.906250
1324    -213913.328125
1325    -213915.796875
1326    -213918.000000
1327    -213920.531250
1328    -213923.000000
1329    -213925.312500
1330    -213927.593750
1331    -213930.125000
1332    -213932.562500
1333    -213934.906250
1334    -213937.281250
1335    -213939.609375
1336    -213942.125000
1337    -213944.375000
1338    -213946.656250
1339    -213949.109375
1340    -213951.421875
1341    -213953.906250
1342    -213956.203125
1343    -213958.453125
1344    -213960.875000
1345    -213963.187500
1346    -213965.625000
1347    -213967.812500
1348    -213970.218750
1349    -213972.703125
1350    -213975.156250
1351    -213977.437500
1352    -213979.609375
1353    -213981.906250
1354    -213984.406250
1355    -213986.500000
1356    -213988.968750
1357    -213991.250000
1358    -213993.562500
1359    -213996.031250
1360    -213998.187500
1361    -214000.437500
1362    -214002.796875
1363    -214005.062500
1364    -214007.593750
1365    -214009.812500
1366    -214012.078125
1367    -214014.375000
1368    -214016.609375
1369    -214019.046875
1370    -214021.390625
1371    -214023.531250
1372    -214025.781250
1373    -214028.218750
1374    -214030.531250
1375    -214032.687500
1376    -214035.171875
1377    -214037.328125
1378    -214039.750000
1379    -214041.875000
1380    -214044.250000
1381    -214046.578125
1382    -214048.812500
1383    -214051.156250
1384    -214053.531250
1385    -214055.734375
1386    -214057.984375
1387    -214060.250000
1388    -214062.484375
1389    -214064.984375
1390    -214067.140625
1391    -214069.343750
1392    -214071.656250
1393    -214074.093750
1394    -214076.203125
1395    -214078.468750
1396    -214080.750000
1397    -214083.031250
1398    -214085.265625
1399    -214087.500000
1400    -214089.890625
1401    -214092.031250
1402    -214094.312500
1403    -214096.468750
1404    -214098.750000
1405    -214101.000000
1406    -214103.156250
1407    -214105.359375
1408    -214107.593750
1409    -214109.812500
1410    -214111.937500
1411    -214114.218750
1412    -214116.468750
1413    -214118.687500
1414    -214120.734375
1415    -214122.906250
1416    -214125.078125
1417    -214127.359375
1418    -214129.625000
1419    -214131.656250
1420    -214133.781250
1421    -214135.890625
1422    -214137.968750
1423    -214140.359375
1424    -214142.281250
1425    -214144.406250
1426    -214146.500000
1427    -214148.843750
1428    -214150.750000
1429    -214152.781250
1430    -214154.906250
1431    -214156.906250
1432    -214158.937500
1433    -214161.171875
1434    -214163.125000
1435    -214165.218750
1436    -214167.265625
1437    -214169.375000
1438    -214171.468750
1439    -214173.468750
1440    -214175.421875
1441    -214177.343750
1442    -214179.593750
1443    -214181.640625
1444    -214183.687500
1445    -214185.562500
1446    -214187.734375
1447    -214189.687500
1448    -214191.796875
1449    -214193.765625
1450    -214195.750000
1451    -214197.750000
1452    -214199.625000
1453    -214201.750000
1454    -214203.796875
1455    -214205.781250
1456    -214207.843750
1457    -214209.812500
1458    -214211.812500
1459    -214213.875000
1460    -214215.750000
1461    -214217.750000
1462    -214219.750000
1463    -214221.687500
1464    -214223.718750
1465    -214225.687500
1466    -214227.750000
1467    -214229.640625
1468    -214231.625000
1469    -214233.703125
1470    -214235.640625
1471    -214237.562500
1472    -214239.281250
1473    -214241.500000
1474    -214243.375000
1475    -214245.484375
1476    -214247.546875
1477    -214249.375000
1478    -214251.281250
1479    -214253.468750
1480    -214255.265625
1481    -214257.375000
