Step            Loss
--------------------
1        1050.024292
2         650.285645
3         251.532593
4        -147.436737
5        -546.804443
6        -946.159851
7       -1345.981689
8       -1744.522705
9       -2144.804688
10      -2543.436035
11      -2943.797363
12      -3343.090576
13      -3742.762451
14      -4142.913574
15      -4542.898926
16      -4943.010742
17      -5343.485840
18      -5743.926758
19      -6144.190430
20      -6545.847656
21      -6945.849609
22      -7348.012207
23      -7749.320312
24      -8152.076660
25      -8553.815430
26      -8956.505859
27      -9358.505859
28      -9761.629883
29      -10165.013672
30      -10568.554688
31      -10972.476562
32      -11377.123047
33      -11783.215820
34      -12187.350586
35      -12594.350586
36      -13000.048828
37      -13407.160156
38      -13814.351562
39      -14221.636719
40      -14630.568359
41      -15038.938477
42      -15448.984375
43      -15858.218750
44      -16269.473633
45      -16680.277344
46      -17091.984375
47      -17504.296875
48      -17918.218750
49      -18332.126953
50      -18746.433594
51      -19161.167969
52      -19577.183594
53      -19994.210938
54      -20411.773438
55      -20829.626953
56      -21248.435547
57      -21669.046875
58      -22088.757812
59      -22510.591797
60      -22932.574219
61      -23355.835938
62      -23779.832031
63      -24204.019531
64      -24629.707031
65      -25056.599609
66      -25484.353516
67      -25912.103516
68      -26340.902344
69      -26771.226562
70      -27202.300781
71      -27634.113281
72      -28067.281250
73      -28500.833984
74      -28936.628906
75      -29371.957031
76      -29808.378906
77      -30245.859375
78      -30684.960938
79      -31124.328125
80      -31564.957031
81      -32006.232422
82      -32449.234375
83      -32892.289062
84      -33338.015625
85      -33783.277344
86      -34229.628906
87      -34678.000000
88      -35125.976562
89      -35575.296875
90      -36026.332031
91      -36477.730469
92      -36930.679688
93      -37385.308594
94      -37839.328125
95      -38296.253906
96      -38751.937500
97      -39210.457031
98      -39668.812500
99      -40130.382812
100     -40590.656250
101     -41052.468750
102     -41514.796875
103     -41977.976562
104     -42444.367188
105     -42909.863281
106     -43376.695312
107     -43845.460938
108     -44312.828125
109     -44784.847656
110     -45255.625000
111     -45726.726562
112     -46199.707031
113     -46673.503906
114     -47148.382812
115     -47624.523438
116     -48101.015625
117     -48578.351562
118     -49057.078125
119     -49537.085938
120     -50016.800781
121     -50498.914062
122     -50981.976562
123     -51463.507812
124     -51948.289062
125     -52433.347656
126     -52918.441406
127     -53406.226562
128     -53893.781250
129     -54381.152344
130     -54872.175781
131     -55361.382812
132     -55852.730469
133     -56343.789062
134     -56836.648438
135     -57329.082031
136     -57823.496094
137     -58318.328125
138     -58814.617188
139     -59310.976562
140     -59807.945312
141     -60305.312500
142     -60804.039062
143     -61303.398438
144     -61803.070312
145     -62304.257812
146     -62804.628906
147     -63306.589844
148     -63809.390625
149     -64312.140625
150     -64816.085938
151     -65320.335938
152     -65825.757812
153     -66331.523438
154     -66837.328125
155     -67343.273438
156     -67850.640625
157     -68357.265625
158     -68865.601562
159     -69374.882812
160     -69884.453125
161     -70392.984375
162     -70902.671875
163     -71412.828125
164     -71924.312500
165     -72435.242188
166     -72947.250000
167     -73458.875000
168     -73971.296875
169     -74483.421875
170     -74997.125000
171     -75509.328125
172     -76022.281250
173     -76536.882812
174     -77050.343750
175     -77564.921875
176     -78079.195312
177     -78593.359375
178     -79109.015625
179     -79624.343750
180     -80139.898438
181     -80653.671875
182     -81170.953125
183     -81686.421875
184     -82201.468750
185     -82716.171875
186     -83233.437500
187     -83748.867188
188     -84265.468750
189     -84780.343750
190     -85297.140625
191     -85813.046875
192     -86329.179688
193     -86845.679688
194     -87361.210938
195     -87876.328125
196     -88391.156250
197     -88908.906250
198     -89424.718750
199     -89939.593750
200     -90455.953125
201     -90969.570312
202     -91485.054688
203     -91999.148438
204     -92512.671875
205     -93027.453125
206     -93541.554688
207     -94056.421875
208     -94568.171875
209     -95082.562500
210     -95594.210938
211     -96106.671875
212     -96619.171875
213     -97130.953125
214     -97641.703125
215     -98154.250000
216     -98663.968750
217     -99175.710938
218     -99684.320312
219     -100194.218750
220     -100702.484375
221     -101210.703125
222     -101719.960938
223     -102227.562500
224     -102734.218750
225     -103240.140625
226     -103747.984375
227     -104253.187500
228     -104756.890625
229     -105261.187500
230     -105764.265625
231     -106269.578125
232     -106772.531250
233     -107273.335938
234     -107774.414062
235     -108274.750000
236     -108777.031250
237     -109275.328125
238     -109774.250000
239     -110271.585938
240     -110770.000000
241     -111265.320312
242     -111761.406250
243     -112256.265625
244     -112749.664062
245     -113244.726562
246     -113737.437500
247     -114226.609375
248     -114718.187500
249     -115207.750000
250     -115698.015625
251     -116185.718750
252     -116673.585938
253     -117158.390625
254     -117643.453125
255     -118128.171875
256     -118612.867188
257     -119095.617188
258     -119577.390625
259     -120057.546875
260     -120537.000000
261     -121014.468750
262     -121493.062500
263     -121969.734375
264     -122444.890625
265     -122919.210938
266     -123393.085938
267     -123865.335938
268     -124337.000000
269     -124808.398438
270     -125277.265625
271     -125744.585938
272     -126213.601562
273     -126678.546875
274     -127143.664062
275     -127608.093750
276     -128070.195312
277     -128531.703125
278     -128992.328125
279     -129449.671875
280     -129907.906250
281     -130364.781250
282     -130820.265625
283     -131273.812500
284     -131726.921875
285     -132179.468750
286     -132630.406250
287     -133079.375000
288     -133527.500000
289     -133975.593750
290     -134421.312500
291     -134866.296875
292     -135308.687500
293     -135751.906250
294     -136192.781250
295     -136632.578125
296     -137071.468750
297     -137509.250000
298     -137944.109375
299     -138380.406250
300     -138812.906250
301     -139243.968750
302     -139677.343750
303     -140105.750000
304     -140533.984375
305     -140960.406250
306     -141385.078125
307     -141809.781250
308     -142230.687500
309     -142654.250000
310     -143074.953125
311     -143492.593750
312     -143910.765625
313     -144324.609375
314     -144740.421875
315     -145152.312500
316     -145563.750000
317     -145974.984375
318     -146382.125000
319     -146789.625000
320     -147195.500000
321     -147599.718750
322     -148001.906250
323     -148405.890625
324     -148805.359375
325     -149202.312500
326     -149600.781250
327     -149995.671875
328     -150389.984375
329     -150784.203125
330     -151176.031250
331     -151564.281250
332     -151953.734375
333     -152340.796875
334     -152725.609375
335     -153109.343750
336     -153492.937500
337     -153874.125000
338     -154255.218750
339     -154632.625000
340     -155009.625000
341     -155385.281250
342     -155759.203125
343     -156130.171875
344     -156501.828125
345     -156871.875000
346     -157239.421875
347     -157605.406250
348     -157973.000000
349     -158333.218750
350     -158697.125000
351     -159055.750000
352     -159415.125000
353     -159771.546875
354     -160126.812500
355     -160481.218750
356     -160834.000000
357     -161184.687500
358     -161533.218750
359     -161881.593750
360     -162228.218750
361     -162572.531250
362     -162915.703125
363     -163258.703125
364     -163599.781250
365     -163938.781250
366     -164275.390625
367     -164613.437500
368     -164946.000000
369     -165278.343750
370     -165609.781250
371     -165939.031250
372     -166267.687500
373     -166594.515625
374     -166920.718750
375     -167242.593750
376     -167564.531250
377     -167884.343750
378     -168202.781250
379     -168518.343750
380     -168834.343750
381     -169148.125000
382     -169461.000000
383     -169772.062500
384     -170079.171875
385     -170387.546875
386     -170693.062500
387     -170999.296875
388     -171302.500000
389     -171603.906250
390     -171904.312500
391     -172202.000000
392     -172500.000000
393     -172796.140625
394     -173089.437500
395     -173381.687500
396     -173672.531250
397     -173961.093750
398     -174248.187500
399     -174534.281250
400     -174818.812500
401     -175100.453125
402     -175382.921875
403     -175662.281250
404     -175939.875000
405     -176216.437500
406     -176491.781250
407     -176764.343750
408     -177037.781250
409     -177308.468750
410     -177578.312500
411     -177844.968750
412     -178112.468750
413     -178377.781250
414     -178642.437500
415     -178905.375000
416     -179165.437500
417     -179424.640625
418     -179682.843750
419     -179939.250000
420     -180193.703125
421     -180445.437500
422     -180696.828125
423     -180947.234375
424     -181194.000000
425     -181441.453125
426     -181686.500000
427     -181929.984375
428     -182171.812500
429     -182412.750000
430     -182651.875000
431     -182889.250000
432     -183125.734375
433     -183361.125000
434     -183595.531250
435     -183826.484375
436     -184056.812500
437     -184285.500000
438     -184512.156250
439     -184738.343750
440     -184961.281250
441     -185184.265625
442     -185405.843750
443     -185626.250000
444     -185843.812500
445     -186061.968750
446     -186278.406250
447     -186492.687500
448     -186705.093750
449     -186917.609375
450     -187127.781250
451     -187337.031250
452     -187543.281250
453     -187749.500000
454     -187952.609375
455     -188158.062500
456     -188357.750000
457     -188557.921875
458     -188756.906250
459     -188954.546875
460     -189150.312500
461     -189346.390625
462     -189538.015625
463     -189731.078125
464     -189920.968750
465     -190110.437500
466     -190298.609375
467     -190484.453125
468     -190669.140625
469     -190854.156250
470     -191037.312500
471     -191217.468750
472     -191398.250000
473     -191576.218750
474     -191754.218750
475     -191931.968750
476     -192108.437500
477     -192280.984375
478     -192456.531250
479     -192628.156250
480     -192798.453125
481     -192967.109375
482     -193135.593750
483     -193302.906250
484     -193469.125000
485     -193633.437500
486     -193796.906250
487     -193960.906250
488     -194121.781250
489     -194281.296875
490     -194439.515625
491     -194596.953125
492     -194753.031250
493     -194907.562500
494     -195061.359375
495     -195213.421875
496     -195365.078125
497     -195514.718750
498     -195662.718750
499     -195809.578125
500     -195955.062500
501     -196100.875000
502     -196246.156250
503     -196389.031250
504     -196529.875000
505     -196670.171875
506     -196809.531250
507     -196948.593750
508     -197085.125000
509     -197222.140625
510     -197355.828125
511     -197490.375000
512     -197623.406250
513     -197755.796875
514     -197886.953125
515     -198015.390625
516     -198144.531250
517     -198273.000000
518     -198399.125000
519     -198524.046875
520     -198647.468750
521     -198770.484375
522     -198892.750000
523     -199013.515625
524     -199132.765625
525     -199252.218750
526     -199369.203125
527     -199486.984375
528     -199602.484375
529     -199717.859375
530     -199833.093750
531     -199945.046875
532     -200057.390625
533     -200170.843750
534     -200281.187500
535     -200391.578125
536     -200499.031250
537     -200605.828125
538     -200713.859375
539     -200819.687500
540     -200924.421875
541     -201028.750000
542     -201132.046875
543     -201235.250000
544     -201336.015625
545     -201437.250000
546     -201536.343750
547     -201634.671875
548     -201732.328125
549     -201829.468750
550     -201925.828125
551     -202020.593750
552     -202115.437500
553     -202209.328125
554     -202300.953125
555     -202393.312500
556     -202483.796875
557     -202573.265625
558     -202661.046875
559     -202749.562500
560     -202837.750000
561     -202923.078125
562     -203008.500000
563     -203093.625000
564     -203177.765625
565     -203261.468750
566     -203343.296875
567     -203425.437500
568     -203506.156250
569     -203584.562500
570     -203663.984375
571     -203742.093750
572     -203819.562500
573     -203896.484375
574     -203972.062500
575     -204048.046875
576     -204122.468750
577     -204195.937500
578     -204269.812500
579     -204343.187500
580     -204414.281250
581     -204485.968750
582     -204557.203125
583     -204627.078125
584     -204696.703125
585     -204765.343750
586     -204833.687500
587     -204901.437500
588     -204967.937500
589     -205034.281250
590     -205099.906250
591     -205164.234375
592     -205228.375000
593     -205292.687500
594     -205354.375000
595     -205416.984375
596     -205478.437500
597     -205539.390625
598     -205600.406250
599     -205659.843750
600     -205719.687500
601     -205777.531250
602     -205836.031250
603     -205893.437500
604     -205949.812500
605     -206006.609375
606     -206062.500000
607     -206118.796875
608     -206173.703125
609     -206228.875000
610     -206283.078125
611     -206337.093750
612     -206389.250000
613     -206442.375000
614     -206494.437500
615     -206546.562500
616     -206597.531250
617     -206649.015625
618     -206699.218750
619     -206748.671875
620     -206798.375000
621     -206848.062500
622     -206896.968750
623     -206945.031250
624     -206992.468750
625     -207040.218750
626     -207087.671875
627     -207134.250000
628     -207180.625000
629     -207225.828125
630     -207271.218750
631     -207316.000000
632     -207359.875000
633     -207404.531250
634     -207447.406250
635     -207491.312500
636     -207533.687500
637     -207576.875000
638     -207619.343750
639     -207660.937500
640     -207703.453125
641     -207744.750000
642     -207785.562500
643     -207825.984375
644     -207866.578125
645     -207906.453125
646     -207946.531250
647     -207985.296875
648     -208024.890625
649     -208063.437500
650     -208101.406250
651     -208138.500000
652     -208176.437500
653     -208213.437500
654     -208250.531250
655     -208286.906250
656     -208322.968750
657     -208358.734375
658     -208394.406250
659     -208430.031250
660     -208464.265625
661     -208500.031250
662     -208533.640625
663     -208567.843750
664     -208602.078125
665     -208634.843750
666     -208668.046875
667     -208700.328125
668     -208732.750000
669     -208764.468750
670     -208796.437500
671     -208827.312500
672     -208858.359375
673     -208889.375000
674     -208919.953125
675     -208949.718750
676     -208979.968750
677     -209009.937500
678     -209038.843750
679     -209068.500000
680     -209097.593750
681     -209126.281250
682     -209154.796875
683     -209182.687500
684     -209211.281250
685     -209239.031250
686     -209266.703125
687     -209293.843750
688     -209320.718750
689     -209347.406250
690     -209374.000000
691     -209400.500000
692     -209426.281250
693     -209452.531250
694     -209477.718750
695     -209503.062500
696     -209528.109375
697     -209553.390625
698     -209578.031250
699     -209602.171875
700     -209626.687500
701     -209651.000000
702     -209674.406250
703     -209698.203125
704     -209721.390625
705     -209744.453125
706     -209767.375000
707     -209789.515625
708     -209812.421875
709     -209834.750000
710     -209856.031250
711     -209877.828125
712     -209899.640625
713     -209920.640625
714     -209942.125000
715     -209962.843750
716     -209984.328125
717     -210004.859375
718     -210025.562500
719     -210046.187500
720     -210065.875000
721     -210086.281250
722     -210106.171875
723     -210125.484375
724     -210145.546875
725     -210164.625000
726     -210184.093750
727     -210203.406250
728     -210222.062500
729     -210241.250000
730     -210259.984375
731     -210278.625000
732     -210297.328125
733     -210314.875000
734     -210332.968750
735     -210350.859375
736     -210369.000000
737     -210386.359375
738     -210404.140625
739     -210421.562500
740     -210438.812500
741     -210456.328125
742     -210472.984375
743     -210490.500000
744     -210507.359375
745     -210524.031250
746     -210540.843750
747     -210557.437500
748     -210573.781250
749     -210589.515625
750     -210605.843750
751     -210622.031250
752     -210637.625000
753     -210653.484375
754     -210668.953125
755     -210684.500000
756     -210699.593750
757     -210714.656250
758     -210729.625000
759     -210745.062500
760     -210759.578125
761     -210774.765625
762     -210789.453125
763     -210804.078125
764     -210818.437500
765     -210833.234375
766     -210847.125000
767     -210861.406250
768     -210875.406250
769     -210889.906250
770     -210903.718750
771     -210917.406250
772     -210931.312500
773     -210944.765625
774     -210958.421875
775     -210972.000000
776     -210985.187500
777     -210998.406250
778     -211011.656250
779     -211024.796875
780     -211037.593750
781     -211050.437500
782     -211063.531250
783     -211076.156250
784     -211088.968750
785     -211101.484375
786     -211114.140625
787     -211126.656250
788     -211138.765625
789     -211151.343750
790     -211163.437500
791     -211175.812500
792     -211187.703125
793     -211199.750000
794     -211211.546875
795     -211223.265625
796     -211235.171875
797     -211246.593750
798     -211258.359375
799     -211270.015625
800     -211281.703125
801     -211293.046875
802     -211304.203125
803     -211316.000000
804     -211327.343750
805     -211338.140625
806     -211349.546875
807     -211360.281250
808     -211371.218750
809     -211382.156250
810     -211393.531250
811     -211404.375000
812     -211414.906250
813     -211425.765625
814     -211436.625000
815     -211447.203125
816     -211457.875000
817     -211468.140625
818     -211478.453125
819     -211488.718750
820     -211498.937500
821     -211509.156250
822     -211519.171875
823     -211529.250000
824     -211539.359375
825     -211549.000000
826     -211558.953125
827     -211568.718750
828     -211578.312500
829     -211588.187500
830     -211597.796875
831     -211607.312500
832     -211616.906250
833     -211626.046875
834     -211635.703125
835     -211644.828125
836     -211654.031250
837     -211663.343750
838     -211672.500000
839     -211681.578125
840     -211690.531250
841     -211699.578125
842     -211708.625000
843     -211717.625000
844     -211726.218750
845     -211735.000000
846     -211743.640625
847     -211752.359375
848     -211760.859375
849     -211769.656250
850     -211777.593750
851     -211786.078125
852     -211794.390625
853     -211802.546875
854     -211811.046875
855     -211819.093750
856     -211827.171875
857     -211835.437500
858     -211843.625000
859     -211851.359375
860     -211859.609375
861     -211867.562500
862     -211875.531250
863     -211883.437500
864     -211891.437500
865     -211899.421875
866     -211907.203125
867     -211914.984375
868     -211922.671875
869     -211930.234375
870     -211937.937500
871     -211945.656250
872     -211953.343750
873     -211960.875000
874     -211968.468750
875     -211976.078125
876     -211983.281250
877     -211990.906250
878     -211998.453125
879     -212005.468750
880     -212012.828125
881     -212020.390625
882     -212027.812500
883     -212035.109375
884     -212042.312500
885     -212049.312500
886     -212056.500000
887     -212063.843750
888     -212070.781250
889     -212077.953125
890     -212084.968750
891     -212091.906250
892     -212099.093750
893     -212106.343750
894     -212113.109375
895     -212120.015625
896     -212127.031250
897     -212133.812500
898     -212140.656250
899     -212147.656250
900     -212154.437500
901     -212161.156250
902     -212168.046875
903     -212174.406250
904     -212181.312500
905     -212187.843750
906     -212194.406250
907     -212201.156250
908     -212207.875000
909     -212214.406250
910     -212220.765625
911     -212227.281250
912     -212233.937500
913     -212240.437500
914     -212246.906250
915     -212253.312500
916     -212259.406250
917     -212265.656250
918     -212271.906250
919     -212278.218750
920     -212284.390625
921     -212290.656250
922     -212296.750000
923     -212302.843750
924     -212309.078125
925     -212315.453125
926     -212321.375000
927     -212327.406250
928     -212333.687500
929     -212339.562500
930     -212345.406250
931     -212351.625000
932     -212357.484375
933     -212363.562500
934     -212369.421875
935     -212375.625000
936     -212381.437500
937     -212387.125000
938     -212393.000000
939     -212398.781250
940     -212404.687500
941     -212410.671875
942     -212416.343750
943     -212422.250000
944     -212428.265625
945     -212433.703125
946     -212439.625000
947     -212445.187500
948     -212451.062500
949     -212456.812500
950     -212462.296875
951     -212468.296875
952     -212473.906250
953     -212479.562500
954     -212485.015625
955     -212490.765625
956     -212496.296875
957     -212501.687500
958     -212507.187500
959     -212512.687500
960     -212518.250000
961     -212523.906250
962     -212529.406250
963     -212534.562500
964     -212540.218750
965     -212545.921875
966     -212551.093750
967     -212556.765625
968     -212562.078125
969     -212567.531250
970     -212572.750000
971     -212578.484375
972     -212583.843750
973     -212589.250000
974     -212594.484375
975     -212599.828125
976     -212605.328125
977     -212610.531250
978     -212615.859375
979     -212621.203125
980     -212626.578125
981     -212631.750000
982     -212636.921875
983     -212642.390625
984     -212647.625000
985     -212652.750000
986     -212657.953125
987     -212663.156250
988     -212668.468750
989     -212673.453125
990     -212678.421875
991     -212683.687500
992     -212688.781250
993     -212693.968750
994     -212699.062500
995     -212703.906250
996     -212709.203125
997     -212714.250000
998     -212719.390625
999     -212724.218750
1000    -212729.250000
1001    -212734.390625
1002    -212739.343750
1003    -212744.390625
1004    -212749.234375
1005    -212754.265625
1006    -212759.218750
1007    -212764.109375
1008    -212769.250000
1009    -212774.281250
1010    -212778.937500
1011    -212783.812500
1012    -212788.546875
1013    -212793.281250
1014    -212798.296875
1015    -212803.156250
1016    -212807.875000
1017    -212812.906250
1018    -212817.421875
1019    -212822.312500
1020    -212827.218750
1021    -212831.859375
1022    -212836.531250
1023    -212841.328125
1024    -212846.171875
1025    -212850.890625
1026    -212855.562500
1027    -212860.187500
1028    -212864.921875
1029    -212869.609375
1030    -212874.312500
1031    -212879.046875
1032    -212883.718750
1033    -212888.453125
1034    -212892.890625
1035    -212897.593750
1036    -212902.312500
1037    -212906.781250
1038    -212911.296875
1039    -212915.906250
1040    -212920.562500
1041    -212925.031250
1042    -212929.750000
1043    -212933.906250
1044    -212938.578125
1045    -212943.203125
1046    -212947.656250
1047    -212951.890625
1048    -212956.750000
1049    -212961.031250
1050    -212965.484375
1051    -212969.937500
1052    -212974.437500
1053    -212978.687500
1054    -212983.093750
1055    -212987.531250
1056    -212991.718750
1057    -212996.234375
1058    -213000.593750
1059    -213004.953125
1060    -213009.234375
1061    -213013.656250
1062    -213017.718750
1063    -213021.937500
1064    -213026.156250
1065    -213030.453125
1066    -213034.781250
1067    -213039.062500
1068    -213043.234375
1069    -213047.437500
1070    -213051.609375
1071    -213055.578125
1072    -213059.812500
1073    -213064.093750
1074    -213068.281250
1075    -213072.343750
1076    -213076.453125
1077    -213080.750000
1078    -213084.906250
1079    -213088.750000
1080    -213093.015625
1081    -213097.218750
1082    -213101.078125
1083    -213105.187500
1084    -213109.125000
1085    -213113.093750
1086    -213117.265625
1087    -213121.250000
1088    -213125.187500
1089    -213129.203125
1090    -213133.250000
1091    -213137.000000
1092    -213140.843750
1093    -213144.796875
1094    -213148.828125
1095    -213152.890625
1096    -213156.703125
1097    -213160.625000
1098    -213164.781250
1099    -213168.656250
1100    -213172.437500
1101    -213176.234375
1102    -213180.031250
1103    -213184.203125
1104    -213187.765625
1105    -213191.875000
1106    -213195.593750
1107    -213199.406250
1108    -213203.203125
1109    -213206.968750
1110    -213210.875000
1111    -213214.703125
1112    -213218.562500
1113    -213222.343750
1114    -213225.890625
1115    -213229.968750
1116    -213233.640625
1117    -213237.140625
1118    -213240.796875
1119    -213244.750000
1120    -213248.468750
1121    -213252.156250
1122    -213255.890625
1123    -213259.531250
1124    -213263.234375
1125    -213266.937500
1126    -213270.500000
1127    -213274.109375
1128    -213277.796875
1129    -213281.312500
1130    -213284.906250
1131    -213288.453125
1132    -213291.937500
1133    -213295.359375
1134    -213299.093750
1135    -213302.656250
1136    -213306.343750
1137    -213309.781250
1138    -213313.375000
1139    -213316.937500
1140    -213320.296875
1141    -213323.687500
1142    -213327.281250
1143    -213330.625000
1144    -213334.125000
1145    -213337.375000
1146    -213340.718750
1147    -213344.531250
1148    -213347.890625
1149    -213351.359375
1150    -213354.812500
1151    -213357.953125
1152    -213361.265625
1153    -213364.781250
1154    -213368.187500
1155    -213371.437500
1156    -213374.687500
1157    -213378.156250
1158    -213381.515625
1159    -213384.718750
1160    -213387.968750
1161    -213391.265625
1162    -213394.562500
1163    -213397.984375
1164    -213401.093750
1165    -213404.343750
1166    -213407.750000
1167    -213410.937500
1168    -213414.468750
1169    -213417.718750
1170    -213420.718750
1171    -213423.812500
1172    -213427.218750
1173    -213430.406250
1174    -213433.593750
1175    -213436.796875
1176    -213439.968750
1177    -213443.062500
1178    -213446.125000
1179    -213449.531250
1180    -213452.484375
1181    -213455.406250
1182    -213458.750000
1183    -213461.937500
1184    -213465.156250
1185    -213468.171875
1186    -213471.312500
1187    -213474.406250
1188    -213477.750000
1189    -213480.593750
1190    -213483.625000
1191    -213486.875000
1192    -213490.062500
1193    -213493.125000
1194    -213495.968750
1195    -213499.312500
1196    -213502.093750
1197    -213505.218750
1198    -213508.171875
1199    -213511.437500
1200    -213514.281250
1201    -213517.468750
1202    -213520.312500
1203    -213523.406250
1204    -213526.671875
1205    -213529.656250
1206    -213532.671875
1207    -213535.781250
1208    -213538.640625
1209    -213541.593750
1210    -213544.750000
1211    -213547.593750
1212    -213550.687500
1213    -213553.687500
1214    -213556.687500
1215    -213559.812500
1216    -213562.578125
1217    -213565.750000
1218    -213568.609375
1219    -213571.578125
1220    -213574.578125
1221    -213577.531250
1222    -213580.453125
1223    -213583.453125
1224    -213586.437500
1225    -213589.500000
1226    -213592.281250
1227    -213595.156250
1228    -213598.281250
1229    -213600.968750
1230    -213604.031250
1231    -213606.828125
1232    -213609.718750
1233    -213612.734375
1234    -213615.625000
1235    -213618.484375
1236    -213621.093750
1237    -213624.078125
1238    -213626.937500
1239    -213629.843750
1240    -213632.796875
1241    -213635.406250
1242    -213638.250000
1243    -213641.062500
1244    -213643.875000
1245    -213646.718750
1246    -213649.656250
1247    -213652.343750
1248    -213655.156250
1249    -213657.812500
1250    -213660.781250
1251    -213663.515625
1252    -213666.281250
1253    -213669.000000
1254    -213671.843750
1255    -213674.656250
1256    -213677.390625
1257    -213680.140625
1258    -213682.765625
1259    -213685.531250
1260    -213688.375000
1261    -213691.109375
1262    -213693.843750
1263    -213696.421875
1264    -213699.125000
1265    -213701.968750
1266    -213704.625000
1267    -213707.484375
1268    -213710.062500
1269    -213712.718750
1270    -213715.562500
1271    -213718.062500
1272    -213720.687500
1273    -213723.343750
1274    -213726.093750
1275    -213728.812500
1276    -213731.312500
1277    -213734.031250
1278    -213736.531250
1279    -213739.281250
1280    -213741.890625
1281    -213744.437500
1282    -213747.000000
1283    -213749.718750
1284    -213752.156250
1285    -213754.890625
1286    -213757.437500
1287    -213759.937500
1288    -213762.468750
1289    -213765.187500
1290    -213767.687500
1291    -213770.265625
1292    -213772.656250
1293    -213775.171875
1294    -213777.843750
1295    -213780.312500
1296    -213782.812500
1297    -213785.437500
1298    -213787.921875
1299    -213790.468750
1300    -213793.046875
1301    -213795.453125
1302    -213798.062500
1303    -213800.500000
1304    -213802.937500
1305    -213805.500000
1306    -213808.031250
1307    -213810.500000
1308    -213813.187500
1309    -213815.500000
1310    -213817.937500
1311    -213820.343750
1312    -213822.875000
1313    -213825.468750
1314    -213827.718750
1315    -213830.250000
1316    -213832.609375
1317    -213835.156250
1318    -213837.546875
1319    -213840.031250
1320    -213842.265625
1321    -213844.593750
1322    -213847.062500
1323    -213849.718750
1324    -213852.125000
1325    -213854.453125
1326    -213856.906250
1327    -213859.187500
1328    -213861.671875
1329    -213863.968750
1330    -213866.328125
1331    -213868.625000
1332    -213871.046875
1333    -213873.281250
1334    -213875.640625
1335    -213878.250000
1336    -213880.468750
1337    -213882.953125
1338    -213885.156250
1339    -213887.468750
1340    -213889.859375
1341    -213892.015625
1342    -213894.375000
1343    -213896.781250
1344    -213899.125000
1345    -213901.203125
1346    -213903.546875
1347    -213905.781250
1348    -213907.968750
1349    -213910.375000
1350    -213912.500000
1351    -213914.781250
1352    -213916.859375
1353    -213919.343750
1354    -213921.593750
1355    -213923.734375
1356    -213925.921875
1357    -213928.328125
1358    -213930.421875
1359    -213932.718750
1360    -213934.828125
1361    -213937.187500
1362    -213939.281250
1363    -213941.531250
1364    -213943.781250
1365    -213945.968750
1366    -213948.125000
1367    -213950.312500
1368    -213952.562500
1369    -213954.765625
1370    -213956.921875
1371    -213959.109375
1372    -213961.250000
1373    -213963.328125
1374    -213965.531250
1375    -213967.625000
1376    -213969.781250
1377    -213972.031250
1378    -213974.062500
1379    -213976.062500
1380    -213978.375000
1381    -213980.437500
1382    -213982.578125
1383    -213984.687500
1384    -213986.687500
1385    -213988.906250
1386    -213990.906250
1387    -213993.125000
1388    -213995.234375
1389    -213997.281250
1390    -213999.468750
1391    -214001.593750
1392    -214003.546875
1393    -214005.718750
1394    -214007.750000
1395    -214009.875000
1396    -214011.921875
1397    -214013.906250
1398    -214016.093750
1399    -214018.093750
1400    -214020.218750
1401    -214022.281250
1402    -214024.281250
1403    -214026.453125
1404    -214028.531250
1405    -214030.500000
1406    -214032.593750
1407    -214034.531250
1408    -214036.593750
1409    -214038.593750
1410    -214040.718750
1411    -214042.609375
1412    -214044.671875
1413    -214046.781250
1414    -214048.578125
1415    -214050.812500
1416    -214052.765625
1417    -214054.812500
1418    -214056.750000
1419    -214058.656250
1420    -214060.843750
1421    -214062.656250
1422    -214064.656250
1423    -214066.750000
1424    -214068.718750
1425    -214070.687500
1426    -214072.718750
1427    -214074.625000
1428    -214076.718750
1429    -214078.625000
1430    -214080.578125
1431    -214082.406250
1432    -214084.468750
1433    -214086.390625
1434    -214088.343750
1435    -214090.156250
1436    -214092.000000
1437    -214093.968750
1438    -214095.750000
1439    -214097.750000
1440    -214099.687500
1441    -214101.484375
1442    -214103.312500
1443    -214105.218750
1444    -214107.125000
1445    -214108.968750
1446    -214110.937500
1447    -214112.750000
