Step            Loss
--------------------
1         209.983795
2        -190.104614
3        -590.402588
4        -990.619629
5       -1390.666016
6       -1790.178955
7       -2191.189697
8       -2590.547363
9       -2990.655273
10      -3391.019775
11      -3790.384766
12      -4191.853027
13      -4591.427734
14      -4992.839844
15      -5392.864258
16      -5794.176758
17      -6193.585938
18      -6595.676270
19      -6995.928711
20      -7396.763672
21      -7797.802734
22      -8199.945312
23      -8600.761719
24      -9003.654297
25      -9404.869141
26      -9807.725586
27      -10209.583984
28      -10613.695312
29      -11016.482422
30      -11419.137695
31      -11823.732422
32      -12227.794922
33      -12632.314453
34      -13036.516602
35      -13442.673828
36      -13848.306641
37      -14254.973633
38      -14661.078125
39      -15069.376953
40      -15475.662109
41      -15886.089844
42      -16293.849609
43      -16703.117188
44      -17113.138672
45      -17523.734375
46      -17934.519531
47      -18346.261719
48      -18758.488281
49      -19171.867188
50      -19584.695312
51      -19999.300781
52      -20414.123047
53      -20829.181641
54      -21245.978516
55      -21663.445312
56      -22081.015625
57      -22499.949219
58      -22918.457031
59      -23338.929688
60      -23759.693359
61      -24180.658203
62      -24604.230469
63      -25027.369141
64      -25451.207031
65      -25877.062500
66      -26302.662109
67      -26729.298828
68      -27156.568359
69      -27585.558594
70      -28014.855469
71      -28445.472656
72      -28876.613281
73      -29308.181641
74      -29741.234375
75      -30175.429688
76      -30610.351562
77      -31047.220703
78      -31483.535156
79      -31921.402344
80      -32359.771484
81      -32800.320312
82      -33240.304688
83      -33683.003906
84      -34125.710938
85      -34568.539062
86      -35014.441406
87      -35460.617188
88      -35906.074219
89      -36354.515625
90      -36803.757812
91      -37253.628906
92      -37704.199219
93      -38155.386719
94      -38608.957031
95      -39063.507812
96      -39517.500000
97      -39974.222656
98      -40429.718750
99      -40888.718750
100     -41348.347656
101     -41808.078125
102     -42269.019531
103     -42730.929688
104     -43194.203125
105     -43659.156250
106     -44123.492188
107     -44589.398438
108     -45056.554688
109     -45524.804688
110     -45994.148438
111     -46464.617188
112     -46935.449219
113     -47407.890625
114     -47882.593750
115     -48354.265625
116     -48829.960938
117     -49306.367188
118     -49783.824219
119     -50261.503906
120     -50739.964844
121     -51220.414062
122     -51701.007812
123     -52182.593750
124     -52666.242188
125     -53148.542969
126     -53633.773438
127     -54119.210938
128     -54604.121094
129     -55093.371094
130     -55580.742188
131     -56070.277344
132     -56560.343750
133     -57050.312500
134     -57542.101562
135     -58034.230469
136     -58528.855469
137     -59020.984375
138     -59516.289062
139     -60012.097656
140     -60509.007812
141     -61005.152344
142     -61503.164062
143     -62003.253906
144     -62502.253906
145     -63001.062500
146     -63501.894531
147     -64004.304688
148     -64506.109375
149     -65009.242188
150     -65512.339844
151     -66017.492188
152     -66522.453125
153     -67026.953125
154     -67533.796875
155     -68039.359375
156     -68547.890625
157     -69054.664062
158     -69563.750000
159     -70072.609375
160     -70581.039062
161     -71092.195312
162     -71602.570312
163     -72112.195312
164     -72623.179688
165     -73136.015625
166     -73648.375000
167     -74161.718750
168     -74674.765625
169     -75187.984375
170     -75702.156250
171     -76216.703125
172     -76731.007812
173     -77245.031250
174     -77761.054688
175     -78275.765625
176     -78793.265625
177     -79307.429688
178     -79824.468750
179     -80341.125000
180     -80857.859375
181     -81375.109375
182     -81891.328125
183     -82411.140625
184     -82927.562500
185     -83444.609375
186     -83962.421875
187     -84480.484375
188     -84997.625000
189     -85516.648438
190     -86033.546875
191     -86553.000000
192     -87070.281250
193     -87589.203125
194     -88106.554688
195     -88624.281250
196     -89142.750000
197     -89660.765625
198     -90178.750000
199     -90697.000000
200     -91214.039062
201     -91730.765625
202     -92249.531250
203     -92767.335938
204     -93281.781250
205     -93799.359375
206     -94316.265625
207     -94832.367188
208     -95349.437500
209     -95864.546875
210     -96381.093750
211     -96894.351562
212     -97411.960938
213     -97925.867188
214     -98439.789062
215     -98954.523438
216     -99467.281250
217     -99981.320312
218     -100493.265625
219     -101005.585938
220     -101518.046875
221     -102030.390625
222     -102540.359375
223     -103051.140625
224     -103562.054688
225     -104071.281250
226     -104580.453125
227     -105089.031250
228     -105596.875000
229     -106104.656250
230     -106611.351562
231     -107117.937500
232     -107624.015625
233     -108128.984375
234     -108633.671875
235     -109138.156250
236     -109640.265625
237     -110141.984375
238     -110643.578125
239     -111144.132812
240     -111645.609375
241     -112144.710938
242     -112642.765625
243     -113138.890625
244     -113638.375000
245     -114132.265625
246     -114627.734375
247     -115122.421875
248     -115615.679688
249     -116108.710938
250     -116601.210938
251     -117091.468750
252     -117580.671875
253     -118070.781250
254     -118559.453125
255     -119046.937500
256     -119533.796875
257     -120020.609375
258     -120504.140625
259     -120987.359375
260     -121470.265625
261     -121952.320312
262     -122432.000000
263     -122912.250000
264     -123390.625000
265     -123868.000000
266     -124346.046875
267     -124820.265625
268     -125294.453125
269     -125766.867188
270     -126240.718750
271     -126710.453125
272     -127181.109375
273     -127649.992188
274     -128119.421875
275     -128585.085938
276     -129049.164062
277     -129514.656250
278     -129978.375000
279     -130441.304688
280     -130901.609375
281     -131360.468750
282     -131819.750000
283     -132277.125000
284     -132733.515625
285     -133188.734375
286     -133643.312500
287     -134095.828125
288     -134547.625000
289     -134997.437500
290     -135447.906250
291     -135893.875000
292     -136340.500000
293     -136785.468750
294     -137231.156250
295     -137671.453125
296     -138114.812500
297     -138554.453125
298     -138994.109375
299     -139431.906250
300     -139865.921875
301     -140302.187500
302     -140736.437500
303     -141169.093750
304     -141600.234375
305     -142030.187500
306     -142458.531250
307     -142886.218750
308     -143311.828125
309     -143734.875000
310     -144160.171875
311     -144579.781250
312     -145000.000000
313     -145419.156250
314     -145836.062500
315     -146252.140625
316     -146666.187500
317     -147077.625000
318     -147489.406250
319     -147899.406250
320     -148307.953125
321     -148716.218750
322     -149122.375000
323     -149525.531250
324     -149929.625000
325     -150329.062500
326     -150729.890625
327     -151126.031250
328     -151523.843750
329     -151918.250000
330     -152312.906250
331     -152705.125000
332     -153095.500000
333     -153485.203125
334     -153871.625000
335     -154258.531250
336     -154642.187500
337     -155025.281250
338     -155405.484375
339     -155785.156250
340     -156164.781250
341     -156541.937500
342     -156915.187500
343     -157289.234375
344     -157661.031250
345     -158032.843750
346     -158401.375000
347     -158769.156250
348     -159135.781250
349     -159499.375000
350     -159862.250000
351     -160223.156250
352     -160584.312500
353     -160941.187500
354     -161299.546875
355     -161654.218750
356     -162007.187500
357     -162359.562500
358     -162709.937500
359     -163058.437500
360     -163406.171875
361     -163753.078125
362     -164098.781250
363     -164442.421875
364     -164781.468750
365     -165120.906250
366     -165459.093750
367     -165796.203125
368     -166132.031250
369     -166464.203125
370     -166797.062500
371     -167127.234375
372     -167456.656250
373     -167785.437500
374     -168109.859375
375     -168434.187500
376     -168757.750000
377     -169079.734375
378     -169397.625000
379     -169715.718750
380     -170032.125000
381     -170347.250000
382     -170661.718750
383     -170972.468750
384     -171282.296875
385     -171589.859375
386     -171897.312500
387     -172202.656250
388     -172506.328125
389     -172809.406250
390     -173109.250000
391     -173408.031250
392     -173704.531250
393     -174000.609375
394     -174295.578125
395     -174587.859375
396     -174880.531250
397     -175166.562500
398     -175455.437500
399     -175744.281250
400     -176028.562500
401     -176314.515625
402     -176594.468750
403     -176874.062500
404     -177153.437500
405     -177431.218750
406     -177707.312500
407     -177982.656250
408     -178253.281250
409     -178524.937500
410     -178797.250000
411     -179065.593750
412     -179333.031250
413     -179598.671875
414     -179862.109375
415     -180124.468750
416     -180385.000000
417     -180645.359375
418     -180903.453125
419     -181159.937500
420     -181413.031250
421     -181668.218750
422     -181919.093750
423     -182168.859375
424     -182416.718750
425     -182663.437500
426     -182909.781250
427     -183153.343750
428     -183396.000000
429     -183636.953125
430     -183876.359375
431     -184113.937500
432     -184351.578125
433     -184586.625000
434     -184820.875000
435     -185055.562500
436     -185284.453125
437     -185514.421875
438     -185742.187500
439     -185968.125000
440     -186194.781250
441     -186417.625000
442     -186641.468750
443     -186861.281250
444     -187080.562500
445     -187299.062500
446     -187517.000000
447     -187730.453125
448     -187946.031250
449     -188158.187500
450     -188369.125000
451     -188580.781250
452     -188787.781250
453     -188995.734375
454     -189203.453125
455     -189407.562500
456     -189610.562500
457     -189812.484375
458     -190011.296875
459     -190210.609375
460     -190408.781250
461     -190603.218750
462     -190798.921875
463     -190991.812500
464     -191184.750000
465     -191375.843750
466     -191563.437500
467     -191751.421875
468     -191937.468750
469     -192121.625000
470     -192306.406250
471     -192487.750000
472     -192667.250000
473     -192847.906250
474     -193026.968750
475     -193204.234375
476     -193380.531250
477     -193555.750000
478     -193728.750000
479     -193900.218750
480     -194071.437500
481     -194240.000000
482     -194408.281250
483     -194575.406250
484     -194740.718750
485     -194904.468750
486     -195067.187500
487     -195227.875000
488     -195387.781250
489     -195547.109375
490     -195702.890625
491     -195859.250000
492     -196013.875000
493     -196167.875000
494     -196320.250000
495     -196472.890625
496     -196621.062500
497     -196770.859375
498     -196918.875000
499     -197066.562500
500     -197211.125000
501     -197355.421875
502     -197498.968750
503     -197642.656250
504     -197783.937500
505     -197923.296875
506     -198062.625000
507     -198200.968750
508     -198337.250000
509     -198472.937500
510     -198606.531250
511     -198739.781250
512     -198872.328125
513     -199002.671875
514     -199132.921875
515     -199262.500000
516     -199388.609375
517     -199516.078125
518     -199640.625000
519     -199765.843750
520     -199888.562500
521     -200011.843750
522     -200132.156250
523     -200253.609375
524     -200374.218750
525     -200491.562500
526     -200607.593750
527     -200725.000000
528     -200839.156250
529     -200953.031250
530     -201066.281250
531     -201177.984375
532     -201288.750000
533     -201399.156250
534     -201507.546875
535     -201615.468750
536     -201722.984375
537     -201829.843750
538     -201934.812500
539     -202039.906250
540     -202143.031250
541     -202244.968750
542     -202346.859375
543     -202447.750000
544     -202546.968750
545     -202646.312500
546     -202743.359375
547     -202839.453125
548     -202934.718750
549     -203029.984375
550     -203122.843750
551     -203216.562500
552     -203309.484375
553     -203399.906250
554     -203490.234375
555     -203580.750000
556     -203670.859375
557     -203758.609375
558     -203846.093750
559     -203933.062500
560     -204019.375000
561     -204104.046875
562     -204189.562500
563     -204272.906250
564     -204355.578125
565     -204437.640625
566     -204517.968750
567     -204599.921875
568     -204678.562500
569     -204757.796875
570     -204836.250000
571     -204912.859375
572     -204990.812500
573     -205066.406250
574     -205141.359375
575     -205217.046875
576     -205290.468750
577     -205364.281250
578     -205436.125000
579     -205508.031250
580     -205579.265625
581     -205650.578125
582     -205719.468750
583     -205790.375000
584     -205859.093750
585     -205926.437500
586     -205995.375000
587     -206061.968750
588     -206128.312500
589     -206195.031250
590     -206259.687500
591     -206324.515625
592     -206389.078125
593     -206453.046875
594     -206515.718750
595     -206579.125000
596     -206640.812500
597     -206702.031250
598     -206763.218750
599     -206823.671875
600     -206882.859375
601     -206941.796875
602     -207001.031250
603     -207057.281250
604     -207114.906250
605     -207172.078125
606     -207228.187500
607     -207284.187500
608     -207338.984375
609     -207393.843750
610     -207447.781250
611     -207501.187500
612     -207553.125000
613     -207606.140625
614     -207657.593750
615     -207708.078125
616     -207759.328125
617     -207809.750000
618     -207858.468750
619     -207908.125000
620     -207956.515625
621     -208003.625000
622     -208050.843750
623     -208098.421875
624     -208143.718750
625     -208189.703125
626     -208234.531250
627     -208279.593750
628     -208324.843750
629     -208368.640625
630     -208412.328125
631     -208456.109375
632     -208499.218750
633     -208542.000000
634     -208584.203125
635     -208627.250000
636     -208667.375000
637     -208709.343750
638     -208749.765625
639     -208790.718750
640     -208830.281250
641     -208870.625000
642     -208910.171875
643     -208949.390625
644     -208988.531250
645     -209026.187500
646     -209064.437500
647     -209102.312500
648     -209139.890625
649     -209176.421875
650     -209212.734375
651     -209249.156250
652     -209285.078125
653     -209320.562500
654     -209355.421875
655     -209390.609375
656     -209424.578125
657     -209458.328125
658     -209492.687500
659     -209525.656250
660     -209558.781250
661     -209591.031250
662     -209623.093750
663     -209655.656250
664     -209686.812500
665     -209718.750000
666     -209749.718750
667     -209780.781250
668     -209811.406250
669     -209842.125000
670     -209872.031250
671     -209902.000000
672     -209931.671875
673     -209961.500000
674     -209990.406250
675     -210019.734375
676     -210048.359375
677     -210077.093750
678     -210104.812500
679     -210132.718750
680     -210160.437500
681     -210187.968750
682     -210214.640625
683     -210241.609375
684     -210267.953125
685     -210294.312500
686     -210320.156250
687     -210346.093750
688     -210371.937500
689     -210397.437500
690     -210422.578125
691     -210447.828125
692     -210472.562500
693     -210497.468750
694     -210521.500000
695     -210545.968750
696     -210570.312500
697     -210594.109375
698     -210618.093750
699     -210641.734375
700     -210665.750000
701     -210688.968750
702     -210712.156250
703     -210735.375000
704     -210758.328125
705     -210781.000000
706     -210803.093750
707     -210825.328125
708     -210847.218750
709     -210869.265625
710     -210890.687500
711     -210912.125000
712     -210933.125000
713     -210954.406250
714     -210974.921875
715     -210995.843750
716     -211015.687500
717     -211036.437500
718     -211056.718750
719     -211076.765625
720     -211096.750000
721     -211116.593750
722     -211136.187500
723     -211155.765625
724     -211175.187500
725     -211194.437500
726     -211213.593750
727     -211232.281250
728     -211251.218750
729     -211269.625000
730     -211288.125000
731     -211306.500000
732     -211324.546875
733     -211342.593750
734     -211360.421875
735     -211378.000000
736     -211395.578125
737     -211413.062500
738     -211430.234375
739     -211447.656250
740     -211464.921875
741     -211481.687500
742     -211498.265625
743     -211515.156250
744     -211531.843750
745     -211548.359375
746     -211564.875000
747     -211581.281250
748     -211597.265625
749     -211613.359375
750     -211629.218750
751     -211644.968750
752     -211660.687500
753     -211676.343750
754     -211691.734375
755     -211706.968750
756     -211722.421875
757     -211737.750000
758     -211752.687500
759     -211767.765625
760     -211782.609375
761     -211797.250000
762     -211812.078125
763     -211826.906250
764     -211841.281250
765     -211855.593750
766     -211870.015625
767     -211884.265625
768     -211898.281250
769     -211912.031250
770     -211925.953125
771     -211939.531250
772     -211952.906250
773     -211966.531250
774     -211980.312500
775     -211993.531250
776     -212006.812500
777     -212020.156250
778     -212033.718750
779     -212046.468750
780     -212059.562500
781     -212072.562500
782     -212085.281250
783     -212098.140625
784     -212110.593750
785     -212123.187500
786     -212135.750000
787     -212148.218750
788     -212160.531250
789     -212173.000000
790     -212185.156250
791     -212197.515625
792     -212209.687500
793     -212221.593750
794     -212233.531250
795     -212245.250000
796     -212257.062500
797     -212268.875000
798     -212280.187500
799     -212291.906250
800     -212302.968750
801     -212314.468750
802     -212326.062500
803     -212337.218750
804     -212348.328125
805     -212359.421875
806     -212370.375000
807     -212381.421875
808     -212392.656250
809     -212403.281250
810     -212414.171875
811     -212424.937500
812     -212435.656250
813     -212446.187500
814     -212456.828125
815     -212467.156250
816     -212477.781250
817     -212487.984375
818     -212498.312500
819     -212508.328125
820     -212518.406250
821     -212528.562500
822     -212538.234375
823     -212548.312500
824     -212558.250000
825     -212567.750000
826     -212577.687500
827     -212587.296875
828     -212597.062500
829     -212606.765625
830     -212616.281250
831     -212625.812500
832     -212635.234375
833     -212644.562500
834     -212653.593750
835     -212662.968750
836     -212672.000000
837     -212681.000000
838     -212690.406250
839     -212699.343750
840     -212708.421875
841     -212717.281250
842     -212726.109375
843     -212734.781250
844     -212743.703125
845     -212752.406250
846     -212761.031250
847     -212769.968750
848     -212778.250000
849     -212786.812500
850     -212795.296875
851     -212803.906250
852     -212812.250000
853     -212820.656250
854     -212829.093750
855     -212837.312500
856     -212845.781250
857     -212853.562500
858     -212861.765625
859     -212870.171875
860     -212878.125000
861     -212886.375000
862     -212894.734375
863     -212902.312500
864     -212910.218750
865     -212918.234375
866     -212925.984375
867     -212933.875000
868     -212941.437500
869     -212949.250000
870     -212956.828125
871     -212964.609375
872     -212971.953125
873     -212979.656250
874     -212986.984375
875     -212994.218750
876     -213001.812500
877     -213009.343750
878     -213016.500000
879     -213023.562500
880     -213031.031250
881     -213038.125000
882     -213045.125000
883     -213052.453125
884     -213059.531250
885     -213066.437500
886     -213073.468750
887     -213080.875000
888     -213087.468750
889     -213094.359375
890     -213101.562500
891     -213108.437500
892     -213114.859375
893     -213122.062500
894     -213128.703125
895     -213135.562500
896     -213142.265625
897     -213149.062500
898     -213155.906250
899     -213162.671875
900     -213169.062500
901     -213175.843750
902     -213182.437500
903     -213189.046875
904     -213195.781250
905     -213201.875000
906     -213208.437500
907     -213215.031250
908     -213221.562500
909     -213227.875000
910     -213234.250000
911     -213240.687500
912     -213247.046875
913     -213253.125000
914     -213259.828125
915     -213265.734375
916     -213271.812500
917     -213278.234375
918     -213284.281250
919     -213290.468750
920     -213296.750000
921     -213302.656250
922     -213308.531250
923     -213314.671875
924     -213320.687500
925     -213326.453125
926     -213332.437500
927     -213338.234375
928     -213343.937500
929     -213349.968750
930     -213355.984375
931     -213361.812500
932     -213367.265625
933     -213373.203125
934     -213378.921875
935     -213384.531250
936     -213390.343750
937     -213396.093750
938     -213401.687500
939     -213407.281250
940     -213413.062500
941     -213418.656250
942     -213424.265625
943     -213429.796875
944     -213435.250000
945     -213440.781250
946     -213446.390625
947     -213451.734375
948     -213457.390625
949     -213462.500000
950     -213467.765625
951     -213473.296875
952     -213478.593750
953     -213483.921875
954     -213489.031250
955     -213494.375000
956     -213499.718750
957     -213504.750000
958     -213510.062500
959     -213515.375000
960     -213520.312500
961     -213525.375000
962     -213530.562500
963     -213535.984375
964     -213540.812500
965     -213545.765625
966     -213551.031250
967     -213555.968750
968     -213561.000000
969     -213565.718750
970     -213570.859375
971     -213575.437500
972     -213580.546875
973     -213585.406250
974     -213590.250000
975     -213594.828125
976     -213599.906250
977     -213604.687500
978     -213609.484375
979     -213614.218750
980     -213619.281250
981     -213623.968750
982     -213628.296875
983     -213633.281250
984     -213637.843750
985     -213642.281250
986     -213647.125000
987     -213651.687500
988     -213656.218750
989     -213660.812500
990     -213665.468750
991     -213670.031250
992     -213674.609375
993     -213679.109375
994     -213683.343750
995     -213687.984375
996     -213692.437500
997     -213696.953125
998     -213701.531250
999     -213706.125000
1000    -213710.437500
1001    -213714.734375
1002    -213718.968750
1003    -213723.593750
1004    -213727.906250
1005    -213732.328125
1006    -213736.687500
1007    -213740.937500
1008    -213745.421875
1009    -213749.593750
1010    -213753.953125
1011    -213758.390625
1012    -213762.531250
1013    -213766.796875
1014    -213771.000000
1015    -213775.328125
1016    -213779.468750
1017    -213783.671875
1018    -213788.109375
1019    -213792.250000
1020    -213796.281250
1021    -213800.703125
1022    -213805.062500
1023    -213809.031250
1024    -213813.343750
1025    -213817.437500
1026    -213821.437500
1027    -213825.625000
1028    -213829.734375
1029    -213834.031250
1030    -213838.187500
1031    -213842.234375
1032    -213846.187500
1033    -213850.218750
1034    -213854.437500
1035    -213858.453125
1036    -213862.562500
1037    -213866.718750
1038    -213870.593750
1039    -213874.640625
1040    -213878.562500
1041    -213882.578125
1042    -213886.687500
1043    -213890.484375
1044    -213894.609375
1045    -213898.500000
1046    -213902.250000
1047    -213906.343750
1048    -213910.078125
1049    -213914.093750
1050    -213918.125000
1051    -213922.000000
1052    -213925.968750
1053    -213929.781250
1054    -213933.734375
1055    -213937.406250
1056    -213941.359375
1057    -213945.156250
1058    -213949.125000
1059    -213952.843750
1060    -213956.718750
1061    -213960.531250
1062    -213964.625000
1063    -213968.187500
1064    -213971.750000
1065    -213975.562500
1066    -213979.421875
1067    -213983.218750
1068    -213986.906250
1069    -213990.687500
1070    -213994.437500
1071    -213998.437500
1072    -214002.234375
1073    -214005.921875
1074    -214009.437500
1075    -214013.265625
1076    -214017.140625
1077    -214020.718750
1078    -214024.500000
1079    -214027.937500
1080    -214031.796875
1081    -214035.375000
1082    -214039.203125
1083    -214042.812500
1084    -214046.484375
1085    -214050.250000
1086    -214053.906250
1087    -214057.500000
1088    -214061.187500
1089    -214064.781250
1090    -214068.375000
1091    -214071.875000
1092    -214075.593750
1093    -214079.125000
1094    -214082.578125
1095    -214086.156250
1096    -214089.796875
1097    -214093.375000
1098    -214096.968750
1099    -214100.343750
1100    -214104.015625
1101    -214107.593750
1102    -214111.093750
1103    -214114.562500
1104    -214118.265625
1105    -214121.578125
1106    -214125.281250
1107    -214128.718750
1108    -214132.250000
1109    -214135.656250
1110    -214139.156250
1111    -214142.671875
1112    -214146.250000
1113    -214149.671875
1114    -214153.234375
1115    -214156.656250
1116    -214160.296875
1117    -214163.781250
1118    -214167.125000
1119    -214170.390625
1120    -214174.093750
1121    -214177.390625
1122    -214181.046875
1123    -214184.531250
1124    -214187.875000
1125    -214191.203125
1126    -214194.812500
1127    -214198.125000
1128    -214201.515625
1129    -214204.906250
1130    -214208.265625
1131    -214211.609375
1132    -214215.125000
1133    -214218.390625
1134    -214221.734375
1135    -214225.093750
1136    -214228.531250
1137    -214232.046875
1138    -214235.281250
1139    -214238.437500
1140    -214242.062500
1141    -214245.343750
1142    -214248.656250
1143    -214252.203125
1144    -214255.156250
1145    -214258.687500
1146    -214262.031250
1147    -214265.468750
1148    -214268.593750
1149    -214271.921875
1150    -214275.250000
1151    -214278.546875
1152    -214281.687500
1153    -214285.156250
1154    -214288.562500
1155    -214291.843750
1156    -214294.937500
1157    -214298.187500
1158    -214301.421875
1159    -214304.718750
1160    -214308.015625
1161    -214311.265625
1162    -214314.531250
1163    -214317.687500
1164    -214320.968750
1165    -214324.281250
1166    -214327.468750
1167    -214330.578125
1168    -214333.671875
1169    -214336.968750
1170    -214340.000000
1171    -214343.359375
1172    -214346.515625
1173    -214349.593750
1174    -214352.703125
1175    -214355.906250
1176    -214358.968750
1177    -214362.171875
1178    -214365.421875
1179    -214368.562500
1180    -214371.593750
1181    -214374.781250
1182    -214378.000000
1183    -214380.906250
1184    -214383.859375
1185    -214387.078125
1186    -214390.171875
1187    -214393.234375
1188    -214396.281250
1189    -214399.296875
1190    -214402.250000
1191    -214405.500000
1192    -214408.406250
1193    -214411.515625
1194    -214414.484375
1195    -214417.437500
1196    -214420.500000
1197    -214423.406250
1198    -214426.437500
1199    -214429.562500
1200    -214432.562500
1201    -214435.437500
1202    -214438.406250
1203    -214441.562500
1204    -214444.406250
1205    -214447.421875
1206    -214450.468750
1207    -214453.296875
1208    -214456.187500
1209    -214459.234375
1210    -214462.109375
1211    -214465.171875
1212    -214468.031250
1213    -214471.234375
1214    -214473.953125
1215    -214477.109375
1216    -214479.765625
1217    -214482.812500
1218    -214485.593750
1219    -214488.437500
1220    -214491.687500
1221    -214494.343750
1222    -214497.218750
1223    -214500.125000
1224    -214502.890625
1225    -214505.875000
1226    -214508.781250
1227    -214511.531250
1228    -214514.234375
1229    -214517.187500
1230    -214520.109375
1231    -214522.781250
1232    -214525.609375
1233    -214528.375000
1234    -214531.281250
1235    -214533.921875
1236    -214536.781250
1237    -214539.609375
1238    -214542.250000
1239    -214545.000000
1240    -214547.625000
1241    -214550.562500
1242    -214553.250000
1243    -214555.875000
1244    -214558.500000
1245    -214561.375000
1246    -214564.187500
1247    -214566.750000
1248    -214569.375000
1249    -214572.031250
1250    -214574.734375
1251    -214577.500000
1252    -214580.125000
1253    -214582.781250
1254    -214585.406250
1255    -214588.125000
1256    -214590.781250
1257    -214593.484375
1258    -214596.265625
1259    -214598.781250
1260    -214601.453125
1261    -214604.093750
1262    -214606.687500
1263    -214609.281250
1264    -214611.953125
1265    -214614.468750
1266    -214617.031250
1267    -214619.718750
1268    -214622.375000
1269    -214624.750000
1270    -214627.359375
1271    -214630.000000
1272    -214632.687500
1273    -214635.031250
1274    -214637.671875
1275    -214640.218750
1276    -214642.687500
1277    -214645.281250
1278    -214647.781250
1279    -214650.312500
1280    -214652.812500
1281    -214655.375000
1282    -214657.843750
1283    -214660.421875
1284    -214662.781250
1285    -214665.265625
1286    -214667.781250
1287    -214670.218750
1288    -214672.750000
1289    -214675.234375
1290    -214677.531250
1291    -214680.078125
1292    -214682.437500
1293    -214684.953125
1294    -214687.218750
1295    -214689.875000
1296    -214692.171875
1297    -214694.593750
1298    -214696.875000
1299    -214699.343750
1300    -214701.812500
1301    -214704.062500
1302    -214706.515625
1303    -214708.906250
1304    -214711.406250
1305    -214713.765625
1306    -214716.218750
1307    -214718.593750
1308    -214720.906250
1309    -214723.437500
1310    -214725.609375
1311    -214728.015625
1312    -214730.437500
1313    -214732.687500
1314    -214735.031250
1315    -214737.250000
1316    -214739.781250
1317    -214742.125000
1318    -214744.500000
1319    -214746.656250
1320    -214749.000000
1321    -214751.531250
1322    -214753.562500
1323    -214756.000000
1324    -214758.015625
1325    -214760.468750
1326    -214762.718750
1327    -214765.093750
1328    -214767.343750
1329    -214769.546875
1330    -214771.812500
1331    -214773.968750
1332    -214776.562500
1333    -214778.687500
1334    -214780.875000
1335    -214783.078125
1336    -214785.359375
1337    -214787.750000
1338    -214789.859375
1339    -214792.156250
1340    -214794.375000
1341    -214796.484375
1342    -214798.781250
1343    -214801.000000
1344    -214803.093750
1345    -214805.312500
1346    -214807.625000
1347    -214809.671875
1348    -214812.015625
1349    -214814.187500
1350    -214816.125000
1351    -214818.312500
1352    -214820.500000
1353    -214822.562500
1354    -214824.781250
1355    -214826.968750
1356    -214829.062500
1357    -214831.031250
1358    -214833.265625
1359    -214835.437500
1360    -214837.500000
1361    -214839.656250
1362    -214841.718750
1363    -214843.812500
1364    -214845.921875
1365    -214848.062500
1366    -214850.093750
1367    -214852.187500
1368    -214854.109375
1369    -214856.312500
1370    -214858.500000
1371    -214860.406250
1372    -214862.640625
1373    -214864.500000
1374    -214866.500000
1375    -214868.718750
1376    -214870.843750
1377    -214872.812500
1378    -214874.906250
1379    -214876.953125
1380    -214878.937500
1381    -214881.218750
1382    -214883.062500
1383    -214885.312500
1384    -214887.312500
1385    -214889.375000
1386    -214891.390625
1387    -214893.375000
1388    -214895.343750
1389    -214897.625000
1390    -214899.593750
1391    -214901.562500
1392    -214903.500000
1393    -214905.656250
1394    -214907.546875
1395    -214909.625000
1396    -214911.640625
1397    -214913.687500
1398    -214915.671875
1399    -214917.687500
1400    -214919.750000
1401    -214921.593750
1402    -214923.609375
1403    -214925.500000
1404    -214927.500000
1405    -214929.531250
1406    -214931.437500
1407    -214933.437500
1408    -214935.343750
1409    -214937.437500
1410    -214939.406250
1411    -214941.406250
1412    -214943.234375
1413    -214945.218750
1414    -214947.281250
1415    -214949.218750
1416    -214951.218750
1417    -214953.218750
1418    -214955.125000
1419    -214957.125000
1420    -214958.937500
1421    -214960.906250
1422    -214962.734375
1423    -214964.656250
1424    -214966.453125
1425    -214968.593750
