Step            Loss
--------------------
1         240.909790
2        -162.397705
3        -565.309082
4        -969.632202
5       -1371.598145
6       -1775.384521
7       -2179.169434
8       -2582.296143
9       -2985.886230
10      -3388.581055
11      -3792.187256
12      -4195.571289
13      -4599.528809
14      -5002.958496
15      -5407.052734
16      -5811.250977
17      -6215.248047
18      -6618.854980
19      -7023.505371
20      -7427.926270
21      -7832.766113
22      -8237.371094
23      -8642.882812
24      -9049.235352
25      -9453.980469
26      -9859.985352
27      -10265.566406
28      -10672.834961
29      -11079.923828
30      -11486.793945
31      -11895.064453
32      -12302.773438
33      -12711.568359
34      -13119.592773
35      -13529.821289
36      -13939.523438
37      -14349.323242
38      -14760.794922
39      -15172.181641
40      -15584.189453
41      -15996.814453
42      -16409.048828
43      -16823.343750
44      -17237.234375
45      -17652.210938
46      -18067.501953
47      -18484.285156
48      -18901.214844
49      -19318.898438
50      -19736.628906
51      -20156.082031
52      -20575.515625
53      -20996.203125
54      -21417.955078
55      -21839.242188
56      -22262.785156
57      -22685.871094
58      -23110.613281
59      -23535.574219
60      -23961.273438
61      -24388.869141
62      -24815.919922
63      -25245.496094
64      -25674.621094
65      -26105.330078
66      -26536.312500
67      -26968.750000
68      -27401.453125
69      -27835.203125
70      -28271.158203
71      -28706.158203
72      -29143.423828
73      -29580.773438
74      -30019.796875
75      -30459.341797
76      -30900.031250
77      -31341.341797
78      -31783.789062
79      -32227.509766
80      -32672.750000
81      -33117.210938
82      -33563.843750
83      -34011.648438
84      -34459.886719
85      -34908.355469
86      -35360.585938
87      -35811.320312
88      -36263.156250
89      -36717.312500
90      -37171.402344
91      -37627.062500
92      -38083.117188
93      -38540.593750
94      -38999.308594
95      -39458.628906
96      -39919.242188
97      -40381.019531
98      -40842.460938
99      -41306.937500
100     -41771.148438
101     -42236.273438
102     -42702.335938
103     -43170.132812
104     -43638.554688
105     -44107.750000
106     -44579.152344
107     -45049.605469
108     -45521.640625
109     -45995.187500
110     -46469.511719
111     -46944.500000
112     -47421.007812
113     -47897.949219
114     -48375.203125
115     -48855.050781
116     -49334.429688
117     -49814.976562
118     -50297.035156
119     -50780.140625
120     -51262.953125
121     -51747.945312
122     -52233.078125
123     -52719.238281
124     -53205.843750
125     -53693.179688
126     -54182.609375
127     -54672.882812
128     -55162.492188
129     -55653.953125
130     -56146.539062
131     -56639.671875
132     -57132.933594
133     -57626.984375
134     -58122.035156
135     -58617.835938
136     -59114.578125
137     -59611.804688
138     -60110.578125
139     -60608.152344
140     -61107.765625
141     -61608.226562
142     -62109.394531
143     -62610.445312
144     -63112.285156
145     -63616.070312
146     -64118.359375
147     -64622.375000
148     -65127.371094
149     -65632.882812
150     -66138.117188
151     -66644.453125
152     -67152.765625
153     -67659.148438
154     -68167.710938
155     -68674.765625
156     -69184.242188
157     -69694.093750
158     -70204.062500
159     -70714.445312
160     -71224.578125
161     -71735.203125
162     -72246.984375
163     -72759.640625
164     -73270.945312
165     -73783.898438
166     -74296.375000
167     -74810.257812
168     -75323.945312
169     -75837.187500
170     -76351.687500
171     -76867.046875
172     -77382.218750
173     -77896.031250
174     -78411.265625
175     -78926.359375
176     -79440.984375
177     -79958.312500
178     -80473.656250
179     -80988.226562
180     -81504.671875
181     -82021.039062
182     -82537.187500
183     -83053.796875
184     -83570.234375
185     -84086.867188
186     -84603.328125
187     -85120.296875
188     -85635.570312
189     -86152.046875
190     -86669.109375
191     -87184.343750
192     -87701.468750
193     -88218.531250
194     -88734.703125
195     -89248.984375
196     -89765.601562
197     -90281.609375
198     -90797.414062
199     -91311.914062
200     -91827.664062
201     -92343.234375
202     -92855.429688
203     -93372.703125
204     -93886.890625
205     -94400.328125
206     -94913.000000
207     -95426.390625
208     -95939.812500
209     -96453.171875
210     -96963.796875
211     -97477.429688
212     -97987.906250
213     -98498.656250
214     -99010.781250
215     -99520.835938
216     -100029.750000
217     -100539.156250
218     -101048.875000
219     -101557.515625
220     -102065.640625
221     -102573.757812
222     -103078.882812
223     -103587.070312
224     -104093.632812
225     -104598.656250
226     -105102.226562
227     -105606.140625
228     -106110.468750
229     -106612.578125
230     -107115.140625
231     -107616.312500
232     -108116.695312
233     -108618.593750
234     -109117.421875
235     -109616.421875
236     -110114.062500
237     -110612.492188
238     -111107.734375
239     -111603.492188
240     -112098.218750
241     -112594.054688
242     -113086.468750
243     -113579.390625
244     -114070.734375
245     -114560.531250
246     -115050.796875
247     -115540.492188
248     -116028.828125
249     -116516.765625
250     -117003.382812
251     -117488.828125
252     -117973.687500
253     -118457.203125
254     -118938.468750
255     -119421.250000
256     -119901.632812
257     -120380.375000
258     -120859.031250
259     -121336.820312
260     -121812.875000
261     -122287.757812
262     -122763.601562
263     -123237.507812
264     -123709.632812
265     -124180.773438
266     -124651.187500
267     -125120.226562
268     -125589.390625
269     -126056.093750
270     -126522.304688
271     -126989.398438
272     -127451.921875
273     -127914.734375
274     -128376.609375
275     -128837.093750
276     -129296.984375
277     -129755.312500
278     -130212.406250
279     -130666.960938
280     -131122.890625
281     -131574.687500
282     -132026.218750
283     -132478.390625
284     -132926.281250
285     -133375.281250
286     -133821.968750
287     -134266.875000
288     -134711.625000
289     -135153.875000
290     -135595.718750
291     -136037.375000
292     -136476.140625
293     -136914.281250
294     -137349.125000
295     -137784.375000
296     -138219.218750
297     -138651.593750
298     -139083.093750
299     -139512.562500
300     -139942.562500
301     -140370.734375
302     -140795.687500
303     -141220.593750
304     -141644.140625
305     -142065.781250
306     -142487.234375
307     -142905.140625
308     -143324.750000
309     -143741.078125
310     -144156.093750
311     -144570.187500
312     -144982.500000
313     -145394.484375
314     -145803.296875
315     -146211.500000
316     -146617.812500
317     -147024.125000
318     -147427.203125
319     -147829.781250
320     -148231.796875
321     -148629.312500
322     -149029.000000
323     -149423.968750
324     -149819.750000
325     -150213.531250
326     -150606.031250
327     -150997.250000
328     -151386.593750
329     -151773.468750
330     -152160.015625
331     -152545.218750
332     -152927.968750
333     -153309.984375
334     -153691.406250
335     -154069.625000
336     -154447.546875
337     -154824.046875
338     -155199.281250
339     -155570.671875
340     -155942.843750
341     -156312.750000
342     -156682.468750
343     -157048.046875
344     -157413.968750
345     -157777.640625
346     -158140.296875
347     -158500.171875
348     -158859.062500
349     -159217.140625
350     -159573.828125
351     -159927.343750
352     -160281.156250
353     -160633.812500
354     -160982.468750
355     -161331.703125
356     -161678.562500
357     -162023.250000
358     -162366.781250
359     -162709.937500
360     -163050.500000
361     -163388.390625
362     -163725.468750
363     -164062.343750
364     -164396.328125
365     -164731.125000
366     -165062.750000
367     -165391.515625
368     -165721.125000
369     -166049.296875
370     -166375.437500
371     -166700.593750
372     -167022.812500
373     -167344.375000
374     -167663.750000
375     -167979.828125
376     -168297.218750
377     -168610.484375
378     -168925.187500
379     -169235.375000
380     -169545.906250
381     -169853.921875
382     -170160.015625
383     -170465.875000
384     -170768.406250
385     -171071.593750
386     -171371.531250
387     -171670.390625
388     -171966.375000
389     -172263.125000
390     -172558.250000
391     -172851.156250
392     -173143.406250
393     -173431.906250
394     -173719.781250
395     -174006.500000
396     -174291.281250
397     -174575.718750
398     -174857.296875
399     -175137.578125
400     -175417.312500
401     -175693.734375
402     -175971.625000
403     -176244.062500
404     -176518.421875
405     -176790.187500
406     -177060.171875
407     -177328.546875
408     -177596.062500
409     -177862.031250
410     -178127.250000
411     -178390.250000
412     -178649.468750
413     -178910.031250
414     -179168.906250
415     -179423.687500
416     -179679.828125
417     -179934.234375
418     -180187.125000
419     -180437.421875
420     -180686.781250
421     -180934.343750
422     -181180.468750
423     -181425.593750
424     -181670.421875
425     -181912.968750
426     -182152.015625
427     -182390.703125
428     -182629.546875
429     -182864.546875
430     -183100.218750
431     -183333.125000
432     -183563.843750
433     -183794.406250
434     -184024.468750
435     -184252.359375
436     -184478.031250
437     -184703.031250
438     -184924.828125
439     -185146.312500
440     -185367.000000
441     -185586.281250
442     -185804.093750
443     -186019.625000
444     -186234.484375
445     -186448.125000
446     -186661.156250
447     -186872.312500
448     -187080.312500
449     -187288.828125
450     -187495.500000
451     -187699.359375
452     -187904.218750
453     -188107.515625
454     -188308.093750
455     -188509.140625
456     -188708.484375
457     -188904.953125
458     -189101.187500
459     -189297.250000
460     -189491.000000
461     -189682.468750
462     -189873.859375
463     -190064.625000
464     -190251.484375
465     -190437.250000
466     -190624.218750
467     -190809.343750
468     -190993.171875
469     -191175.625000
470     -191356.562500
471     -191536.843750
472     -191714.250000
473     -191891.968750
474     -192067.734375
475     -192242.796875
476     -192418.312500
477     -192590.062500
478     -192761.031250
479     -192930.156250
480     -193098.328125
481     -193266.843750
482     -193431.156250
483     -193596.593750
484     -193759.390625
485     -193922.312500
486     -194082.718750
487     -194241.546875
488     -194400.500000
489     -194558.906250
490     -194713.890625
491     -194868.093750
492     -195023.062500
493     -195174.687500
494     -195325.890625
495     -195476.000000
496     -195625.484375
497     -195772.937500
498     -195920.562500
499     -196067.453125
500     -196212.093750
501     -196355.406250
502     -196498.437500
503     -196639.375000
504     -196780.062500
505     -196919.000000
506     -197057.781250
507     -197193.843750
508     -197330.156250
509     -197465.187500
510     -197598.718750
511     -197731.968750
512     -197863.218750
513     -197994.984375
514     -198124.125000
515     -198252.156250
516     -198378.906250
517     -198504.328125
518     -198630.500000
519     -198755.484375
520     -198878.203125
521     -199000.421875
522     -199121.843750
523     -199242.437500
524     -199361.531250
525     -199481.218750
526     -199597.125000
527     -199714.140625
528     -199830.859375
529     -199945.656250
530     -200057.984375
531     -200171.015625
532     -200282.218750
533     -200392.734375
534     -200503.343750
535     -200611.875000
536     -200720.015625
537     -200826.968750
538     -200931.765625
539     -201038.156250
540     -201141.250000
541     -201244.484375
542     -201347.250000
543     -201446.984375
544     -201547.468750
545     -201648.500000
546     -201746.343750
547     -201843.187500
548     -201939.750000
549     -202034.562500
550     -202129.406250
551     -202224.265625
552     -202316.312500
553     -202409.093750
554     -202498.937500
555     -202590.500000
556     -202680.203125
557     -202769.500000
558     -202857.250000
559     -202944.093750
560     -203030.328125
561     -203115.718750
562     -203201.203125
563     -203285.828125
564     -203368.250000
565     -203451.250000
566     -203533.062500
567     -203613.421875
568     -203693.031250
569     -203772.140625
570     -203848.968750
571     -203926.015625
572     -204002.187500
573     -204078.437500
574     -204153.906250
575     -204227.156250
576     -204301.218750
577     -204373.281250
578     -204445.406250
579     -204516.875000
580     -204588.000000
581     -204657.984375
582     -204727.468750
583     -204797.265625
584     -204864.312500
585     -204932.796875
586     -204999.437500
587     -205065.468750
588     -205131.250000
589     -205195.140625
590     -205261.093750
591     -205324.656250
592     -205388.375000
593     -205451.562500
594     -205513.968750
595     -205575.593750
596     -205636.750000
597     -205697.671875
598     -205757.750000
599     -205817.750000
600     -205876.796875
601     -205935.250000
602     -205993.218750
603     -206050.437500
604     -206107.781250
605     -206164.046875
606     -206220.234375
607     -206277.265625
608     -206331.625000
609     -206387.093750
610     -206441.281250
611     -206495.296875
612     -206548.359375
613     -206601.468750
614     -206653.531250
615     -206705.437500
616     -206756.781250
617     -206807.421875
618     -206858.750000
619     -206907.453125
620     -206958.093750
621     -207006.937500
622     -207055.281250
623     -207103.578125
624     -207151.218750
625     -207198.937500
626     -207246.312500
627     -207293.109375
628     -207338.953125
629     -207385.562500
630     -207431.265625
631     -207477.171875
632     -207522.093750
633     -207566.875000
634     -207610.812500
635     -207654.015625
636     -207697.093750
637     -207739.187500
638     -207780.953125
639     -207822.875000
640     -207863.765625
641     -207905.000000
642     -207945.656250
643     -207985.703125
644     -208025.562500
645     -208064.781250
646     -208103.593750
647     -208142.625000
648     -208180.906250
649     -208218.500000
650     -208255.500000
651     -208292.625000
652     -208328.765625
653     -208364.937500
654     -208401.437500
655     -208435.968750
656     -208471.812500
657     -208506.281250
658     -208540.906250
659     -208575.156250
660     -208609.093750
661     -208642.687500
662     -208675.296875
663     -208708.468750
664     -208741.031250
665     -208773.812500
666     -208805.312500
667     -208836.968750
668     -208868.031250
669     -208899.187500
670     -208929.703125
671     -208960.765625
672     -208991.125000
673     -209020.984375
674     -209051.437500
675     -209081.000000
676     -209110.078125
677     -209139.093750
678     -209167.937500
679     -209196.218750
680     -209224.031250
681     -209252.437500
682     -209279.937500
683     -209307.906250
684     -209335.375000
685     -209362.187500
686     -209389.437500
687     -209415.703125
688     -209442.375000
689     -209468.875000
690     -209494.828125
691     -209520.296875
692     -209546.140625
693     -209571.281250
694     -209596.234375
695     -209621.625000
696     -209646.062500
697     -209670.468750
698     -209695.296875
699     -209719.187500
700     -209743.343750
701     -209766.593750
702     -209790.656250
703     -209814.109375
704     -209837.015625
705     -209859.921875
706     -209882.937500
707     -209905.781250
708     -209927.968750
709     -209949.953125
710     -209972.000000
711     -209994.093750
712     -210015.750000
713     -210037.421875
714     -210058.656250
715     -210080.187500
716     -210101.500000
717     -210122.656250
718     -210143.718750
719     -210164.312500
720     -210185.359375
721     -210205.531250
722     -210225.890625
723     -210245.593750
724     -210265.890625
725     -210285.078125
726     -210305.375000
727     -210324.656250
728     -210344.359375
729     -210363.421875
730     -210382.687500
731     -210402.109375
732     -210421.156250
733     -210439.687500
734     -210458.718750
735     -210477.406250
736     -210495.687500
737     -210514.281250
738     -210532.625000
739     -210551.000000
740     -210569.046875
741     -210586.843750
742     -210604.531250
743     -210622.125000
744     -210639.609375
745     -210656.765625
746     -210674.343750
747     -210691.156250
748     -210708.312500
749     -210724.937500
750     -210741.437500
751     -210758.343750
752     -210774.781250
753     -210791.203125
754     -210807.562500
755     -210823.656250
756     -210839.593750
757     -210855.812500
758     -210871.578125
759     -210887.187500
760     -210902.984375
761     -210918.250000
762     -210933.890625
763     -210949.156250
764     -210964.093750
765     -210979.312500
766     -210994.187500
767     -211008.984375
768     -211023.468750
769     -211038.031250
770     -211052.531250
771     -211066.968750
772     -211081.343750
773     -211095.375000
774     -211109.406250
775     -211123.312500
776     -211137.218750
777     -211150.812500
778     -211164.875000
779     -211178.531250
780     -211192.281250
781     -211205.937500
782     -211219.218750
783     -211232.765625
784     -211246.156250
785     -211259.125000
786     -211272.453125
787     -211285.406250
788     -211298.406250
789     -211311.218750
790     -211324.156250
791     -211336.796875
792     -211349.375000
793     -211361.875000
794     -211374.406250
795     -211386.781250
796     -211399.156250
797     -211411.234375
798     -211423.437500
799     -211435.531250
800     -211447.625000
801     -211459.781250
802     -211471.656250
803     -211483.343750
804     -211495.359375
805     -211507.187500
806     -211518.687500
807     -211530.375000
808     -211542.062500
809     -211553.625000
810     -211564.828125
811     -211576.187500
812     -211587.562500
813     -211598.734375
814     -211610.171875
815     -211620.984375
816     -211631.937500
817     -211642.875000
818     -211653.906250
819     -211664.875000
820     -211675.359375
821     -211686.125000
822     -211696.531250
823     -211707.125000
824     -211717.750000
825     -211728.000000
826     -211738.640625
827     -211748.765625
828     -211758.828125
829     -211769.296875
830     -211779.093750
831     -211789.312500
832     -211799.171875
833     -211809.015625
834     -211819.187500
835     -211828.750000
836     -211838.531250
837     -211848.343750
838     -211858.031250
839     -211867.640625
840     -211877.390625
841     -211886.671875
842     -211896.187500
843     -211905.484375
844     -211914.875000
845     -211924.109375
846     -211933.328125
847     -211942.359375
848     -211951.750000
849     -211960.859375
850     -211969.906250
851     -211979.000000
852     -211988.125000
853     -211997.078125
854     -212005.937500
855     -212014.937500
856     -212023.625000
857     -212032.656250
858     -212041.468750
859     -212050.140625
860     -212059.093750
861     -212067.781250
862     -212076.343750
863     -212085.156250
864     -212093.718750
865     -212102.062500
866     -212110.625000
867     -212119.140625
868     -212127.484375
869     -212135.968750
870     -212144.250000
871     -212152.687500
872     -212160.875000
873     -212169.031250
874     -212177.187500
875     -212185.156250
876     -212192.937500
877     -212201.312500
878     -212209.093750
879     -212217.031250
880     -212225.093750
881     -212233.031250
882     -212240.781250
883     -212248.687500
884     -212256.375000
885     -212264.281250
886     -212272.000000
887     -212279.625000
888     -212287.281250
889     -212294.890625
890     -212302.500000
891     -212309.937500
892     -212317.531250
893     -212325.031250
894     -212332.437500
895     -212339.984375
896     -212347.250000
897     -212354.578125
898     -212362.000000
899     -212369.406250
900     -212376.562500
901     -212383.937500
902     -212391.093750
903     -212398.593750
904     -212405.453125
905     -212412.718750
906     -212419.750000
907     -212426.984375
908     -212434.000000
909     -212441.000000
910     -212448.046875
911     -212455.015625
912     -212461.875000
913     -212468.828125
914     -212475.593750
915     -212482.343750
916     -212489.234375
917     -212495.906250
918     -212502.718750
919     -212509.375000
920     -212515.968750
921     -212522.718750
922     -212529.250000
923     -212536.015625
924     -212542.359375
925     -212548.921875
926     -212555.296875
927     -212561.718750
928     -212568.406250
929     -212574.843750
930     -212581.156250
931     -212587.828125
932     -212593.890625
933     -212600.328125
934     -212606.750000
935     -212612.937500
936     -212619.125000
937     -212625.343750
938     -212631.578125
939     -212637.921875
940     -212644.062500
941     -212650.265625
942     -212656.562500
943     -212662.718750
944     -212668.859375
945     -212674.875000
946     -212680.937500
947     -212687.406250
948     -212693.281250
949     -212699.375000
950     -212705.390625
951     -212711.500000
952     -212717.281250
953     -212723.203125
954     -212729.406250
955     -212735.062500
956     -212741.000000
957     -212746.875000
958     -212752.843750
959     -212758.640625
960     -212764.406250
961     -212770.062500
962     -212775.781250
963     -212781.750000
964     -212787.468750
965     -212793.187500
966     -212798.718750
967     -212804.718750
968     -212810.375000
969     -212815.875000
970     -212821.656250
971     -212827.250000
972     -212832.375000
973     -212838.171875
974     -212843.906250
975     -212849.375000
976     -212854.656250
977     -212860.156250
978     -212865.640625
979     -212871.015625
980     -212876.296875
981     -212881.656250
982     -212887.312500
983     -212892.718750
984     -212898.031250
985     -212903.218750
986     -212908.343750
987     -212913.718750
988     -212919.093750
989     -212924.515625
990     -212929.531250
991     -212934.906250
992     -212940.093750
993     -212945.203125
994     -212950.437500
995     -212955.531250
996     -212960.796875
997     -212965.781250
998     -212971.312500
999     -212976.218750
1000    -212981.343750
1001    -212986.437500
1002    -212991.531250
1003    -212996.671875
1004    -213001.562500
1005    -213006.703125
1006    -213011.500000
1007    -213016.406250
1008    -213021.750000
1009    -213026.640625
1010    -213031.453125
1011    -213036.437500
1012    -213041.406250
1013    -213046.125000
1014    -213051.187500
1015    -213056.000000
1016    -213060.812500
1017    -213065.703125
1018    -213070.593750
1019    -213075.234375
1020    -213079.937500
1021    -213084.968750
1022    -213089.578125
1023    -213094.390625
1024    -213099.234375
1025    -213103.890625
1026    -213108.593750
1027    -213113.468750
1028    -213118.125000
1029    -213122.906250
1030    -213127.468750
1031    -213132.125000
1032    -213136.843750
1033    -213141.515625
1034    -213146.156250
1035    -213150.937500
1036    -213155.468750
1037    -213160.218750
1038    -213164.781250
1039    -213169.500000
1040    -213173.921875
1041    -213178.578125
1042    -213183.140625
1043    -213187.718750
1044    -213192.281250
1045    -213196.812500
1046    -213201.140625
1047    -213205.796875
1048    -213210.125000
1049    -213214.718750
1050    -213219.109375
1051    -213223.562500
1052    -213228.218750
1053    -213232.468750
1054    -213236.781250
1055    -213241.359375
1056    -213245.656250
1057    -213250.078125
1058    -213254.281250
1059    -213258.890625
1060    -213263.156250
1061    -213267.500000
1062    -213271.828125
1063    -213275.843750
1064    -213280.312500
1065    -213284.406250
1066    -213288.578125
1067    -213292.875000
1068    -213297.156250
1069    -213301.312500
1070    -213305.484375
1071    -213309.718750
1072    -213313.687500
1073    -213317.890625
1074    -213322.109375
1075    -213326.328125
1076    -213330.343750
1077    -213334.375000
1078    -213338.625000
1079    -213342.843750
1080    -213346.734375
1081    -213350.843750
1082    -213355.125000
1083    -213359.156250
1084    -213363.156250
1085    -213367.250000
1086    -213371.156250
1087    -213375.171875
1088    -213379.281250
1089    -213383.281250
1090    -213387.281250
1091    -213391.250000
1092    -213395.187500
1093    -213399.156250
1094    -213402.984375
1095    -213406.906250
1096    -213410.687500
1097    -213414.812500
1098    -213418.718750
1099    -213422.515625
1100    -213426.328125
1101    -213430.187500
1102    -213434.015625
1103    -213437.750000
1104    -213441.687500
1105    -213445.468750
1106    -213449.437500
1107    -213453.000000
1108    -213457.078125
1109    -213460.812500
1110    -213464.562500
1111    -213468.218750
1112    -213472.125000
1113    -213475.875000
1114    -213479.562500
1115    -213483.296875
1116    -213487.140625
1117    -213490.875000
1118    -213494.687500
1119    -213498.312500
1120    -213502.031250
1121    -213505.593750
1122    -213509.437500
1123    -213513.031250
1124    -213516.718750
1125    -213520.125000
1126    -213524.000000
1127    -213527.625000
1128    -213531.375000
1129    -213534.890625
1130    -213538.609375
1131    -213542.140625
1132    -213545.515625
1133    -213548.953125
1134    -213552.593750
1135    -213556.125000
1136    -213559.765625
1137    -213563.281250
1138    -213566.718750
1139    -213570.250000
1140    -213573.765625
1141    -213577.281250
1142    -213580.812500
1143    -213584.218750
1144    -213587.546875
1145    -213591.062500
1146    -213594.328125
1147    -213597.859375
1148    -213601.343750
1149    -213604.718750
1150    -213608.031250
1151    -213611.468750
1152    -213614.781250
1153    -213618.125000
1154    -213621.531250
1155    -213624.812500
1156    -213628.156250
1157    -213631.578125
1158    -213634.906250
1159    -213638.218750
1160    -213641.437500
1161    -213644.687500
1162    -213647.937500
1163    -213651.281250
1164    -213654.734375
1165    -213657.953125
1166    -213661.187500
1167    -213664.421875
1168    -213667.718750
1169    -213670.953125
1170    -213674.156250
1171    -213677.328125
1172    -213680.562500
1173    -213683.906250
1174    -213686.906250
1175    -213690.078125
1176    -213693.312500
1177    -213696.562500
1178    -213699.828125
1179    -213702.906250
1180    -213705.968750
1181    -213709.156250
1182    -213712.343750
1183    -213715.484375
1184    -213718.562500
1185    -213721.562500
1186    -213724.718750
1187    -213727.906250
1188    -213731.031250
1189    -213734.125000
1190    -213737.218750
1191    -213740.250000
1192    -213743.281250
1193    -213746.375000
1194    -213749.625000
1195    -213752.484375
1196    -213755.656250
1197    -213758.656250
1198    -213761.671875
1199    -213764.875000
1200    -213767.906250
1201    -213770.937500
1202    -213773.875000
1203    -213776.968750
1204    -213779.890625
1205    -213782.906250
1206    -213786.000000
1207    -213788.859375
1208    -213791.859375
1209    -213794.625000
1210    -213797.687500
1211    -213800.500000
1212    -213803.500000
1213    -213806.343750
1214    -213809.484375
1215    -213812.250000
1216    -213815.125000
1217    -213818.156250
1218    -213820.906250
1219    -213823.890625
1220    -213826.890625
1221    -213829.781250
1222    -213832.718750
1223    -213835.437500
1224    -213838.359375
1225    -213841.375000
1226    -213844.296875
1227    -213847.093750
1228    -213849.937500
1229    -213852.906250
1230    -213855.656250
1231    -213858.453125
1232    -213861.156250
1233    -213864.000000
1234    -213866.875000
1235    -213869.718750
1236    -213872.406250
1237    -213875.093750
1238    -213878.031250
1239    -213880.828125
1240    -213883.562500
1241    -213886.218750
1242    -213889.031250
1243    -213891.765625
1244    -213894.562500
1245    -213897.109375
1246    -213899.968750
1247    -213902.515625
1248    -213905.421875
1249    -213908.093750
1250    -213910.937500
1251    -213913.453125
1252    -213916.250000
1253    -213918.875000
1254    -213921.718750
1255    -213924.500000
1256    -213927.015625
1257    -213929.687500
1258    -213932.390625
1259    -213935.187500
1260    -213937.718750
1261    -213940.453125
1262    -213943.093750
1263    -213945.671875
1264    -213948.500000
1265    -213951.031250
1266    -213953.718750
1267    -213956.187500
1268    -213958.921875
1269    -213961.656250
1270    -213964.125000
1271    -213966.875000
1272    -213969.562500
1273    -213972.140625
1274    -213974.750000
1275    -213977.437500
1276    -213979.937500
1277    -213982.640625
1278    -213985.171875
1279    -213987.750000
1280    -213990.453125
1281    -213993.125000
1282    -213995.656250
1283    -213998.296875
1284    -214000.718750
1285    -214003.406250
1286    -214006.156250
1287    -214008.546875
1288    -214011.218750
1289    -214013.703125
1290    -214016.312500
1291    -214018.843750
1292    -214021.640625
1293    -214023.984375
1294    -214026.562500
1295    -214029.140625
1296    -214031.968750
1297    -214034.328125
1298    -214036.812500
1299    -214039.375000
1300    -214041.812500
1301    -214044.484375
1302    -214046.968750
1303    -214049.390625
1304    -214052.093750
1305    -214054.531250
1306    -214057.140625
1307    -214059.625000
1308    -214062.031250
1309    -214064.625000
1310    -214067.218750
1311    -214069.859375
1312    -214072.343750
1313    -214074.656250
1314    -214077.171875
1315    -214079.750000
1316    -214082.140625
1317    -214084.703125
1318    -214087.375000
1319    -214089.625000
1320    -214092.156250
1321    -214094.625000
1322    -214097.109375
1323    -214099.406250
1324    -214102.000000
1325    -214104.328125
1326    -214106.812500
1327    -214109.390625
1328    -214111.625000
1329    -214114.093750
1330    -214116.687500
1331    -214119.109375
1332    -214121.562500
1333    -214124.000000
1334    -214126.296875
1335    -214128.812500
1336    -214131.218750
1337    -214133.531250
1338    -214135.953125
1339    -214138.375000
1340    -214140.843750
1341    -214143.390625
1342    -214145.718750
1343    -214148.078125
1344    -214150.531250
1345    -214153.015625
1346    -214155.375000
1347    -214157.812500
1348    -214160.093750
1349    -214162.468750
1350    -214165.000000
1351    -214167.250000
1352    -214169.875000
1353    -214172.093750
1354    -214174.406250
1355    -214176.843750
1356    -214179.187500
1357    -214181.625000
1358    -214183.953125
1359    -214186.218750
1360    -214188.828125
1361    -214190.984375
1362    -214193.312500
1363    -214195.781250
1364    -214198.062500
1365    -214200.421875
1366    -214202.828125
1367    -214205.250000
1368    -214207.609375
1369    -214209.796875
1370    -214212.328125
1371    -214214.515625
1372    -214216.843750
1373    -214219.250000
1374    -214221.546875
1375    -214224.125000
1376    -214226.312500
1377    -214228.718750
1378    -214231.000000
1379    -214233.468750
1380    -214235.843750
1381    -214238.031250
1382    -214240.281250
1383    -214242.718750
1384    -214245.031250
1385    -214247.281250
1386    -214249.656250
1387    -214252.125000
1388    -214254.468750
1389    -214256.718750
1390    -214258.906250
1391    -214261.343750
1392    -214263.531250
1393    -214265.875000
1394    -214268.203125
1395    -214270.593750
1396    -214272.781250
1397    -214275.187500
1398    -214277.531250
1399    -214279.796875
1400    -214282.109375
1401    -214284.500000
1402    -214286.765625
1403    -214289.125000
1404    -214291.437500
1405    -214293.765625
1406    -214296.171875
1407    -214298.437500
1408    -214300.718750
1409    -214303.062500
1410    -214305.437500
1411    -214307.578125
1412    -214310.093750
1413    -214312.265625
1414    -214314.578125
1415    -214317.015625
1416    -214319.125000
1417    -214321.562500
1418    -214323.734375
1419    -214326.062500
1420    -214328.359375
1421    -214330.609375
1422    -214332.968750
1423    -214335.078125
1424    -214337.312500
1425    -214339.609375
1426    -214341.734375
1427    -214344.125000
1428    -214346.468750
1429    -214348.578125
1430    -214350.937500
1431    -214353.125000
1432    -214355.281250
1433    -214357.546875
1434    -214359.609375
1435    -214361.875000
1436    -214364.000000
1437    -214366.281250
1438    -214368.468750
1439    -214370.500000
1440    -214372.937500
1441    -214375.125000
1442    -214377.421875
1443    -214379.406250
1444    -214381.734375
1445    -214383.906250
1446    -214386.046875
1447    -214388.156250
1448    -214390.437500
1449    -214392.625000
1450    -214394.750000
1451    -214396.796875
1452    -214399.031250
1453    -214401.171875
1454    -214403.343750
1455    -214405.671875
1456    -214407.718750
1457    -214409.843750
1458    -214411.937500
1459    -214414.281250
1460    -214416.328125
1461    -214418.406250
1462    -214420.625000
1463    -214422.687500
1464    -214424.828125
1465    -214426.875000
1466    -214428.937500
1467    -214431.046875
1468    -214433.265625
1469    -214435.250000
1470    -214437.453125
1471    -214439.531250
1472    -214441.515625
1473    -214443.625000
1474    -214445.843750
1475    -214447.859375
1476    -214450.062500
1477    -214452.078125
1478    -214454.312500
1479    -214456.296875
1480    -214458.250000
1481    -214460.500000
1482    -214462.531250
1483    -214464.593750
1484    -214466.531250
1485    -214468.656250
1486    -214470.812500
1487    -214472.812500
1488    -214474.812500
1489    -214476.843750
1490    -214478.953125
1491    -214481.000000
1492    -214483.062500
1493    -214485.031250
1494    -214487.046875
1495    -214489.046875
1496    -214491.125000
1497    -214493.125000
1498    -214495.234375
1499    -214497.109375
1500    -214499.281250
1501    -214501.187500
1502    -214503.156250
1503    -214505.250000
1504    -214507.046875
1505    -214509.187500
1506    -214511.031250
1507    -214513.031250
1508    -214515.046875
1509    -214517.031250
1510    -214518.968750
1511    -214521.000000
1512    -214523.015625
1513    -214524.968750
1514    -214526.843750
1515    -214529.000000
1516    -214531.031250
1517    -214532.843750
1518    -214534.875000
