Step            Loss
--------------------
1        1050.024292
2         650.285645
3         251.532593
4        -147.436737
5        -546.804443
6        -946.159851
7       -1345.981689
8       -1744.522705
9       -2144.804688
10      -2543.436035
11      -2943.797363
12      -3343.090576
13      -3742.762451
14      -4142.913574
15      -4542.898926
16      -4943.010742
17      -5343.485840
18      -5743.926758
19      -6144.190430
20      -6545.847656
21      -6945.849609
22      -7348.012207
23      -7749.320312
24      -8152.076660
25      -8553.815430
26      -8956.505859
27      -9358.505859
28      -9761.629883
29      -10165.013672
30      -10568.554688
31      -10972.476562
32      -11377.123047
33      -11783.215820
34      -12187.350586
35      -12594.350586
36      -13000.048828
37      -13407.160156
38      -13814.351562
39      -14221.636719
40      -14630.568359
41      -15038.938477
42      -15448.984375
43      -15858.218750
44      -16269.473633
45      -16680.277344
46      -17091.984375
47      -17504.296875
48      -17918.218750
49      -18332.126953
50      -18746.433594
51      -19161.167969
52      -19577.183594
53      -19994.210938
54      -20411.773438
55      -20829.626953
56      -21248.435547
57      -21669.046875
58      -22088.757812
59      -22510.591797
60      -22932.574219
61      -23355.835938
62      -23779.832031
63      -24204.019531
64      -24629.707031
65      -25056.599609
66      -25484.353516
67      -25912.103516
68      -26340.902344
69      -26771.226562
70      -27202.300781
71      -27634.113281
72      -28067.281250
73      -28500.833984
74      -28936.628906
75      -29371.957031
76      -29808.378906
77      -30245.859375
78      -30684.960938
79      -31124.328125
80      -31564.957031
81      -32006.232422
82      -32449.234375
83      -32892.289062
84      -33338.015625
85      -33783.277344
86      -34229.628906
87      -34678.000000
88      -35125.976562
89      -35575.296875
90      -36026.332031
91      -36477.730469
92      -36930.679688
93      -37385.308594
94      -37839.328125
95      -38296.253906
96      -38751.937500
97      -39210.457031
98      -39668.812500
99      -40130.382812
100     -40590.656250
101     -41052.468750
102     -41514.796875
103     -41977.976562
104     -42444.367188
105     -42909.863281
106     -43376.695312
107     -43845.460938
108     -44312.828125
109     -44784.847656
110     -45255.625000
111     -45726.726562
112     -46199.707031
113     -46673.503906
114     -47148.382812
115     -47624.523438
116     -48101.015625
117     -48578.351562
118     -49057.078125
119     -49537.085938
120     -50016.800781
121     -50498.914062
122     -50981.976562
123     -51463.507812
124     -51948.289062
125     -52433.347656
126     -52918.441406
127     -53406.226562
128     -53893.781250
129     -54381.152344
130     -54872.175781
131     -55361.382812
132     -55852.730469
133     -56343.789062
134     -56836.648438
135     -57329.082031
136     -57823.496094
137     -58318.328125
138     -58814.617188
139     -59310.976562
140     -59807.945312
141     -60305.312500
142     -60804.039062
143     -61303.398438
144     -61803.070312
145     -62304.257812
146     -62804.628906
147     -63306.589844
148     -63809.390625
149     -64312.140625
150     -64816.085938
151     -65320.335938
152     -65825.757812
153     -66331.523438
154     -66837.328125
155     -67343.273438
156     -67850.640625
157     -68357.265625
158     -68865.601562
159     -69374.882812
160     -69884.453125
161     -70392.984375
162     -70902.671875
163     -71412.828125
164     -71924.312500
165     -72435.242188
166     -72947.250000
167     -73458.875000
168     -73971.296875
169     -74483.421875
170     -74997.125000
171     -75509.328125
172     -76022.281250
173     -76536.882812
174     -77050.343750
175     -77564.921875
176     -78079.195312
177     -78593.359375
178     -79109.015625
179     -79624.343750
180     -80139.898438
181     -80653.671875
182     -81170.953125
183     -81686.421875
184     -82201.468750
185     -82716.171875
186     -83233.437500
187     -83748.867188
188     -84265.468750
189     -84780.343750
190     -85297.140625
191     -85813.046875
192     -86329.179688
193     -86845.679688
194     -87361.210938
195     -87876.328125
196     -88391.156250
197     -88908.906250
198     -89424.718750
199     -89939.593750
200     -90455.953125
201     -90969.570312
202     -91485.054688
203     -91999.148438
204     -92512.671875
205     -93027.453125
206     -93541.554688
207     -94056.421875
208     -94568.171875
209     -95082.562500
210     -95594.210938
211     -96106.671875
212     -96619.171875
213     -97130.953125
214     -97641.703125
215     -98154.250000
216     -98663.968750
217     -99175.710938
218     -99684.320312
219     -100194.218750
220     -100702.484375
221     -101210.703125
222     -101719.960938
223     -102227.562500
224     -102734.218750
225     -103240.140625
226     -103747.984375
227     -104253.187500
228     -104756.890625
229     -105261.187500
230     -105764.265625
231     -106269.578125
232     -106772.531250
233     -107273.335938
234     -107774.414062
235     -108274.750000
236     -108777.031250
237     -109275.328125
238     -109774.250000
239     -110271.585938
240     -110770.000000
241     -111265.320312
242     -111761.406250
243     -112256.265625
244     -112749.664062
245     -113244.726562
246     -113737.437500
247     -114226.609375
248     -114718.187500
249     -115207.750000
250     -115698.015625
251     -116185.718750
252     -116673.585938
253     -117158.390625
254     -117643.453125
255     -118128.171875
256     -118612.867188
257     -119095.617188
258     -119577.390625
259     -120057.546875
260     -120537.000000
261     -121014.468750
262     -121493.062500
263     -121969.734375
264     -122444.890625
265     -122919.210938
266     -123393.085938
267     -123865.335938
268     -124337.000000
269     -124808.398438
270     -125277.265625
271     -125744.585938
272     -126213.601562
273     -126678.546875
274     -127143.664062
275     -127608.093750
276     -128070.195312
277     -128531.703125
278     -128992.328125
279     -129449.671875
280     -129907.906250
281     -130364.781250
282     -130820.265625
283     -131273.812500
284     -131726.921875
285     -132179.468750
286     -132630.406250
287     -133079.375000
288     -133527.500000
289     -133975.593750
290     -134421.312500
291     -134866.296875
292     -135308.687500
293     -135751.906250
294     -136192.781250
295     -136632.578125
296     -137071.468750
297     -137509.250000
298     -137944.109375
299     -138380.406250
300     -138812.906250
301     -139243.968750
302     -139677.343750
303     -140105.750000
304     -140533.984375
305     -140960.406250
306     -141385.078125
307     -141809.781250
308     -142230.687500
309     -142654.250000
310     -143074.953125
311     -143492.593750
312     -143910.765625
313     -144324.609375
314     -144740.421875
315     -145152.312500
316     -145563.750000
317     -145974.984375
318     -146382.125000
319     -146789.625000
320     -147195.500000
321     -147599.718750
322     -148001.906250
323     -148405.890625
324     -148805.359375
325     -149202.312500
326     -149600.781250
327     -149995.671875
328     -150389.984375
329     -150784.203125
330     -151176.031250
331     -151564.281250
332     -151953.734375
333     -152340.796875
334     -152725.609375
335     -153109.343750
336     -153492.937500
337     -153874.125000
338     -154255.218750
339     -154632.625000
340     -155009.625000
341     -155385.281250
342     -155759.203125
343     -156130.171875
344     -156501.828125
345     -156871.875000
346     -157239.421875
347     -157605.406250
348     -157973.000000
349     -158333.218750
350     -158697.125000
351     -159055.750000
352     -159415.125000
353     -159771.546875
354     -160126.812500
355     -160481.218750
356     -160834.000000
357     -161184.687500
358     -161533.218750
359     -161881.593750
360     -162228.218750
361     -162572.531250
362     -162915.703125
363     -163258.703125
364     -163599.781250
365     -163938.781250
366     -164275.390625
367     -164613.437500
368     -164946.000000
369     -165278.343750
370     -165609.781250
371     -165939.031250
372     -166267.687500
373     -166594.515625
374     -166920.718750
375     -167242.593750
376     -167564.531250
377     -167884.343750
378     -168202.781250
379     -168518.343750
380     -168834.343750
381     -169148.125000
382     -169461.000000
383     -169772.062500
384     -170079.171875
385     -170387.546875
386     -170693.062500
387     -170999.296875
388     -171302.500000
389     -171603.906250
390     -171904.312500
391     -172202.000000
392     -172500.000000
393     -172796.140625
394     -173089.437500
395     -173381.687500
396     -173672.531250
397     -173961.093750
398     -174248.187500
399     -174534.281250
400     -174818.812500
401     -175100.453125
402     -175382.921875
403     -175662.281250
404     -175939.875000
405     -176216.437500
406     -176491.781250
407     -176764.343750
408     -177037.781250
409     -177308.468750
410     -177578.312500
411     -177844.968750
412     -178112.468750
413     -178377.781250
414     -178642.437500
415     -178905.375000
416     -179165.437500
417     -179424.640625
418     -179682.843750
419     -179939.250000
420     -180193.703125
421     -180445.437500
422     -180696.828125
423     -180947.234375
424     -181194.000000
425     -181441.453125
426     -181686.500000
427     -181929.984375
428     -182171.812500
429     -182412.750000
430     -182651.875000
431     -182889.250000
432     -183125.734375
433     -183361.125000
434     -183595.531250
435     -183826.484375
436     -184056.812500
437     -184285.500000
438     -184512.156250
439     -184738.343750
440     -184961.281250
441     -185184.265625
442     -185405.843750
443     -185626.250000
444     -185843.812500
445     -186061.968750
446     -186278.406250
447     -186492.687500
448     -186705.093750
449     -186917.609375
450     -187127.781250
451     -187337.031250
452     -187543.281250
453     -187749.500000
454     -187952.609375
455     -188158.062500
456     -188357.750000
457     -188557.921875
458     -188756.906250
459     -188954.546875
460     -189150.312500
461     -189346.390625
462     -189538.015625
463     -189731.078125
464     -189920.968750
465     -190110.437500
466     -190298.609375
467     -190484.453125
468     -190669.140625
469     -190854.156250
470     -191037.312500
471     -191217.468750
472     -191398.250000
473     -191576.218750
474     -191754.218750
475     -191931.968750
476     -192108.437500
477     -192280.984375
478     -192456.531250
479     -192628.156250
480     -192798.453125
481     -192967.109375
482     -193135.593750
483     -193302.906250
484     -193469.125000
485     -193633.437500
486     -193796.906250
487     -193960.906250
488     -194121.781250
489     -194281.296875
490     -194439.515625
491     -194596.953125
492     -194753.031250
493     -194907.562500
494     -195061.359375
495     -195213.421875
496     -195365.078125
497     -195514.718750
498     -195662.718750
499     -195809.578125
500     -195955.062500
501     -196100.875000
502     -196246.156250
503     -196389.031250
504     -196529.875000
505     -196670.171875
506     -196809.531250
507     -196948.593750
508     -197085.125000
509     -197222.140625
510     -197355.828125
511     -197490.375000
512     -197623.406250
513     -197755.796875
514     -197886.953125
515     -198015.390625
516     -198144.531250
517     -198273.000000
518     -198399.125000
519     -198524.046875
520     -198647.468750
521     -198770.484375
522     -198892.750000
523     -199013.515625
524     -199132.765625
525     -199252.218750
526     -199369.203125
527     -199486.984375
528     -199602.484375
529     -199717.859375
530     -199833.093750
531     -199945.046875
532     -200057.390625
533     -200170.843750
534     -200281.187500
535     -200391.578125
536     -200499.031250
537     -200605.828125
538     -200713.859375
539     -200819.687500
540     -200924.421875
541     -201028.750000
542     -201132.046875
543     -201235.250000
544     -201336.015625
545     -201437.250000
546     -201536.343750
547     -201634.671875
548     -201732.328125
549     -201829.468750
550     -201925.828125
551     -202020.593750
552     -202115.437500
553     -202209.328125
554     -202300.953125
555     -202393.312500
556     -202483.796875
557     -202573.265625
558     -202661.046875
559     -202749.562500
560     -202837.750000
561     -202923.078125
562     -203008.500000
563     -203093.625000
564     -203177.765625
565     -203261.468750
566     -203343.296875
567     -203425.437500
568     -203506.156250
569     -203584.562500
570     -203663.984375
571     -203742.093750
572     -203819.562500
573     -203896.484375
574     -203972.062500
575     -204048.046875
576     -204122.468750
577     -204195.937500
578     -204269.812500
579     -204343.187500
580     -204414.281250
581     -204485.968750
582     -204557.203125
583     -204627.078125
584     -204696.703125
585     -204765.343750
586     -204833.687500
587     -204901.437500
588     -204967.937500
589     -205034.281250
590     -205099.906250
591     -205164.234375
592     -205228.375000
593     -205292.687500
594     -205354.375000
595     -205416.984375
596     -205478.437500
597     -205539.390625
598     -205600.406250
599     -205659.843750
600     -205719.687500
601     -205777.531250
602     -205836.031250
603     -205893.437500
604     -205949.812500
605     -206006.609375
606     -206062.500000
607     -206118.796875
608     -206173.703125
609     -206228.875000
610     -206283.078125
611     -206337.093750
612     -206389.250000
613     -206442.375000
614     -206494.437500
615     -206546.562500
616     -206597.531250
617     -206649.015625
618     -206699.218750
619     -206748.671875
620     -206798.375000
621     -206848.062500
622     -206896.968750
623     -206945.031250
624     -206992.468750
625     -207040.218750
626     -207087.671875
627     -207134.250000
628     -207180.625000
629     -207225.828125
630     -207271.218750
631     -207316.000000
632     -207359.875000
633     -207404.531250
634     -207447.406250
635     -207491.312500
636     -207533.687500
637     -207576.875000
638     -207619.343750
639     -207660.937500
640     -207703.453125
641     -207744.750000
642     -207785.562500
643     -207825.984375
644     -207866.578125
645     -207906.453125
646     -207946.531250
647     -207985.296875
648     -208024.890625
649     -208063.437500
650     -208101.406250
651     -208138.500000
652     -208176.437500
653     -208213.437500
654     -208250.531250
655     -208286.906250
656     -208322.968750
657     -208358.734375
658     -208394.406250
659     -208430.031250
660     -208464.265625
661     -208500.031250
662     -208533.640625
663     -208567.843750
664     -208602.078125
665     -208634.843750
666     -208668.046875
667     -208700.328125
668     -208732.750000
669     -208764.468750
670     -208796.437500
671     -208827.312500
672     -208858.359375
673     -208889.375000
674     -208919.953125
675     -208949.718750
676     -208979.968750
677     -209009.937500
678     -209038.843750
679     -209068.500000
680     -209097.593750
681     -209126.281250
682     -209154.796875
683     -209182.687500
684     -209211.281250
685     -209239.031250
686     -209266.703125
687     -209293.843750
688     -209320.718750
689     -209347.406250
690     -209374.000000
691     -209400.500000
692     -209426.281250
693     -209452.531250
694     -209477.718750
695     -209503.062500
696     -209528.109375
697     -209553.390625
698     -209578.031250
699     -209602.171875
700     -209626.687500
701     -209651.000000
702     -209674.406250
703     -209698.203125
704     -209721.390625
705     -209744.453125
706     -209767.375000
707     -209789.515625
708     -209812.421875
709     -209834.750000
710     -209856.031250
711     -209877.828125
712     -209899.640625
713     -209920.640625
714     -209942.125000
715     -209962.843750
716     -209984.328125
717     -210004.859375
718     -210025.562500
719     -210046.187500
720     -210065.875000
721     -210086.281250
722     -210106.171875
723     -210125.484375
724     -210145.546875
725     -210164.625000
726     -210184.093750
727     -210203.406250
728     -210222.062500
729     -210241.250000
730     -210259.984375
731     -210278.625000
732     -210297.328125
733     -210314.875000
734     -210332.968750
735     -210350.859375
736     -210369.000000
737     -210386.359375
738     -210404.140625
739     -210421.562500
740     -210438.812500
741     -210456.328125
742     -210472.984375
743     -210490.500000
744     -210507.359375
745     -210524.031250
746     -210540.843750
747     -210557.437500
748     -210573.781250
749     -210589.515625
750     -210605.843750
751     -210622.031250
752     -210637.625000
753     -210653.484375
754     -210668.953125
755     -210684.500000
756     -210699.593750
757     -210714.656250
758     -210729.625000
759     -210745.062500
760     -210759.578125
761     -210774.765625
762     -210789.453125
763     -210804.078125
764     -210818.437500
765     -210833.234375
766     -210847.125000
767     -210861.406250
768     -210875.406250
769     -210889.906250
770     -210903.718750
771     -210917.406250
772     -210931.312500
773     -210944.765625
774     -210958.421875
775     -210972.000000
776     -210985.187500
777     -210998.406250
778     -211011.656250
779     -211024.796875
780     -211037.593750
781     -211050.437500
782     -211063.531250
783     -211076.156250
784     -211088.968750
785     -211101.484375
786     -211114.140625
787     -211126.656250
788     -211138.765625
789     -211151.343750
790     -211163.437500
791     -211175.812500
792     -211187.703125
793     -211199.750000
794     -211211.546875
