Step            Loss
--------------------
1       -1921.256348
2       -5350.646484
3       -8779.934570
4       -12208.320312
5       -15637.211914
6       -19066.863281
7       -22499.521484
8       -25924.857422
9       -29357.712891
10      -32784.921875
11      -36216.402344
12      -39650.214844
13      -43080.894531
14      -46515.500000
15      -49948.757812
16      -53383.605469
17      -56821.156250
18      -60258.414062
19      -63695.828125
20      -67139.023438
21      -70578.843750
22      -74020.484375
23      -77466.562500
24      -80915.234375
25      -84364.468750
26      -87817.500000
27      -91273.343750
28      -94727.609375
29      -98188.562500
30      -101650.460938
31      -105117.859375
32      -108585.171875
33      -112061.656250
34      -115535.968750
35      -119015.937500
36      -122499.250000
37      -125983.531250
38      -129475.070312
39      -132968.453125
40      -136472.968750
41      -139970.156250
42      -143477.062500
43      -146991.187500
44      -150509.328125
45      -154030.843750
46      -157556.000000
47      -161091.875000
48      -164625.000000
49      -168169.000000
50      -171717.218750
51      -175273.375000
52      -178832.906250
53      -182395.781250
54      -185966.343750
55      -189546.125000
56      -193126.031250
57      -196717.468750
58      -200307.328125
59      -203916.203125
60      -207522.859375
61      -211135.359375
62      -214756.281250
63      -218379.062500
64      -222018.343750
65      -225658.828125
66      -229305.359375
67      -232959.250000
68      -236623.437500
69      -240294.187500
70      -243969.343750
71      -247646.500000
72      -251342.093750
73      -255040.906250
74      -258742.968750
75      -262457.000000
76      -266179.875000
77      -269903.687500
78      -273637.062500
79      -277384.000000
80      -281130.250000
81      -284889.250000
82      -288656.375000
83      -292428.843750
84      -296211.218750
85      -299997.343750
86      -303796.125000
87      -307595.500000
88      -311406.562500
89      -315228.093750
90      -319054.843750
91      -322887.875000
92      -326731.875000
93      -330576.031250
94      -334438.250000
95      -338306.562500
96      -342178.312500
97      -346058.250000
98      -349949.437500
99      -353848.562500
100     -357750.718750
101     -361666.312500
102     -365581.250000
103     -369508.250000
104     -373448.593750
105     -377390.531250
106     -381340.531250
107     -385293.312500
108     -389261.281250
109     -393236.625000
110     -397216.812500
111     -401205.031250
112     -405199.593750
113     -409200.437500
114     -413208.000000
115     -417231.250000
116     -421252.125000
117     -425283.156250
118     -429320.562500
119     -433368.906250
120     -437423.750000
121     -441482.000000
122     -445544.656250
123     -449620.062500
124     -453699.250000
125     -457783.156250
126     -461878.218750
127     -465976.062500
128     -470084.000000
129     -474195.250000
130     -478312.750000
131     -482438.500000
132     -486570.750000
133     -490708.281250
134     -494850.937500
135     -498999.625000
136     -503153.218750
137     -507309.812500
138     -511478.937500
139     -515649.406250
140     -519829.156250
141     -524012.125000
142     -528201.437500
143     -532390.500000
144     -536586.750000
145     -540786.312500
146     -544997.250000
147     -549212.000000
148     -553428.000000
149     -557648.562500
150     -561881.312500
151     -566107.375000
152     -570338.250000
153     -574579.062500
154     -578827.125000
155     -583075.437500
156     -587324.562500
157     -591575.062500
158     -595835.250000
159     -600096.500000
160     -604359.125000
161     -608630.500000
162     -612899.750000
163     -617172.125000
164     -621452.375000
165     -625733.312500
166     -630009.625000
167     -634300.000000
168     -638587.375000
169     -642878.000000
170     -647168.000000
171     -651462.125000
172     -655756.250000
173     -660055.875000
174     -664358.125000
175     -668657.125000
176     -672955.812500
177     -677266.937500
178     -681569.562500
179     -685874.750000
180     -690180.625000
181     -694488.562500
182     -698795.625000
183     -703110.625000
184     -707419.625000
185     -711728.375000
186     -716034.437500
187     -720346.625000
188     -724655.875000
189     -728967.062500
190     -733276.687500
191     -737585.250000
192     -741893.125000
193     -746201.875000
194     -750502.562500
195     -754818.625000
196     -759118.875000
197     -763423.437500
198     -767723.875000
199     -772026.187500
200     -776328.250000
201     -780618.312500
202     -784916.312500
203     -789208.812500
204     -793501.375000
205     -797795.500000
206     -802080.875000
207     -806365.312500
208     -810641.750000
209     -814928.437500
210     -819205.875000
211     -823477.125000
212     -827747.000000
213     -832014.125000
214     -836281.000000
215     -840544.375000
216     -844798.000000
217     -849056.375000
218     -853310.250000
219     -857548.750000
220     -861788.625000
221     -866030.312500
222     -870265.875000
223     -874493.750000
224     -878718.875000
225     -882935.812500
226     -887154.625000
227     -891370.187500
228     -895578.375000
229     -899773.500000
230     -903968.812500
231     -908161.750000
232     -912343.250000
233     -916526.375000
234     -920701.750000
235     -924872.500000
236     -929032.875000
237     -933187.625000
238     -937339.250000
239     -941482.500000
240     -945623.375000
241     -949753.125000
242     -953881.687500
243     -957999.312500
244     -962108.250000
245     -966216.187500
246     -970314.875000
247     -974406.000000
248     -978492.812500
249     -982570.500000
250     -986641.250000
251     -990703.187500
252     -994758.625000
253     -998808.000000
254     -1002838.250000
255     -1006876.562500
256     -1010897.625000
257     -1014909.187500
258     -1018923.500000
259     -1022925.750000
260     -1026911.562500
261     -1030896.625000
262     -1034871.375000
263     -1038834.000000
264     -1042794.437500
265     -1046739.125000
266     -1050672.875000
267     -1054611.500000
268     -1058534.750000
269     -1062441.500000
270     -1066342.500000
271     -1070239.000000
272     -1074124.250000
273     -1077995.625000
274     -1081863.500000
275     -1085721.750000
276     -1089564.500000
277     -1093400.500000
278     -1097227.125000
279     -1101045.750000
280     -1104852.250000
281     -1108649.000000
282     -1112439.000000
283     -1116214.000000
284     -1119984.000000
285     -1123745.500000
286     -1127491.000000
287     -1131226.750000
288     -1134956.000000
289     -1138672.250000
290     -1142377.000000
291     -1146075.000000
292     -1149766.500000
293     -1153437.000000
294     -1157099.625000
295     -1160758.000000
296     -1164402.750000
297     -1168030.250000
298     -1171651.250000
299     -1175261.250000
300     -1178856.500000
301     -1182448.750000
302     -1186027.250000
303     -1189596.000000
304     -1193148.250000
305     -1196698.375000
306     -1200229.750000
307     -1203749.875000
308     -1207263.875000
309     -1210767.250000
310     -1214253.750000
311     -1217735.625000
312     -1221198.250000
313     -1224653.250000
314     -1228092.000000
315     -1231521.250000
316     -1234946.000000
317     -1238357.375000
318     -1241750.750000
319     -1245137.375000
320     -1248511.250000
321     -1251878.125000
322     -1255221.125000
323     -1258563.750000
324     -1261887.500000
325     -1265206.000000
326     -1268504.500000
327     -1271793.500000
328     -1275070.625000
329     -1278339.750000
330     -1281594.000000
331     -1284838.500000
332     -1288062.750000
333     -1291277.625000
334     -1294484.875000
335     -1297679.125000
336     -1300856.625000
337     -1304025.250000
338     -1307181.250000
339     -1310326.875000
340     -1313455.000000
341     -1316566.000000
342     -1319671.750000
343     -1322763.000000
344     -1325840.000000
345     -1328912.375000
346     -1331967.375000
347     -1335012.000000
348     -1338038.500000
349     -1341053.500000
350     -1344059.375000
351     -1347049.875000
352     -1350026.875000
353     -1352999.000000
354     -1355948.250000
355     -1358897.500000
356     -1361819.500000
357     -1364739.625000
358     -1367642.250000
359     -1370536.375000
360     -1373411.250000
361     -1376280.750000
362     -1379133.500000
363     -1381979.875000
364     -1384802.750000
365     -1387615.500000
366     -1390417.750000
367     -1393205.875000
368     -1395983.500000
369     -1398739.750000
370     -1401492.750000
371     -1404230.750000
372     -1406951.500000
373     -1409663.750000
374     -1412366.000000
375     -1415057.000000
376     -1417724.250000
377     -1420394.250000
378     -1423044.000000
379     -1425676.000000
380     -1428300.000000
381     -1430906.500000
382     -1433511.500000
383     -1436092.500000
384     -1438669.000000
385     -1441231.500000
386     -1443774.625000
387     -1446316.250000
388     -1448834.750000
389     -1451343.625000
390     -1453840.375000
391     -1456319.750000
392     -1458792.625000
393     -1461245.750000
394     -1463690.000000
395     -1466124.000000
396     -1468547.125000
397     -1470951.250000
398     -1473335.250000
399     -1475720.000000
400     -1478095.625000
401     -1480447.250000
402     -1482785.000000
403     -1485120.500000
404     -1487431.250000
405     -1489738.125000
406     -1492027.750000
407     -1494300.875000
408     -1496570.375000
409     -1498822.625000
410     -1501056.250000
411     -1503276.750000
412     -1505491.250000
413     -1507690.125000
414     -1509878.000000
415     -1512049.750000
416     -1514208.500000
417     -1516356.000000
418     -1518487.000000
419     -1520615.750000
420     -1522722.500000
421     -1524815.500000
422     -1526911.500000
423     -1528979.125000
424     -1531040.125000
425     -1533093.500000
426     -1535124.375000
427     -1537147.250000
428     -1539155.125000
429     -1541153.625000
430     -1543146.000000
431     -1545127.500000
432     -1547085.000000
433     -1549038.875000
434     -1550985.375000
435     -1552910.750000
436     -1554828.500000
437     -1556739.750000
438     -1558629.500000
439     -1560507.250000
440     -1562382.750000
441     -1564245.000000
442     -1566085.500000
443     -1567915.750000
444     -1569741.500000
445     -1571547.750000
446     -1573345.500000
447     -1575130.375000
448     -1576906.750000
449     -1578665.500000
450     -1580417.000000
451     -1582162.250000
452     -1583890.750000
453     -1585610.500000
454     -1587314.750000
455     -1589012.750000
456     -1590697.000000
457     -1592367.625000
458     -1594028.875000
459     -1595680.250000
460     -1597318.125000
461     -1598941.750000
462     -1600562.750000
463     -1602165.500000
464     -1603758.000000
465     -1605342.000000
466     -1606914.500000
467     -1608471.750000
468     -1610027.625000
469     -1611565.250000
470     -1613094.750000
471     -1614611.000000
472     -1616119.250000
473     -1617614.125000
474     -1619102.750000
475     -1620578.000000
476     -1622042.625000
477     -1623499.750000
478     -1624935.000000
479     -1626371.500000
480     -1627794.625000
481     -1629208.500000
482     -1630609.750000
483     -1632000.625000
484     -1633389.000000
485     -1634757.500000
486     -1636119.625000
487     -1637470.250000
488     -1638815.875000
489     -1640143.375000
490     -1641469.500000
491     -1642788.000000
492     -1644090.500000
493     -1645381.000000
494     -1646668.500000
495     -1647942.500000
496     -1649206.000000
497     -1650465.875000
498     -1651713.375000
499     -1652947.250000
500     -1654175.500000
501     -1655392.750000
502     -1656600.375000
503     -1657801.750000
504     -1658990.000000
505     -1660171.875000
506     -1661344.125000
507     -1662508.000000
508     -1663659.625000
509     -1664798.250000
510     -1665936.750000
511     -1667064.125000
512     -1668180.625000
513     -1669291.750000
514     -1670387.250000
515     -1671478.500000
516     -1672564.125000
517     -1673638.250000
518     -1674701.375000
519     -1675758.000000
520     -1676805.750000
521     -1677846.125000
522     -1678875.500000
523     -1679899.000000
524     -1680913.250000
525     -1681921.000000
526     -1682913.500000
527     -1683902.500000
528     -1684883.750000
529     -1685850.125000
530     -1686811.500000
531     -1687767.500000
532     -1688717.250000
533     -1689658.250000
534     -1690586.250000
535     -1691506.250000
536     -1692425.375000
537     -1693328.125000
538     -1694227.750000
539     -1695118.000000
540     -1696005.750000
541     -1696883.750000
542     -1697750.125000
543     -1698611.750000
544     -1699464.625000
545     -1700310.250000
546     -1701148.250000
547     -1701984.625000
548     -1702807.250000
549     -1703626.250000
550     -1704439.500000
551     -1705240.250000
552     -1706034.000000
553     -1706824.500000
554     -1707607.000000
555     -1708383.500000
556     -1709150.000000
557     -1709914.000000
558     -1710668.500000
559     -1711411.250000
560     -1712158.500000
561     -1712892.875000
562     -1713622.000000
563     -1714341.000000
564     -1715055.250000
565     -1715770.500000
566     -1716473.250000
567     -1717170.250000
568     -1717861.875000
569     -1718551.125000
570     -1719231.375000
571     -1719901.750000
572     -1720568.750000
573     -1721235.875000
574     -1721888.250000
575     -1722541.875000
576     -1723186.125000
577     -1723824.125000
578     -1724461.375000
579     -1725088.375000
580     -1725713.750000
581     -1726329.250000
582     -1726943.500000
583     -1727549.500000
584     -1728150.250000
585     -1728748.125000
586     -1729334.000000
587     -1729919.125000
588     -1730495.000000
589     -1731067.750000
590     -1731636.375000
591     -1732196.125000
592     -1732750.875000
593     -1733304.125000
594     -1733847.625000
595     -1734387.875000
596     -1734921.125000
597     -1735455.625000
598     -1735977.750000
599     -1736499.250000
600     -1737013.250000
601     -1737520.875000
602     -1738027.000000
603     -1738526.000000
604     -1739021.625000
605     -1739509.750000
606     -1739996.750000
607     -1740480.250000
608     -1740954.000000
609     -1741425.375000
610     -1741895.625000
611     -1742353.375000
612     -1742815.375000
613     -1743266.250000
614     -1743713.500000
615     -1744162.125000
616     -1744599.875000
617     -1745036.500000
618     -1745467.125000
619     -1745896.375000
620     -1746320.750000
621     -1746741.500000
622     -1747155.500000
623     -1747569.500000
624     -1747974.500000
625     -1748379.250000
626     -1748778.000000
627     -1749174.500000
628     -1749569.000000
629     -1749954.750000
630     -1750339.500000
631     -1750719.000000
632     -1751101.000000
633     -1751474.125000
634     -1751842.750000
635     -1752208.375000
636     -1752574.000000
637     -1752931.375000
638     -1753289.750000
639     -1753642.750000
640     -1753990.750000
641     -1754338.000000
642     -1754681.125000
643     -1755021.250000
644     -1755353.500000
645     -1755689.125000
646     -1756016.250000
647     -1756343.125000
648     -1756667.625000
649     -1756986.875000
650     -1757306.125000
651     -1757618.250000
652     -1757928.625000
653     -1758239.125000
654     -1758544.750000
655     -1758847.375000
656     -1759146.750000
657     -1759446.000000
658     -1759743.375000
659     -1760035.375000
660     -1760324.500000
661     -1760612.750000
662     -1760898.250000
663     -1761181.875000
664     -1761459.750000
665     -1761739.250000
666     -1762015.750000
667     -1762288.000000
668     -1762559.750000
669     -1762830.125000
670     -1763094.750000
671     -1763360.750000
672     -1763621.125000
673     -1763882.750000
674     -1764140.250000
675     -1764396.250000
676     -1764649.750000
677     -1764901.125000
678     -1765152.000000
679     -1765399.875000
680     -1765645.750000
681     -1765887.875000
682     -1766129.250000
683     -1766369.625000
684     -1766607.500000
685     -1766842.000000
686     -1767079.000000
687     -1767308.625000
688     -1767539.125000
689     -1767766.000000
690     -1767993.500000
691     -1768217.500000
692     -1768441.250000
693     -1768660.750000
694     -1768879.750000
695     -1769097.250000
696     -1769311.500000
697     -1769525.750000
698     -1769737.125000
699     -1769947.500000
700     -1770155.500000
701     -1770363.500000
702     -1770568.750000
703     -1770771.250000
704     -1770974.750000
705     -1771176.375000
706     -1771375.000000
707     -1771569.625000
708     -1771766.750000
709     -1771960.250000
710     -1772155.750000
711     -1772346.500000
712     -1772534.250000
713     -1772724.125000
714     -1772909.250000
715     -1773094.750000
716     -1773279.250000
717     -1773461.500000
718     -1773642.500000
719     -1773819.750000
720     -1774000.250000
721     -1774176.250000
722     -1774351.500000
723     -1774525.625000
724     -1774699.250000
725     -1774871.750000
726     -1775043.375000
727     -1775213.500000
728     -1775382.625000
729     -1775550.500000
730     -1775717.000000
731     -1775882.750000
732     -1776047.500000
733     -1776210.500000
734     -1776373.250000
735     -1776533.750000
736     -1776694.750000
737     -1776852.000000
738     -1777010.250000
739     -1777166.000000
740     -1777321.875000
741     -1777475.500000
742     -1777629.500000
743     -1777780.250000
744     -1777931.500000
745     -1778082.000000
746     -1778230.375000
747     -1778377.250000
748     -1778525.125000
749     -1778671.000000
750     -1778814.625000
751     -1778958.000000
752     -1779100.500000
753     -1779241.250000
754     -1779382.125000
755     -1779520.250000
756     -1779659.875000
757     -1779794.250000
758     -1779931.875000
759     -1780066.000000
760     -1780200.875000
761     -1780335.000000
762     -1780466.250000
763     -1780598.750000
764     -1780730.250000
765     -1780859.250000
766     -1780990.625000
767     -1781118.250000
768     -1781245.375000
769     -1781372.250000
770     -1781498.750000
771     -1781624.000000
772     -1781747.875000
773     -1781872.500000
774     -1781996.250000
775     -1782118.500000
776     -1782240.125000
777     -1782360.750000
778     -1782481.125000
779     -1782600.000000
780     -1782718.625000
781     -1782837.375000
782     -1782954.000000
783     -1783070.125000
784     -1783185.875000
785     -1783302.750000
786     -1783416.500000
787     -1783531.250000
788     -1783645.500000
789     -1783757.750000
790     -1783870.375000
791     -1783980.750000
792     -1784093.500000
793     -1784202.750000
794     -1784313.625000
795     -1784422.500000
796     -1784529.750000
797     -1784638.750000
798     -1784744.500000
799     -1784851.500000
