Step            Loss
--------------------
1       -4734.501953
2       -8157.238281
3       -11584.143555
4       -15003.520508
5       -18430.187500
6       -21850.962891
7       -25280.769531
8       -28703.726562
9       -32131.312500
10      -35558.621094
11      -38987.046875
12      -42415.625000
13      -45844.242188
14      -49272.566406
15      -52707.546875
16      -56136.906250
17      -59575.593750
18      -63006.886719
19      -66448.757812
20      -69883.156250
21      -73328.843750
22      -76768.906250
23      -80216.250000
24      -83667.625000
25      -87113.757812
26      -90567.937500
27      -94023.601562
28      -97479.656250
29      -100940.046875
30      -104404.242188
31      -107871.914062
32      -111342.421875
33      -114816.328125
34      -118294.796875
35      -121777.726562
36      -125260.859375
37      -128751.132812
38      -132245.359375
39      -135742.921875
40      -139241.968750
41      -142752.625000
42      -146263.531250
43      -149780.921875
44      -153299.500000
45      -156825.875000
46      -160360.468750
47      -163893.812500
48      -167441.906250
49      -170987.531250
50      -174539.718750
51      -178102.156250
52      -181661.812500
53      -185237.640625
54      -188810.281250
55      -192393.718750
56      -195980.437500
57      -199578.328125
58      -203182.000000
59      -206788.406250
60      -210405.625000
61      -214023.218750
62      -217654.781250
63      -221289.328125
64      -224933.265625
65      -228578.531250
66      -232236.031250
67      -235900.781250
68      -239568.953125
69      -243248.078125
70      -246928.937500
71      -250623.656250
72      -254324.328125
73      -258030.140625
74      -261747.265625
75      -265465.500000
76      -269195.843750
77      -272930.562500
78      -276678.187500
79      -280428.593750
80      -284187.781250
81      -287958.687500
82      -291734.125000
83      -295514.875000
84      -299308.750000
85      -303105.093750
86      -306910.968750
87      -310726.812500
88      -314546.812500
89      -318380.937500
90      -322217.687500
91      -326065.812500
92      -329915.875000
93      -333781.375000
94      -337650.375000
95      -341525.500000
96      -345414.906250
97      -349304.750000
98      -353205.500000
99      -357112.375000
100     -361031.250000
101     -364954.375000
102     -368889.875000
103     -372825.968750
104     -376776.500000
105     -380730.625000
106     -384696.125000
107     -388668.437500
108     -392644.937500
109     -396631.062500
110     -400623.812500
111     -404625.312500
112     -408634.375000
113     -412650.593750
114     -416670.750000
115     -420703.250000
116     -424740.625000
117     -428782.312500
118     -432835.656250
119     -436892.562500
120     -440962.906250
121     -445035.812500
122     -449115.500000
123     -453204.625000
124     -457297.562500
125     -461398.062500
126     -465501.937500
127     -469615.468750
128     -473738.500000
129     -477859.625000
130     -481998.250000
131     -486134.937500
132     -490282.593750
133     -494434.062500
134     -498589.000000
135     -502754.031250
136     -506922.562500
137     -511099.281250
138     -515282.781250
139     -519461.906250
140     -523658.312500
141     -527853.500000
142     -532057.312500
143     -536262.187500
144     -540476.062500
145     -544690.750000
146     -548915.375000
147     -553139.625000
148     -557375.187500
149     -561609.562500
150     -565852.937500
151     -570097.375000
152     -574347.000000
153     -578596.625000
154     -582858.500000
155     -587118.562500
156     -591380.750000
157     -595653.562500
158     -599927.687500
159     -604199.125000
160     -608482.875000
161     -612764.125000
162     -617049.625000
163     -621338.625000
164     -625635.375000
165     -629925.000000
166     -634220.125000
167     -638519.625000
168     -642821.000000
169     -647127.062500
170     -651429.000000
171     -655738.125000
172     -660048.500000
173     -664356.000000
174     -668674.625000
175     -672986.500000
176     -677307.375000
177     -681623.000000
178     -685938.812500
179     -690263.875000
180     -694579.187500
181     -698903.687500
182     -703219.687500
183     -707539.125000
184     -711863.500000
185     -716191.500000
186     -720514.375000
187     -724829.437500
188     -729156.125000
189     -733475.750000
190     -737798.625000
191     -742119.250000
192     -746439.062500
193     -750755.062500
194     -755073.937500
195     -759393.437500
196     -763708.875000
197     -768022.875000
198     -772336.625000
199     -776649.500000
200     -780959.250000
201     -785270.875000
202     -789572.250000
203     -793875.250000
204     -798177.625000
205     -802475.875000
206     -806780.250000
207     -811069.375000
208     -815358.937500
209     -819650.562500
210     -823931.500000
211     -828212.125000
212     -832486.250000
213     -836770.125000
214     -841041.875000
215     -845307.250000
216     -849579.500000
217     -853836.875000
218     -858091.750000
219     -862341.125000
220     -866590.250000
221     -870836.812500
222     -875073.875000
223     -879308.625000
224     -883538.000000
225     -887764.625000
226     -891983.875000
227     -896206.375000
228     -900406.312500
229     -904613.375000
230     -908810.187500
231     -913004.875000
232     -917191.312500
233     -921376.375000
234     -925547.062500
235     -929722.062500
236     -933879.000000
237     -938039.875000
238     -942192.250000
239     -946332.187500
240     -950471.750000
241     -954602.000000
242     -958724.000000
243     -962837.937500
244     -966946.750000
245     -971051.375000
246     -975151.500000
247     -979233.437500
248     -983321.250000
249     -987392.312500
250     -991457.812500
251     -995515.937500
252     -999564.062500
253     -1003608.125000
254     -1007639.750000
255     -1011668.812500
256     -1015687.750000
257     -1019703.937500
258     -1023702.625000
259     -1027695.875000
260     -1031683.812500
261     -1035657.000000
262     -1039626.187500
263     -1043582.750000
264     -1047534.937500
265     -1051472.875000
266     -1055407.500000
267     -1059330.625000
268     -1063248.750000
269     -1067152.000000
270     -1071040.250000
271     -1074930.000000
272     -1078806.250000
273     -1082676.500000
274     -1086534.375000
275     -1090379.875000
276     -1094220.250000
277     -1098047.500000
278     -1101864.750000
279     -1105673.875000
280     -1109472.875000
281     -1113260.000000
282     -1117048.000000
283     -1120814.500000
284     -1124574.125000
285     -1128327.500000
286     -1132063.500000
287     -1135797.625000
288     -1139516.875000
289     -1143228.250000
290     -1146920.250000
291     -1150613.000000
292     -1154287.875000
293     -1157954.500000
294     -1161614.000000
295     -1165257.500000
296     -1168894.250000
297     -1172514.125000
298     -1176124.750000
299     -1179725.000000
300     -1183315.000000
301     -1186894.375000
302     -1190453.500000
303     -1194016.125000
304     -1197555.500000
305     -1201090.375000
306     -1204613.750000
307     -1208125.125000
308     -1211622.250000
309     -1215111.000000
310     -1218590.500000
311     -1222051.500000
312     -1225505.500000
313     -1228943.250000
314     -1232377.500000
315     -1235791.500000
316     -1239193.000000
317     -1242593.500000
318     -1245974.875000
319     -1249344.500000
320     -1252695.750000
321     -1256050.250000
322     -1259374.250000
323     -1262703.000000
324     -1266009.000000
325     -1269307.375000
326     -1272598.500000
327     -1275873.000000
328     -1279131.500000
329     -1282377.000000
330     -1285620.375000
331     -1288841.000000
332     -1292057.750000
333     -1295255.000000
334     -1298440.125000
335     -1301617.375000
336     -1304776.125000
337     -1307926.750000
338     -1311058.750000
339     -1314193.000000
340     -1317304.125000
341     -1320403.125000
342     -1323484.250000
343     -1326565.750000
344     -1329622.750000
345     -1332663.250000
346     -1335707.750000
347     -1338733.250000
348     -1341736.875000
349     -1344744.250000
350     -1347718.250000
351     -1350688.500000
352     -1353649.500000
353     -1356588.000000
354     -1359526.375000
355     -1362451.250000
356     -1365349.500000
357     -1368246.375000
358     -1371122.750000
359     -1373988.750000
360     -1376840.250000
361     -1379681.625000
362     -1382502.000000
363     -1385318.125000
364     -1388127.875000
365     -1390912.375000
366     -1393692.500000
367     -1396451.125000
368     -1399202.000000
369     -1401946.375000
370     -1404666.250000
371     -1407382.875000
372     -1410087.000000
373     -1412780.500000
374     -1415452.500000
375     -1418119.500000
376     -1420765.500000
377     -1423406.250000
378     -1426028.500000
379     -1428645.250000
380     -1431247.000000
381     -1433827.250000
382     -1436407.250000
383     -1438966.625000
384     -1441516.500000
385     -1444053.750000
386     -1446571.750000
387     -1449076.250000
388     -1451577.250000
389     -1454058.500000
390     -1456530.000000
391     -1458988.000000
392     -1461428.125000
393     -1463864.375000
394     -1466281.375000
395     -1468693.750000
396     -1471083.625000
397     -1473457.000000
398     -1475825.000000
399     -1478175.750000
400     -1480520.500000
401     -1482844.250000
402     -1485165.750000
403     -1487469.250000
404     -1489763.500000
405     -1492037.250000
406     -1494300.125000
407     -1496550.875000
408     -1498787.250000
409     -1501013.000000
410     -1503230.250000
411     -1505430.500000
412     -1507611.875000
413     -1509786.000000
414     -1511951.000000
415     -1514103.250000
416     -1516245.250000
417     -1518365.000000
418     -1520479.625000
419     -1522576.750000
420     -1524666.000000
421     -1526747.750000
422     -1528800.500000
423     -1530851.750000
424     -1532887.750000
425     -1534912.750000
426     -1536928.250000
427     -1538916.875000
428     -1540905.375000
429     -1542888.125000
430     -1544848.375000
431     -1546795.125000
432     -1548734.000000
433     -1550661.125000
434     -1552575.000000
435     -1554471.375000
436     -1556360.375000
437     -1558239.625000
438     -1560102.500000
439     -1561951.500000
440     -1563789.250000
441     -1565614.500000
442     -1567431.500000
443     -1569235.250000
444     -1571026.625000
445     -1572814.750000
446     -1574590.500000
447     -1576346.750000
448     -1578097.250000
449     -1579832.500000
450     -1581556.125000
451     -1583266.625000
452     -1584973.500000
453     -1586666.375000
454     -1588349.625000
455     -1590010.750000
456     -1591666.750000
457     -1593316.000000
458     -1594953.250000
459     -1596573.000000
460     -1598182.625000
461     -1599792.750000
462     -1601385.250000
463     -1602970.875000
464     -1604537.750000
465     -1606093.625000
466     -1607639.500000
467     -1609180.500000
468     -1610700.000000
469     -1612217.750000
470     -1613720.125000
471     -1615218.000000
472     -1616707.750000
473     -1618174.750000
474     -1619634.750000
475     -1621085.500000
476     -1622524.500000
477     -1623956.500000
478     -1625377.000000
479     -1626788.500000
480     -1628183.750000
481     -1629573.375000
482     -1630953.875000
483     -1632319.000000
484     -1633676.250000
485     -1635028.625000
486     -1636361.250000
487     -1637685.750000
488     -1639008.750000
489     -1640314.500000
490     -1641609.250000
491     -1642897.500000
492     -1644174.750000
493     -1645444.750000
494     -1646699.875000
495     -1647953.875000
496     -1649195.750000
497     -1650430.750000
498     -1651652.000000
499     -1652866.500000
500     -1654072.125000
501     -1655265.000000
502     -1656451.500000
503     -1657629.250000
504     -1658800.500000
505     -1659954.750000
506     -1661102.500000
507     -1662244.125000
508     -1663378.250000
509     -1664504.625000
510     -1665615.750000
511     -1666718.875000
512     -1667823.250000
513     -1668905.625000
514     -1669987.000000
515     -1671058.250000
516     -1672121.750000
517     -1673177.250000
518     -1674224.000000
519     -1675262.250000
520     -1676292.750000
521     -1677315.750000
522     -1678322.500000
523     -1679330.000000
524     -1680323.500000
525     -1681312.500000
526     -1682291.000000
527     -1683260.875000
528     -1684224.375000
529     -1685175.250000
530     -1686124.000000
531     -1687059.500000
532     -1687993.125000
533     -1688915.875000
534     -1689822.500000
535     -1690728.875000
536     -1691623.750000
537     -1692514.500000
538     -1693399.250000
539     -1694270.750000
540     -1695137.250000
541     -1695993.250000
542     -1696844.500000
543     -1697692.625000
544     -1698526.625000
545     -1699354.625000
546     -1700180.750000
547     -1700998.250000
548     -1701815.250000
549     -1702619.000000
550     -1703414.750000
551     -1704205.750000
552     -1704989.000000
553     -1705767.250000
554     -1706534.250000
555     -1707303.750000
556     -1708062.000000
557     -1708810.750000
558     -1709557.000000
559     -1710287.875000
560     -1711026.500000
561     -1711752.000000
562     -1712467.250000
563     -1713183.875000
564     -1713883.875000
565     -1714585.125000
566     -1715279.625000
567     -1715961.250000
568     -1716637.250000
569     -1717309.750000
570     -1717978.750000
571     -1718636.500000
572     -1719289.000000
573     -1719940.250000
574     -1720576.750000
575     -1721215.500000
576     -1721843.625000
577     -1722466.250000
578     -1723088.000000
579     -1723697.250000
580     -1724306.750000
581     -1724906.500000
582     -1725505.125000
583     -1726095.250000
584     -1726679.750000
585     -1727263.250000
586     -1727833.500000
587     -1728403.500000
588     -1728962.500000
589     -1729525.250000
590     -1730079.750000
591     -1730623.625000
592     -1731169.625000
593     -1731706.000000
594     -1732239.875000
595     -1732764.250000
596     -1733292.500000
597     -1733807.500000
598     -1734323.875000
599     -1734833.500000
600     -1735334.500000
601     -1735835.000000
602     -1736325.500000
603     -1736819.000000
604     -1737305.500000
605     -1737786.875000
606     -1738268.250000
607     -1738738.750000
608     -1739209.250000
609     -1739674.500000
610     -1740134.250000
611     -1740589.500000
612     -1741048.625000
613     -1741494.000000
614     -1741941.375000
615     -1742379.500000
616     -1742818.750000
617     -1743249.500000
618     -1743679.625000
619     -1744100.375000
620     -1744523.500000
621     -1744937.125000
622     -1745350.875000
623     -1745757.375000
624     -1746162.750000
625     -1746565.125000
626     -1746962.750000
627     -1747356.750000
628     -1747748.250000
629     -1748139.125000
630     -1748520.375000
631     -1748902.750000
632     -1749278.000000
633     -1749653.000000
634     -1750024.000000
635     -1750392.625000
636     -1750752.750000
637     -1751113.500000
638     -1751469.500000
639     -1751827.000000
640     -1752173.250000
641     -1752520.750000
642     -1752865.750000
643     -1753204.250000
644     -1753543.250000
645     -1753877.250000
646     -1754209.000000
647     -1754540.000000
648     -1754860.625000
649     -1755187.250000
650     -1755503.750000
651     -1755824.500000
652     -1756139.500000
653     -1756451.500000
654     -1756759.500000
655     -1757065.500000
656     -1757367.250000
657     -1757668.250000
658     -1757967.250000
659     -1758261.125000
660     -1758551.000000
661     -1758838.750000
662     -1759126.750000
663     -1759408.000000
664     -1759686.500000
665     -1759966.250000
666     -1760241.250000
667     -1760514.500000
668     -1760783.750000
669     -1761053.000000
670     -1761319.500000
671     -1761584.000000
672     -1761846.500000
673     -1762105.500000
674     -1762364.000000
675     -1762617.500000
676     -1762872.000000
677     -1763119.750000
678     -1763373.500000
679     -1763617.250000
680     -1763860.000000
681     -1764103.625000
682     -1764344.125000
683     -1764581.625000
684     -1764816.500000
685     -1765050.875000
686     -1765283.500000
687     -1765513.000000
688     -1765741.625000
689     -1765969.375000
690     -1766194.125000
691     -1766415.750000
692     -1766636.750000
693     -1766855.500000
694     -1767073.750000
695     -1767291.250000
696     -1767506.500000
697     -1767719.375000
698     -1767931.750000
699     -1768141.625000
700     -1768350.875000
701     -1768557.875000
702     -1768764.250000
703     -1768968.250000
704     -1769170.000000
705     -1769369.750000
706     -1769570.625000
707     -1769767.625000
708     -1769963.500000
709     -1770157.000000
710     -1770351.500000
711     -1770542.250000
712     -1770732.750000
713     -1770921.625000
714     -1771110.625000
715     -1771295.875000
716     -1771480.375000
717     -1771665.750000
718     -1771847.500000
719     -1772029.250000
720     -1772210.750000
721     -1772388.000000
722     -1772567.625000
723     -1772742.750000
724     -1772919.000000
725     -1773092.750000
726     -1773265.125000
727     -1773437.625000
728     -1773607.750000
729     -1773778.250000
730     -1773945.500000
731     -1774113.750000
732     -1774279.000000
733     -1774442.375000
734     -1774605.375000
735     -1774769.000000
736     -1774930.875000
737     -1775091.500000
738     -1775251.750000
739     -1775408.750000
740     -1775567.250000
741     -1775723.250000
742     -1775879.125000
743     -1776032.000000
744     -1776187.125000
745     -1776338.250000
746     -1776488.625000
747     -1776640.000000
748     -1776788.750000
749     -1776937.250000
750     -1777084.750000
751     -1777230.375000
752     -1777377.125000
753     -1777520.875000
754     -1777665.625000
755     -1777807.125000
756     -1777947.250000
757     -1778090.375000
758     -1778229.000000
759     -1778368.375000
760     -1778507.000000
761     -1778643.000000
762     -1778779.500000
763     -1778914.500000
764     -1779048.625000
765     -1779183.125000
766     -1779315.000000
767     -1779446.625000
768     -1779577.125000
769     -1779707.750000
770     -1779836.500000
771     -1779965.250000
772     -1780091.750000
773     -1780218.750000
774     -1780345.000000
775     -1780468.000000
776     -1780593.125000
777     -1780717.750000
778     -1780839.750000
779     -1780963.500000
780     -1781084.250000
781     -1781205.250000
782     -1781325.875000
783     -1781445.500000
784     -1781563.875000
785     -1781683.000000
786     -1781800.875000
787     -1781918.000000
788     -1782036.125000
789     -1782150.000000
790     -1782266.750000
791     -1782381.000000
792     -1782495.500000
793     -1782609.500000
794     -1782722.125000
795     -1782834.500000
796     -1782946.250000
797     -1783057.125000
798     -1783167.000000
799     -1783276.500000
800     -1783386.875000
