Step            Loss
--------------------
1       -2133.776855
2       -2542.425781
3       -2950.498535
4       -3359.477295
5       -3768.038574
6       -4176.262695
7       -4586.171875
8       -4994.302734
9       -5403.269531
10      -5812.338867
11      -6221.755371
12      -6631.148438
13      -7040.912109
14      -7450.264160
15      -7860.546875
16      -8271.475586
17      -8681.544922
18      -9092.416992
19      -9503.429688
20      -9914.462891
21      -10325.748047
22      -10737.658203
23      -11149.291016
24      -11561.253906
25      -11975.218750
26      -12387.107422
27      -12801.449219
28      -13215.056641
29      -13628.947266
30      -14044.169922
31      -14459.070312
32      -14874.402344
33      -15290.263672
34      -15706.722656
35      -16124.015625
36      -16541.039062
37      -16959.093750
38      -17377.105469
39      -17796.605469
40      -18215.304688
41      -18636.527344
42      -19056.201172
43      -19478.984375
44      -19899.695312
45      -20323.279297
46      -20745.609375
47      -21170.294922
48      -21594.011719
49      -22019.263672
50      -22445.923828
51      -22871.458984
52      -23299.406250
53      -23727.572266
54      -24156.644531
55      -24585.970703
56      -25015.460938
57      -25447.132812
58      -25878.535156
59      -26311.919922
60      -26745.742188
61      -27178.634766
62      -27614.957031
63      -28050.664062
64      -28487.058594
65      -28924.582031
66      -29363.222656
67      -29802.119141
68      -30242.984375
69      -30683.371094
70      -31124.732422
71      -31567.617188
72      -32011.453125
73      -32455.753906
74      -32901.285156
75      -33347.875000
76      -33794.632812
77      -34241.976562
78      -34692.015625
79      -35141.554688
80      -35592.148438
81      -36044.203125
82      -36496.308594
83      -36950.652344
84      -37404.414062
85      -37859.546875
86      -38316.343750
87      -38773.148438
88      -39231.835938
89      -39690.703125
90      -40150.992188
91      -40611.394531
92      -41073.492188
93      -41536.007812
94      -41999.710938
95      -42464.867188
96      -42930.351562
97      -43395.500000
98      -43863.375000
99      -44332.289062
100     -44800.898438
101     -45271.015625
102     -45742.210938
103     -46214.117188
104     -46687.062500
105     -47160.300781
106     -47635.121094
107     -48110.828125
108     -48586.562500
109     -49064.285156
110     -49543.085938
111     -50021.828125
112     -50501.835938
113     -50981.906250
114     -51463.882812
115     -51946.007812
116     -52429.539062
117     -52913.312500
118     -53399.296875
119     -53884.445312
120     -54370.890625
121     -54858.074219
122     -55346.132812
123     -55835.808594
124     -56325.281250
125     -56816.218750
126     -57307.949219
127     -57798.765625
128     -58291.093750
129     -58786.410156
130     -59279.109375
131     -59774.414062
132     -60269.890625
133     -60766.269531
134     -61263.226562
135     -61760.734375
136     -62259.289062
137     -62758.230469
138     -63259.156250
139     -63758.660156
140     -64259.812500
141     -64761.253906
142     -65263.253906
143     -65765.859375
144     -66269.960938
145     -66772.921875
146     -67278.312500
147     -67783.296875
148     -68288.765625
149     -68794.828125
150     -69302.703125
151     -69807.679688
152     -70314.921875
153     -70823.773438
154     -71332.351562
155     -71841.125000
156     -72351.718750
157     -72860.421875
158     -73371.195312
159     -73881.960938
160     -74392.843750
161     -74903.250000
162     -75416.054688
163     -75927.718750
164     -76440.593750
165     -76952.882812
166     -77465.093750
167     -77979.015625
168     -78492.671875
169     -79005.140625
170     -79520.171875
171     -80032.539062
172     -80548.382812
173     -81062.101562
174     -81577.281250
175     -82091.265625
176     -82606.453125
177     -83122.625000
178     -83636.875000
179     -84151.375000
180     -84667.625000
181     -85183.250000
182     -85698.328125
183     -86214.359375
184     -86728.937500
185     -87244.937500
186     -87760.328125
187     -88275.078125
188     -88789.507812
189     -89307.156250
190     -89822.343750
191     -90337.078125
192     -90851.265625
193     -91366.734375
194     -91882.117188
195     -92397.023438
196     -92911.445312
197     -93426.484375
198     -93939.828125
199     -94455.031250
200     -94967.890625
201     -95481.398438
202     -95994.234375
203     -96508.187500
204     -97021.375000
205     -97532.953125
206     -98046.062500
207     -98557.820312
208     -99068.875000
209     -99579.500000
210     -100089.859375
211     -100599.687500
212     -101110.109375
213     -101619.000000
214     -102128.890625
215     -102638.984375
216     -103145.093750
217     -103653.226562
218     -104160.937500
219     -104667.140625
220     -105172.843750
221     -105678.195312
222     -106183.046875
223     -106688.312500
224     -107191.031250
225     -107694.476562
226     -108197.609375
227     -108700.898438
228     -109200.609375
229     -109702.421875
230     -110203.335938
231     -110701.960938
232     -111200.804688
233     -111700.421875
234     -112195.867188
235     -112692.703125
236     -113188.960938
237     -113685.140625
238     -114179.085938
239     -114672.406250
240     -115165.867188
241     -115656.273438
242     -116149.054688
243     -116639.523438
244     -117128.937500
245     -117618.484375
246     -118107.179688
247     -118592.656250
248     -119080.117188
249     -119565.343750
250     -120049.515625
251     -120531.578125
252     -121017.671875
253     -121496.648438
254     -121978.250000
255     -122458.062500
256     -122936.828125
257     -123416.328125
258     -123892.054688
259     -124369.148438
260     -124843.406250
261     -125318.742188
262     -125789.320312
263     -126261.492188
264     -126732.804688
265     -127201.656250
266     -127671.750000
267     -128138.343750
268     -128605.960938
269     -129069.710938
270     -129534.937500
271     -129998.171875
272     -130461.500000
273     -130920.968750
274     -131382.312500
275     -131841.328125
276     -132298.312500
277     -132753.953125
278     -133210.359375
279     -133663.812500
280     -134116.171875
281     -134569.453125
282     -135019.031250
283     -135468.281250
284     -135917.312500
285     -136363.359375
286     -136808.625000
287     -137254.500000
288     -137695.718750
289     -138138.812500
290     -138578.984375
291     -139017.500000
292     -139456.281250
293     -139891.718750
294     -140326.625000
295     -140760.281250
296     -141193.421875
297     -141624.937500
298     -142052.468750
299     -142482.687500
300     -142909.343750
301     -143337.156250
302     -143761.250000
303     -144184.312500
304     -144607.765625
305     -145026.156250
306     -145444.875000
307     -145863.671875
308     -146281.312500
309     -146695.468750
310     -147108.500000
311     -147520.218750
312     -147934.234375
313     -148342.437500
314     -148749.281250
315     -149157.468750
316     -149562.906250
317     -149964.812500
318     -150369.562500
319     -150770.937500
320     -151169.968750
321     -151568.625000
322     -151966.593750
323     -152361.687500
324     -152755.312500
325     -153147.500000
326     -153537.656250
327     -153927.921875
328     -154318.093750
329     -154704.421875
330     -155090.187500
331     -155473.500000
332     -155856.234375
333     -156237.359375
334     -156617.265625
335     -156994.750000
336     -157372.859375
337     -157748.296875
338     -158123.250000
339     -158494.359375
340     -158865.171875
341     -159235.406250
342     -159602.546875
343     -159968.109375
344     -160334.734375
345     -160698.703125
346     -161060.406250
347     -161420.562500
348     -161780.187500
349     -162138.734375
350     -162491.796875
351     -162845.906250
352     -163200.031250
353     -163551.015625
354     -163900.500000
355     -164249.781250
356     -164596.843750
357     -164940.968750
358     -165285.078125
359     -165626.781250
360     -165967.406250
361     -166305.171875
362     -166641.171875
363     -166976.921875
364     -167312.031250
365     -167644.906250
366     -167977.468750
367     -168307.421875
368     -168634.468750
369     -168962.125000
370     -169286.687500
371     -169610.718750
372     -169932.375000
373     -170251.968750
374     -170569.765625
375     -170887.156250
376     -171203.984375
377     -171517.328125
378     -171828.343750
379     -172139.875000
380     -172450.531250
381     -172758.609375
382     -173064.906250
383     -173370.140625
384     -173674.125000
385     -173975.265625
386     -174276.296875
387     -174574.156250
388     -174871.562500
389     -175166.671875
390     -175461.750000
391     -175752.125000
392     -176043.953125
393     -176334.671875
394     -176623.015625
395     -176909.218750
396     -177193.109375
397     -177478.937500
398     -177759.593750
399     -178042.093750
400     -178320.515625
401     -178598.687500
402     -178874.046875
403     -179149.125000
404     -179422.125000
405     -179692.281250
406     -179961.718750
407     -180230.234375
408     -180497.859375
409     -180764.812500
410     -181026.640625
411     -181289.000000
412     -181548.937500
413     -181807.671875
414     -182065.968750
415     -182323.625000
416     -182579.656250
417     -182832.687500
418     -183085.750000
419     -183337.437500
420     -183587.625000
421     -183837.296875
422     -184084.156250
423     -184329.718750
424     -184573.000000
425     -184816.593750
426     -185055.750000
427     -185295.093750
428     -185533.968750
429     -185769.656250
430     -186002.171875
431     -186234.562500
432     -186466.062500
433     -186695.296875
434     -186924.500000
435     -187151.468750
436     -187377.390625
437     -187601.812500
438     -187825.281250
439     -188047.296875
440     -188266.375000
441     -188484.562500
442     -188702.015625
443     -188918.687500
444     -189134.468750
445     -189346.218750
446     -189557.609375
447     -189767.937500
448     -189977.609375
449     -190184.218750
450     -190391.718750
451     -190597.625000
452     -190802.156250
453     -191003.218750
454     -191203.765625
455     -191403.250000
456     -191601.609375
457     -191799.640625
458     -191995.562500
459     -192190.000000
460     -192381.687500
461     -192575.546875
462     -192767.109375
463     -192955.593750
464     -193144.406250
465     -193331.656250
466     -193516.703125
467     -193700.109375
468     -193882.531250
469     -194063.312500
470     -194243.187500
471     -194422.046875
472     -194598.843750
473     -194775.515625
474     -194950.187500
475     -195124.406250
476     -195294.625000
477     -195464.953125
478     -195632.750000
479     -195800.750000
480     -195965.875000
481     -196129.796875
482     -196294.875000
483     -196455.406250
484     -196617.125000
485     -196777.250000
486     -196935.078125
487     -197092.421875
488     -197247.218750
489     -197403.109375
490     -197558.437500
491     -197708.906250
492     -197860.281250
493     -198011.000000
494     -198158.968750
495     -198306.296875
496     -198454.453125
497     -198599.625000
498     -198743.375000
499     -198886.578125
500     -199028.156250
501     -199168.484375
502     -199307.687500
503     -199446.593750
504     -199583.281250
505     -199720.234375
506     -199856.500000
507     -199989.875000
508     -200122.171875
509     -200254.156250
510     -200385.312500
511     -200515.953125
512     -200643.250000
513     -200770.562500
514     -200897.406250
515     -201022.093750
516     -201145.125000
517     -201268.468750
518     -201391.375000
519     -201511.312500
520     -201631.812500
521     -201750.296875
522     -201868.734375
