Step            Loss
--------------------
1       -2529.126465
2       -2929.802734
3       -3331.887695
4       -3733.064941
5       -4135.195312
6       -4535.755859
7       -4937.839844
8       -5338.589355
9       -5740.419922
10      -6141.712891
11      -6543.979492
12      -6946.354980
13      -7347.764648
14      -7750.700195
15      -8151.938477
16      -8555.128906
17      -8957.228516
18      -9359.968750
19      -9762.959961
20      -10165.764648
21      -10569.474609
22      -10972.925781
23      -11377.156250
24      -11781.615234
25      -12185.620117
26      -12589.779297
27      -12995.835938
28      -13400.057617
29      -13805.299805
30      -14211.914062
31      -14618.578125
32      -15025.136719
33      -15432.296875
34      -15840.111328
35      -16248.269531
36      -16656.691406
37      -17066.064453
38      -17475.011719
39      -17885.761719
40      -18295.789062
41      -18707.771484
42      -19118.019531
43      -19531.664062
44      -19943.648438
45      -20357.332031
46      -20772.435547
47      -21186.871094
48      -21602.390625
49      -22018.039062
50      -22435.755859
51      -22852.621094
52      -23270.500000
53      -23689.384766
54      -24108.117188
55      -24529.068359
56      -24949.955078
57      -25371.660156
58      -25794.562500
59      -26217.218750
60      -26643.023438
61      -27067.400391
62      -27492.769531
63      -27919.378906
64      -28346.251953
65      -28774.664062
66      -29203.664062
67      -29633.693359
68      -30064.818359
69      -30495.685547
70      -30928.488281
71      -31361.953125
72      -31796.667969
73      -32231.781250
74      -32666.835938
75      -33104.910156
76      -33542.894531
77      -33981.339844
78      -34420.976562
79      -34861.859375
80      -35304.023438
81      -35746.152344
82      -36189.546875
83      -36634.070312
84      -37079.253906
85      -37526.406250
86      -37972.765625
87      -38421.367188
88      -38871.164062
89      -39321.269531
90      -39772.179688
91      -40224.460938
92      -40678.140625
93      -41131.753906
94      -41586.429688
95      -42043.015625
96      -42497.910156
97      -42957.871094
98      -43415.667969
99      -43876.195312
100     -44336.550781
101     -44799.648438
102     -45260.820312
103     -45725.593750
104     -46190.613281
105     -46657.058594
106     -47122.542969
107     -47589.964844
108     -48059.410156
109     -48527.964844
110     -48999.402344
111     -49470.203125
112     -49942.167969
113     -50415.894531
114     -50890.355469
115     -51365.296875
116     -51840.460938
117     -52317.613281
118     -52795.710938
119     -53275.171875
120     -53754.968750
121     -54235.171875
122     -54716.304688
123     -55198.402344
124     -55681.828125
125     -56165.046875
126     -56648.789062
127     -57135.734375
128     -57621.683594
129     -58108.578125
130     -58597.589844
131     -59085.156250
132     -59575.515625
133     -60064.679688
134     -60556.789062
135     -61049.312500
136     -61541.734375
137     -62034.195312
138     -62528.011719
139     -63024.226562
140     -63518.843750
141     -64015.414062
142     -64511.769531
143     -65009.042969
144     -65507.554688
145     -66007.421875
146     -66506.132812
147     -67005.046875
148     -67506.734375
149     -68008.265625
150     -68509.757812
151     -69012.164062
152     -69515.960938
153     -70018.460938
154     -70522.101562
155     -71026.835938
156     -71530.578125
157     -72037.296875
158     -72543.679688
159     -73050.312500
160     -73556.453125
161     -74064.656250
162     -74570.367188
163     -75078.921875
164     -75587.179688
165     -76096.710938
166     -76605.539062
167     -77115.648438
168     -77624.835938
169     -78135.140625
170     -78645.015625
171     -79157.492188
172     -79666.546875
173     -80178.921875
174     -80689.765625
175     -81203.484375
176     -81713.921875
177     -82225.390625
178     -82738.609375
179     -83250.828125
180     -83762.500000
181     -84275.750000
182     -84788.390625
183     -85300.187500
184     -85813.648438
185     -86326.937500
186     -86840.195312
187     -87352.843750
188     -87865.445312
189     -88379.703125
190     -88891.351562
191     -89404.234375
192     -89918.093750
193     -90429.234375
194     -90943.328125
195     -91456.226562
196     -91967.765625
197     -92479.046875
198     -92993.242188
199     -93504.906250
200     -94016.804688
201     -94529.539062
202     -95040.640625
203     -95550.906250
204     -96062.734375
205     -96574.156250
206     -97083.468750
207     -97594.031250
208     -98105.343750
209     -98613.460938
210     -99122.703125
211     -99632.335938
212     -100140.148438
213     -100648.828125
214     -101155.750000
215     -101664.593750
216     -102170.875000
217     -102678.273438
218     -103182.765625
219     -103689.140625
220     -104194.031250
221     -104701.218750
222     -105203.695312
223     -105709.593750
224     -106212.179688
225     -106714.882812
226     -107215.312500
227     -107718.328125
228     -108218.109375
229     -108719.062500
230     -109217.531250
231     -109717.484375
232     -110215.703125
233     -110713.921875
234     -111211.437500
235     -111706.531250
236     -112202.234375
237     -112697.531250
238     -113193.796875
239     -113687.656250
240     -114180.546875
241     -114671.726562
242     -115163.210938
243     -115653.171875
244     -116143.335938
245     -116631.773438
246     -117121.156250
247     -117608.679688
248     -118095.625000
249     -118579.062500
250     -119064.968750
251     -119548.671875
252     -120033.625000
253     -120513.398438
254     -120994.523438
255     -121474.914062
256     -121954.242188
257     -122433.000000
258     -122910.390625
259     -123387.281250
260     -123861.937500
261     -124337.007812
262     -124811.031250
263     -125283.484375
264     -125754.109375
265     -126224.203125
266     -126695.375000
267     -127163.367188
268     -127630.765625
269     -128097.125000
270     -128561.765625
271     -129026.398438
272     -129489.828125
273     -129951.000000
274     -130410.601562
275     -130871.148438
276     -131328.718750
277     -131786.781250
278     -132242.921875
279     -132696.656250
280     -133150.359375
281     -133602.578125
282     -134053.562500
283     -134504.375000
284     -134952.625000
285     -135400.328125
286     -135847.640625
287     -136293.890625
288     -136735.609375
289     -137179.656250
290     -137621.937500
291     -138061.218750
292     -138501.187500
293     -138940.609375
294     -139375.578125
295     -139811.187500
296     -140246.718750
297     -140679.937500
298     -141112.125000
299     -141541.796875
300     -141971.046875
301     -142400.062500
302     -142826.765625
303     -143251.750000
304     -143676.625000
305     -144099.203125
306     -144521.531250
307     -144940.953125
308     -145359.234375
309     -145777.125000
310     -146192.937500
311     -146607.468750
312     -147020.937500
313     -147432.406250
314     -147842.531250
315     -148252.812500
316     -148659.375000
317     -149066.343750
318     -149469.468750
319     -149873.531250
320     -150275.890625
321     -150675.343750
322     -151074.312500
323     -151472.968750
324     -151869.234375
325     -152263.359375
326     -152655.109375
327     -153046.843750
328     -153437.687500
329     -153828.328125
330     -154213.875000
331     -154601.625000
332     -154984.859375
333     -155368.656250
334     -155749.171875
335     -156128.531250
336     -156508.781250
337     -156886.093750
338     -157262.562500
339     -157634.531250
340     -158009.406250
341     -158380.906250
342     -158749.109375
343     -159116.656250
344     -159483.453125
345     -159847.406250
346     -160212.343750
347     -160573.609375
348     -160934.312500
349     -161293.000000
350     -161649.453125
351     -162006.562500
352     -162359.375000
353     -162712.546875
354     -163064.281250
355     -163414.968750
356     -163761.546875
357     -164109.656250
358     -164456.421875
359     -164800.031250
360     -165142.234375
361     -165482.125000
362     -165821.171875
363     -166160.281250
364     -166496.171875
365     -166830.140625
366     -167163.093750
367     -167494.468750
368     -167824.218750
369     -168154.187500
370     -168479.750000
371     -168804.578125
372     -169128.875000
373     -169451.265625
374     -169772.593750
375     -170092.500000
376     -170410.187500
377     -170726.359375
378     -171043.000000
379     -171356.281250
380     -171669.234375
381     -171978.906250
382     -172288.187500
383     -172594.250000
384     -172900.656250
385     -173204.843750
386     -173508.000000
387     -173809.093750
388     -174109.218750
389     -174405.531250
390     -174702.468750
391     -174997.640625
392     -175291.500000
393     -175583.453125
394     -175872.890625
395     -176164.015625
396     -176450.250000
397     -176736.343750
398     -177020.343750
399     -177302.312500
400     -177584.203125
401     -177862.750000
402     -178141.093750
403     -178417.328125
404     -178692.031250
405     -178966.250000
406     -179238.906250
407     -179507.281250
408     -179776.562500
409     -180043.890625
410     -180309.718750
411     -180572.968750
412     -180836.500000
413     -181096.968750
414     -181357.125000
415     -181615.625000
416     -181871.906250
417     -182126.062500
418     -182380.156250
419     -182632.078125
420     -182883.781250
421     -183132.515625
422     -183380.593750
423     -183626.812500
424     -183871.890625
425     -184115.343750
426     -184356.281250
427     -184596.390625
428     -184834.593750
429     -185071.390625
430     -185308.312500
431     -185541.765625
432     -185776.609375
433     -186007.890625
434     -186236.437500
435     -186466.218750
436     -186693.375000
437     -186919.156250
438     -187143.687500
439     -187365.062500
440     -187586.890625
441     -187807.687500
442     -188027.093750
443     -188243.687500
444     -188458.562500
445     -188673.343750
446     -188885.093750
447     -189095.359375
448     -189306.703125
449     -189514.968750
450     -189721.203125
451     -189928.375000
452     -190132.187500
453     -190334.593750
454     -190536.609375
455     -190735.093750
456     -190935.093750
457     -191133.875000
458     -191330.500000
459     -191525.593750
460     -191719.187500
461     -191911.406250
462     -192102.984375
463     -192294.234375
464     -192483.875000
465     -192673.078125
466     -192859.843750
467     -193044.593750
468     -193227.687500
469     -193409.375000
470     -193590.218750
471     -193768.843750
472     -193945.843750
473     -194123.250000
474     -194299.359375
475     -194473.734375
476     -194645.125000
477     -194815.937500
478     -194986.156250
479     -195154.421875
480     -195321.406250
481     -195487.140625
482     -195651.718750
483     -195815.343750
484     -195977.437500
485     -196138.062500
486     -196296.687500
487     -196454.343750
488     -196612.843750
489     -196768.859375
490     -196923.250000
491     -197076.343750
492     -197229.015625
493     -197381.593750
494     -197531.765625
495     -197681.250000
496     -197831.281250
497     -197976.343750
498     -198121.234375
499     -198265.781250
500     -198409.906250
501     -198551.531250
502     -198691.906250
503     -198832.781250
504     -198971.875000
505     -199109.546875
506     -199246.484375
507     -199381.437500
508     -199515.843750
509     -199648.406250
510     -199781.437500
511     -199912.046875
512     -200041.156250
513     -200169.015625
514     -200296.750000
515     -200422.843750
516     -200547.625000
517     -200673.296875
518     -200794.937500
519     -200917.421875
520     -201037.281250
521     -201159.593750
522     -201278.640625
523     -201395.984375
