1_data_1000
-1.97545e+04 -1.88735e+04 -1.94514e+04 -2.07067e+04 -1.86592e+04 
-1.98123e+04 -1.89196e+04 -1.94862e+04 -2.07129e+04 -1.86952e+04 
-1.99244e+04 -1.90625e+04 -1.96083e+04 -2.07811e+04 -1.88272e+04 
-1.99388e+04 -1.91508e+04 -1.96184e+04 -2.08313e+04 -1.88883e+04 
-1.99388e+04 -1.91508e+04 -1.96184e+04 -2.08313e+04 -1.88883e+04 
-1.99388e+04 -1.91508e+04 -1.97066e+04 -2.08313e+04 -1.89294e+04 

2_data_6000
-2.79031e+05 -2.80174e+05 -2.83300e+05 -2.73500e+05 -2.70328e+05 
-2.79607e+05 -2.80387e+05 -2.83880e+05 -2.73944e+05 -2.70955e+05 
-2.81012e+05 -2.81784e+05 -2.85376e+05 -2.76135e+05 -2.72634e+05 
-2.81868e+05 -2.83047e+05 -2.86458e+05 -2.77491e+05 -2.73903e+05 
-2.82050e+05 -2.83163e+05 -2.87149e+05 -2.77618e+05 -2.74362e+05 
-2.82229e+05 -2.83508e+05 -2.87434e+05 -2.77618e+05 -2.74362e+05 

3_data_25000
-2.35695e+06 -2.32472e+06 -2.35898e+06 -2.35846e+06 -2.36431e+06 
-2.36164e+06 -2.32942e+06 -2.36361e+06 -2.36345e+06 -2.36875e+06 
-2.37533e+06 -2.34462e+06 -2.37987e+06 -2.37950e+06 -2.38475e+06 
-2.39024e+06 -2.35661e+06 -2.39033e+06 -2.39085e+06 -2.39641e+06 
-2.39164e+06 -2.35903e+06 -2.39341e+06 -2.39605e+06 -2.40171e+06 
-2.39526e+06 -2.35996e+06 -2.39877e+06 -2.39759e+06 -2.40456e+06 

4_data_45000
-5.74826e+06 -5.70726e+06 -5.63486e+06 -5.71294e+06 -5.60651e+06 
-5.75753e+06 -5.71839e+06 -5.64411e+06 -5.72413e+06 -5.61764e+06 
-5.79422e+06 -5.75944e+06 -5.68021e+06 -5.75918e+06 -5.65638e+06 
-5.82008e+06 -5.78210e+06 -5.71340e+06 -5.78574e+06 -5.68393e+06 
-5.83021e+06 -5.79420e+06 -5.72551e+06 -5.79908e+06 -5.69903e+06 
-5.83639e+06 -5.80027e+06 -5.72630e+06 -5.80669e+06 -5.70012e+06 


