1_data_1000
-1.90961e+04 -1.83368e+04 -1.88741e+04 -2.00846e+04 -1.80040e+04 
-1.94511e+04 -1.87003e+04 -1.91630e+04 -2.04317e+04 -1.83645e+04 
-1.96388e+04 -1.89012e+04 -1.94813e+04 -2.06055e+04 -1.87359e+04 
-1.97924e+04 -1.90596e+04 -1.95466e+04 -2.08181e+04 -1.87383e+04 
-1.98544e+04 -1.91310e+04 -1.95833e+04 -2.08464e+04 -1.88569e+04 
-1.98544e+04 -1.91305e+04 -1.96464e+04 -2.08464e+04 -1.88687e+04 

2_data_6000
-2.68354e+05 -2.71024e+05 -2.73325e+05 -2.63747e+05 -2.61082e+05 
-2.73773e+05 -2.75742e+05 -2.78022e+05 -2.68668e+05 -2.65656e+05 
-2.77974e+05 -2.79246e+05 -2.82165e+05 -2.72848e+05 -2.68921e+05 
-2.80737e+05 -2.81883e+05 -2.85429e+05 -2.75338e+05 -2.72242e+05 
-2.81776e+05 -2.82746e+05 -2.86735e+05 -2.76790e+05 -2.73466e+05 
-2.82512e+05 -2.83029e+05 -2.87073e+05 -2.76785e+05 -2.73458e+05 

3_data_25000
-2.27263e+06 -2.23764e+06 -2.27316e+06 -2.27165e+06 -2.27905e+06 
-2.31645e+06 -2.28351e+06 -2.31835e+06 -2.31793e+06 -2.32494e+06 
-2.34855e+06 -2.31609e+06 -2.34978e+06 -2.34848e+06 -2.35455e+06 
-2.37231e+06 -2.34359e+06 -2.37593e+06 -2.37878e+06 -2.38440e+06 
-2.38608e+06 -2.35491e+06 -2.38906e+06 -2.38919e+06 -2.39632e+06 
-2.38975e+06 -2.35927e+06 -2.39557e+06 -2.39433e+06 -2.40091e+06 


