Step            Loss
--------------------
1          18.999344
2          -8.953064
3         -36.905060
4         -64.856827
5         -92.807983
6        -120.758812
7        -148.709869
8        -176.660767
9        -204.612549
10       -232.565369
11       -260.520081
12       -288.477264
13       -316.437622
14       -344.402191
15       -372.371613
16       -400.346924
17       -428.329102
18       -456.319092
19       -484.318085
20       -512.326904
21       -540.346863
22       -568.379089
23       -596.424805
24       -624.484741
25       -652.560547
26       -680.652954
27       -708.763550
28       -736.893188
29       -765.042969
30       -793.214600
31       -821.408630
32       -849.626587
33       -877.869385
34       -906.138306
35       -934.434326
36       -962.758789
37       -991.112427
38      -1019.496765
39      -1047.912354
40      -1076.360596
41      -1104.842285
42      -1133.358643
43      -1161.910400
44      -1190.498779
45      -1219.124512
46      -1247.788574
47      -1276.491943
48      -1305.235596
49      -1334.020264
50      -1362.846924
51      -1391.716187
52      -1420.629150
53      -1449.586182
54      -1478.588379
55      -1507.636475
56      -1536.731201
57      -1565.873169
58      -1595.062988
59      -1624.301514
60      -1653.589111
61      -1682.926758
62      -1712.314697
63      -1741.753662
64      -1771.244263
65      -1800.786865
66      -1830.382324
67      -1860.030762
68      -1889.732910
69      -1919.488892
70      -1949.299316
71      -1979.164795
72      -2009.085449
73      -2039.061768
74      -2069.094238
75      -2099.182617
76      -2129.327881
77      -2159.530029
78      -2189.789551
79      -2220.106201
80      -2250.480469
81      -2280.912598
82      -2311.403320
83      -2341.951660
84      -2372.559082
85      -2403.224609
86      -2433.948730
87      -2464.731689
88      -2495.573730
89      -2526.474365
90      -2557.434082
91      -2588.452637
92      -2619.530273
93      -2650.666992
94      -2681.862549
95      -2713.116699
96      -2744.430176
97      -2775.802246
98      -2807.232910
99      -2838.722168
100     -2870.269531
101     -2901.875488
102     -2933.539551
103     -2965.261475
104     -2997.041016
105     -3028.877930
106     -3060.772461
107     -3092.723633
108     -3124.731445
109     -3156.795898
110     -3188.916504
111     -3221.092773
112     -3253.324707
113     -3285.611328
114     -3317.953125
115     -3350.349121
116     -3382.799072
117     -3415.302734
118     -3447.859375
119     -3480.468750
120     -3513.130371
121     -3545.843750
122     -3578.608154
123     -3611.423584
124     -3644.289307
125     -3677.204590
126     -3710.168701
127     -3743.181885
128     -3776.243164
129     -3809.351562
130     -3842.507080
131     -3875.708740
132     -3908.956299
133     -3942.248535
134     -3975.585205
135     -4008.965332
136     -4042.388916
137     -4075.854248
138     -4109.361816
139     -4142.910156
140     -4176.498535
141     -4210.126465
142     -4243.792969
143     -4277.498047
144     -4311.239746
145     -4345.018066
146     -4378.832031
147     -4412.681152
148     -4446.564453
149     -4480.480957
150     -4514.429688
151     -4548.409668
152     -4582.420898
153     -4616.462891
154     -4650.532227
155     -4684.631348
156     -4718.757812
157     -4752.910156
158     -4787.087891
159     -4821.291016
160     -4855.518066
161     -4889.768066
162     -4924.039551
163     -4958.332520
164     -4992.645996
165     -5026.978516
166     -5061.329102
167     -5095.697754
168     -5130.082520
169     -5164.483398
170     -5198.898438
171     -5233.327148
172     -5267.768555
173     -5302.222168
174     -5336.685547
175     -5371.160156
176     -5405.642578
177     -5440.133789
178     -5474.630859
179     -5509.134766
180     -5543.643555
181     -5578.156250
182     -5612.671875
183     -5647.189453
184     -5681.708008
185     -5716.226562
186     -5750.744629
187     -5785.260742
188     -5819.774414
189     -5854.283203
190     -5888.788086
191     -5923.287109
192     -5957.778809
193     -5992.262695
194     -6026.738770
195     -6061.204102
196     -6095.659180
197     -6130.103027
198     -6164.534180
199     -6198.951172
200     -6233.353516
201     -6267.741211
202     -6302.111816
203     -6336.463379
204     -6370.768066
205     -6405.031738
206     -6439.257812
207     -6473.463379
208     -6507.646484
209     -6541.807617
210     -6575.943848
211     -6610.055664
212     -6644.141113
213     -6678.200195
214     -6712.230957
215     -6746.233887
216     -6780.207031
217     -6814.149414
218     -6848.061035
219     -6881.940918
220     -6915.787109
221     -6949.599121
222     -6983.376953
223     -7017.119141
224     -7050.824707
225     -7084.492676
226     -7118.123047
227     -7151.708496
228     -7185.247070
229     -7218.746094
230     -7252.203125
231     -7285.617188
232     -7318.989258
233     -7352.315430
234     -7385.586426
235     -7418.811523
236     -7451.990723
237     -7485.123047
238     -7518.207031
239     -7551.243164
240     -7584.229492
241     -7617.166016
242     -7650.046387
243     -7682.871582
244     -7715.644531
245     -7748.364258
246     -7781.026855
247     -7813.631348
248     -7846.181152
249     -7878.675293
250     -7911.100586
251     -7943.466797
252     -7975.774414
253     -8008.023926
254     -8040.207520
255     -8072.322266
256     -8104.375977
257     -8136.370117
258     -8168.301758
259     -8200.171875
260     -8231.978516
261     -8263.722656
262     -8295.388672
263     -8326.988281
264     -8358.521484
265     -8389.988281
266     -8421.376953
267     -8452.699219
268     -8483.954102
269     -8515.140625
270     -8546.258789
271     -8577.309570
272     -8608.290039
273     -8639.201172
274     -8670.041992
275     -8700.812500
276     -8731.511719
277     -8762.138672
278     -8792.695312
279     -8823.173828
280     -8853.574219
281     -8883.901367
282     -8914.144531
283     -8944.292969
284     -8974.347656
285     -9004.302734
286     -9034.171875
287     -9063.965820
288     -9093.675781
289     -9123.308594
290     -9152.863281
291     -9182.339844
292     -9211.734375
293     -9241.042969
294     -9270.273438
295     -9299.423828
296     -9328.488281
297     -9357.462891
298     -9386.343750
299     -9415.123047
300     -9443.801758
301     -9472.383789
302     -9500.875977
303     -9529.281250
304     -9557.599609
305     -9585.830078
306     -9613.958984
307     -9641.984375
308     -9669.870117
309     -9697.669922
310     -9725.388672
311     -9753.024414
312     -9780.566406
313     -9808.001953
314     -9835.312500
315     -9862.488281
316     -9889.549805
317     -9916.528320
318     -9943.425781
319     -9970.219727
320     -9996.910156
321     -10023.491211
322     -10049.951172
323     -10076.314453
324     -10102.595703
325     -10128.793945
326     -10154.879883
327     -10180.882812
328     -10206.802734
329     -10232.637695
330     -10258.365234
331     -10283.965820
332     -10309.461914
333     -10334.867188
334     -10360.175781
335     -10385.375000
336     -10410.468750
337     -10435.479492
338     -10460.408203
339     -10485.251953
340     -10510.009766
341     -10534.678711
342     -10559.246094
343     -10583.732422
344     -10608.121094
345     -10632.410156
346     -10656.613281
347     -10680.726562
348     -10704.713867
349     -10728.615234
350     -10752.434570
351     -10776.138672
352     -10799.750000
353     -10823.243164
354     -10846.625000
355     -10869.917969
356     -10893.115234
357     -10916.205078
358     -10939.164062
359     -10962.040039
360     -10984.826172
361     -11007.517578
362     -11030.074219
363     -11052.539062
364     -11074.904297
365     -11097.150391
366     -11119.292969
367     -11141.353516
368     -11163.334961
369     -11185.224609
370     -11207.036133
371     -11228.757812
372     -11250.369141
373     -11271.890625
374     -11293.318359
375     -11314.631836
376     -11335.831055
377     -11356.917969
378     -11377.906250
379     -11398.814453
380     -11419.637695
381     -11440.354492
382     -11460.940430
383     -11481.414062
384     -11501.775391
385     -11522.046875
386     -11542.233398
387     -11562.316406
388     -11582.289062
389     -11602.183594
390     -11621.974609
391     -11641.632812
392     -11661.208984
393     -11680.683594
394     -11700.060547
395     -11719.321289
396     -11738.482422
397     -11757.539062
398     -11776.483398
399     -11795.307617
400     -11814.056641
401     -11832.726562
402     -11851.291016
403     -11869.728516
404     -11888.050781
405     -11906.288086
406     -11924.424805
407     -11942.450195
408     -11960.363281
409     -11978.156250
410     -11995.830078
411     -12013.427734
412     -12030.916016
413     -12048.310547
414     -12065.622070
415     -12082.809570
416     -12099.890625
417     -12116.810547
418     -12133.636719
419     -12150.365234
420     -12167.013672
421     -12183.533203
422     -12199.891602
423     -12216.181641
424     -12232.386719
425     -12248.466797
426     -12264.417969
427     -12280.265625
428     -12295.992188
429     -12311.642578
430     -12327.220703
431     -12342.724609
432     -12358.091797
433     -12373.337891
434     -12388.500000
435     -12403.601562
436     -12418.619141
437     -12433.577148
438     -12448.478516
439     -12463.289062
440     -12477.964844
441     -12492.542969
442     -12507.044922
443     -12521.464844
444     -12535.785156
445     -12550.009766
446     -12564.155273
447     -12578.212891
448     -12592.163086
449     -12605.912109
450     -12619.539062
451     -12633.056641
452     -12646.507812
453     -12659.881836
454     -12673.130859
455     -12686.275391
456     -12699.365234
457     -12712.379883
458     -12725.325195
459     -12738.166016
460     -12750.886719
461     -12763.525391
462     -12776.105469
463     -12788.599609
464     -12801.003906
465     -12813.343750
466     -12825.588867
467     -12837.727539
468     -12849.781250
469     -12861.714844
470     -12873.514648
471     -12885.226562
472     -12896.860352
473     -12908.395508
474     -12919.862305
475     -12931.265625
476     -12942.568359
477     -12953.767578
478     -12964.875000
479     -12975.899414
480     -12986.801758
481     -12997.615234
482     -13008.375000
483     -13019.083008
484     -13029.720703
485     -13040.311523
486     -13050.827148
487     -13061.260742
488     -13071.637695
489     -13081.912109
490     -13092.089844
491     -13102.149414
492     -13112.109375
493     -13122.001953
494     -13131.842773
495     -13141.639648
496     -13151.373047
497     -13161.019531
498     -13170.597656
499     -13180.097656
500     -13189.541016
501     -13198.912109
502     -13208.218750
503     -13217.460938
504     -13226.635742
505     -13235.710938
506     -13244.732422
507     -13253.633789
508     -13262.444336
509     -13271.207031
510     -13279.918945
511     -13288.583984
512     -13297.176758
513     -13305.656250
514     -13314.078125
515     -13322.434570
516     -13330.718750
517     -13338.955078
518     -13347.111328
519     -13355.173828
520     -13363.193359
521     -13371.179688
522     -13379.113281
523     -13387.009766
524     -13394.839844
525     -13402.622070
526     -13410.355469
527     -13418.039062
528     -13425.661133
529     -13433.232422
530     -13440.765625
531     -13448.255859
532     -13455.690430
533     -13463.045898
534     -13470.351562
535     -13477.562500
536     -13484.726562
537     -13491.824219
538     -13498.844727
539     -13505.803711
540     -13512.722656
541     -13519.602539
542     -13526.416016
543     -13533.182617
544     -13539.896484
545     -13546.562500
546     -13553.193359
547     -13559.730469
548     -13566.149414
549     -13572.481445
550     -13578.710938
551     -13584.837891
552     -13590.917969
553     -13596.965820
554     -13602.947266
555     -13608.836914
556     -13614.655273
557     -13620.410156
558     -13626.101562
559     -13631.728516
560     -13637.316406
561     -13642.851562
562     -13648.333008
563     -13653.764648
564     -13659.131836
565     -13664.474609
566     -13669.765625
567     -13675.031250
568     -13680.244141
569     -13685.408203
570     -13690.523438
571     -13695.568359
572     -13700.560547
573     -13705.517578
574     -13710.454102
575     -13715.348633
576     -13720.206055
577     -13725.033203
578     -13729.825195
579     -13734.560547
580     -13739.266602
581     -13743.930664
582     -13748.527344
583     -13753.080078
584     -13757.615234
585     -13762.109375
586     -13766.572266
587     -13771.000000
588     -13775.391602
589     -13779.769531
590     -13784.120117
591     -13788.425781
592     -13792.628906
593     -13796.768555
594     -13800.851562
595     -13804.891602
596     -13808.882812
597     -13812.841797
598     -13816.750000
599     -13820.636719
600     -13824.509766
601     -13828.346680
602     -13832.156250
603     -13835.936523
604     -13839.669922
605     -13843.360352
606     -13847.013672
607     -13850.652344
608     -13854.263672
609     -13857.830078
610     -13861.375000
611     -13864.909180
612     -13868.412109
613     -13871.869141
614     -13875.301758
615     -13878.689453
616     -13882.061523
617     -13885.414062
618     -13888.756836
619     -13892.087891
620     -13895.391602
621     -13898.656250
622     -13901.906250
623     -13905.125000
624     -13908.312500
625     -13911.462891
626     -13914.595703
627     -13917.683594
628     -13920.738281
629     -13923.767578
630     -13926.755859
631     -13929.667969
632     -13932.551758
633     -13935.416992
634     -13938.273438
635     -13941.123047
636     -13943.962891
637     -13946.784180
638     -13949.589844
639     -13952.389648
640     -13955.180664
641     -13957.940430
642     -13960.669922
643     -13963.380859
644     -13966.076172
645     -13968.762695
646     -13971.413086
647     -13974.047852
648     -13976.671875
649     -13979.285156
650     -13981.873047
651     -13984.453125
652     -13987.012695
653     -13989.559570
654     -13992.083984
655     -13994.585938
656     -13997.080078
657     -13999.562500
658     -14002.013672
659     -14004.453125
660     -14006.873047
661     -14009.281250
662     -14011.683594
663     -14014.048828
664     -14016.394531
665     -14018.726562
666     -14021.027344
667     -14023.277344
668     -14025.503906
669     -14027.714844
670     -14029.900391
671     -14032.073242
672     -14034.234375
673     -14036.379883
674     -14038.511719
675     -14040.640625
676     -14042.763672
677     -14044.879883
678     -14046.988281
679     -14049.089844
680     -14051.185547
681     -14053.257812
682     -14055.292969
683     -14057.322266
684     -14059.345703
685     -14061.359375
686     -14063.369141
687     -14065.371094
688     -14067.349609
689     -14069.286133
690     -14071.208008
691     -14073.112305
692     -14075.004883
693     -14076.871094
694     -14078.727539
695     -14080.576172
696     -14082.419922
697     -14084.251953
698     -14086.082031
699     -14087.900391
700     -14089.693359
701     -14091.481445
702     -14093.244141
703     -14094.997070
704     -14096.747070
705     -14098.494141
706     -14100.228516
707     -14101.951172
708     -14103.664062
709     -14105.363281
710     -14107.042969
711     -14108.707031
712     -14110.368164
713     -14112.006836
714     -14113.639648
715     -14115.269531
716     -14116.880859
717     -14118.476562
718     -14120.052734
719     -14121.623047
720     -14123.188477
721     -14124.717773
722     -14126.230469
723     -14127.733398
724     -14129.234375
725     -14130.721680
726     -14132.203125
727     -14133.682617
728     -14135.156250
729     -14136.619141
730     -14138.078125
731     -14139.533203
732     -14140.986328
733     -14142.434570
734     -14143.869141
735     -14145.283203
736     -14146.698242
737     -14148.110352
738     -14149.516602
739     -14150.908203
740     -14152.294922
741     -14153.681641
742     -14155.056641
743     -14156.426758
744     -14157.789062
745     -14159.149414
746     -14160.494141
747     -14161.830078
748     -14163.156250
749     -14164.474609
750     -14165.790039
751     -14167.091797
752     -14168.391602
753     -14169.691406
754     -14170.983398
755     -14172.265625
756     -14173.545898
757     -14174.824219
758     -14176.101562
759     -14177.377930
760     -14178.650391
761     -14179.919922
762     -14181.181641
763     -14182.423828
764     -14183.651367
765     -14184.870117
766     -14186.083984
767     -14187.289062
768     -14188.491211
769     -14189.692383
770     -14190.880859
771     -14192.064453
772     -14193.248047
773     -14194.423828
774     -14195.597656
775     -14196.761719
776     -14197.919922
777     -14199.077148
778     -14200.232422
779     -14201.386719
780     -14202.539062
781     -14203.691406
782     -14204.835938
783     -14205.967773
784     -14207.097656
785     -14208.226562
786     -14209.354492
787     -14210.478516
788     -14211.598633
789     -14212.716797
790     -14213.830078
791     -14214.936523
792     -14216.023438
793     -14217.108398
794     -14218.187500
795     -14219.265625
796     -14220.335938
797     -14221.405273
798     -14222.473633
799     -14223.538086
800     -14224.600586
801     -14225.657227
802     -14226.708008
803     -14227.753906
804     -14228.799805
805     -14229.843750
806     -14230.884766
807     -14231.921875
808     -14232.958984
809     -14233.992188
810     -14235.021484
811     -14236.045898
812     -14237.066406
813     -14238.083984
814     -14239.091797
815     -14240.095703
