Step            Loss
--------------------
1         108.117264
2          80.593781
3          53.072296
4          25.552475
5          -1.965195
6         -29.480804
7         -56.994690
8         -84.506638
9        -112.017120
10       -139.526657
11       -167.035492
12       -194.544342
13       -222.053848
14       -249.564789
15       -277.078003
16       -304.594238
17       -332.114624
18       -359.640015
19       -387.171509
20       -414.709961
21       -442.256531
22       -469.812317
23       -497.378296
24       -524.955627
25       -552.545288
26       -580.148315
27       -607.765869
28       -635.399048
29       -663.048828
30       -690.716431
31       -718.402954
32       -746.109253
33       -773.836792
34       -801.586548
35       -829.359497
36       -857.156860
37       -884.979736
38       -912.829224
39       -940.706360
40       -968.611938
41       -996.547546
42      -1024.513794
43      -1052.511841
44      -1080.542847
45      -1108.607544
46      -1136.707153
47      -1164.842529
48      -1193.014771
49      -1221.224854
50      -1249.473633
51      -1277.761963
52      -1306.091187
53      -1334.461792
54      -1362.875000
55      -1391.331543
56      -1419.832275
57      -1448.378174
58      -1476.969971
59      -1505.608643
60      -1534.294678
61      -1563.029419
62      -1591.812988
63      -1620.646729
64      -1649.531006
65      -1678.466553
66      -1707.454346
67      -1736.494629
68      -1765.588135
69      -1794.735840
70      -1823.937988
71      -1853.194946
72      -1882.507812
73      -1911.877075
74      -1941.302856
75      -1970.785767
76      -2000.326416
77      -2029.925293
78      -2059.582764
79      -2089.299316
80      -2119.075195
81      -2148.910645
82      -2178.806396
83      -2208.762695
84      -2238.780029
85      -2268.858154
86      -2298.997803
87      -2329.199219
88      -2359.462891
89      -2389.788818
90      -2420.176758
91      -2450.627930
92      -2481.141602
93      -2511.718262
94      -2542.358398
95      -2573.061768
96      -2603.829102
97      -2634.659668
98      -2665.554199
99      -2696.512451
100     -2727.534424
101     -2758.620117
102     -2789.770020
103     -2820.983887
104     -2852.261719
105     -2883.603516
106     -2915.009277
107     -2946.478516
108     -2978.011719
109     -3009.608887
110     -3041.269287
111     -3072.993164
112     -3104.780273
113     -3136.630615
114     -3168.543701
115     -3200.519531
116     -3232.557861
117     -3264.658691
118     -3296.821289
119     -3329.045410
120     -3361.331543
121     -3393.678223
122     -3426.085938
123     -3458.553467
124     -3491.081787
125     -3523.669678
126     -3556.316406
127     -3589.022217
128     -3621.786621
129     -3654.608398
130     -3687.488281
131     -3720.424561
132     -3753.417969
133     -3786.466309
134     -3819.570557
135     -3852.729248
136     -3885.942627
137     -3919.208984
138     -3952.528564
139     -3985.900391
140     -4019.323730
141     -4052.798340
142     -4086.322754
143     -4119.897461
144     -4153.520508
145     -4187.191895
146     -4220.910645
147     -4254.676270
148     -4288.487305
149     -4322.343262
150     -4356.244141
151     -4390.187500
152     -4424.174316
153     -4458.202148
154     -4492.271484
155     -4526.379883
156     -4560.528320
157     -4594.714844
158     -4628.938477
159     -4663.198242
160     -4697.494141
161     -4731.824219
162     -4766.187500
163     -4800.583984
164     -4835.011719
165     -4869.458984
166     -4903.931641
167     -4938.433594
168     -4972.962402
169     -5007.518555
170     -5042.099609
171     -5076.705566
172     -5111.334473
173     -5145.986328
174     -5180.659180
175     -5215.352539
176     -5250.064941
177     -5284.795410
178     -5319.543457
179     -5354.306641
180     -5389.078125
181     -5423.847656
182     -5458.630859
183     -5493.425781
184     -5528.230469
185     -5563.044922
186     -5597.868164
187     -5632.698242
188     -5667.534668
189     -5702.374512
190     -5737.203613
191     -5772.036133
192     -5806.869141
193     -5841.703125
194     -5876.537109
195     -5911.369141
196     -5946.198730
197     -5981.013672
198     -6015.823242
199     -6050.626953
200     -6085.423828
201     -6120.211914
202     -6154.991211
203     -6189.760254
204     -6224.510742
205     -6259.238281
206     -6293.930176
207     -6328.607422
208     -6363.269531
209     -6397.913086
210     -6432.525391
211     -6467.100586
212     -6501.656250
213     -6536.189453
214     -6570.701172
215     -6605.189453
216     -6639.653809
217     -6674.092773
218     -6708.504883
219     -6742.870117
220     -6777.197266
221     -6811.494141
222     -6845.761230
223     -6879.997070
224     -6914.200195
225     -6948.369141
226     -6982.504395
227     -7016.604492
228     -7050.667969
229     -7084.693359
230     -7118.680664
231     -7152.628906
232     -7186.537598
233     -7220.404297
234     -7254.229492
235     -7288.011719
236     -7321.749512
237     -7355.443359
238     -7389.091309
239     -7422.692383
240     -7456.247559
241     -7489.752930
242     -7523.209961
243     -7556.617676
244     -7589.973633
245     -7623.270508
246     -7656.508789
247     -7689.694336
248     -7722.826172
249     -7755.902344
250     -7788.920898
251     -7821.871094
252     -7854.765625
253     -7887.588379
254     -7920.339844
255     -7953.014648
256     -7985.615723
257     -8018.136719
258     -8050.585449
259     -8082.965332
260     -8115.266113
261     -8147.503418
262     -8179.662109
263     -8211.742188
264     -8243.750977
265     -8275.685547
266     -8307.553711
267     -8339.354492
268     -8371.074219
269     -8402.724609
270     -8434.307617
271     -8465.820312
272     -8497.263672
273     -8528.636719
274     -8559.937500
275     -8591.167969
276     -8622.325195
277     -8653.410156
278     -8684.421875
279     -8715.360352
280     -8746.224609
281     -8777.014648
282     -8807.730469
283     -8838.320312
284     -8868.832031
285     -8899.261719
286     -8929.588867
287     -8959.837891
288     -8990.010742
289     -9020.105469
290     -9050.121094
291     -9080.058594
292     -9109.917969
293     -9139.687500
294     -9169.360352
295     -9198.933594
296     -9228.396484
297     -9257.773438
298     -9287.070312
299     -9316.287109
300     -9345.421875
301     -9374.476562
302     -9403.447266
303     -9432.336914
304     -9461.140625
305     -9489.830078
306     -9518.430664
307     -9546.940430
308     -9575.341797
309     -9603.623047
310     -9631.812500
311     -9659.908203
312     -9687.916016
313     -9715.837891
314     -9743.664062
315     -9771.392578
316     -9799.007812
317     -9826.518555
318     -9853.939453
319     -9881.265625
320     -9908.507812
321     -9935.654297
322     -9962.695312
323     -9989.621094
324     -10016.447266
325     -10043.185547
326     -10069.836914
327     -10096.403320
328     -10122.871094
329     -10149.239258
330     -10175.505859
331     -10201.671875
332     -10227.746094
333     -10253.713867
334     -10279.574219
335     -10305.322266
336     -10330.970703
337     -10356.461914
338     -10381.840820
339     -10407.123047
340     -10432.306641
341     -10457.405273
342     -10482.412109
343     -10507.324219
344     -10532.134766
345     -10556.859375
346     -10581.497070
347     -10606.044922
348     -10630.478516
349     -10654.779297
350     -10678.967773
351     -10703.065430
352     -10727.050781
353     -10750.947266
354     -10774.744141
355     -10798.443359
356     -10822.057617
357     -10845.557617
358     -10868.945312
359     -10892.223633
360     -10915.373047
361     -10938.388672
362     -10961.281250
363     -10984.083008
364     -11006.802734
365     -11029.439453
366     -11051.980469
367     -11074.427734
368     -11096.763672
369     -11118.998047
370     -11141.148438
371     -11163.199219
372     -11185.148438
373     -11206.947266
374     -11228.641602
375     -11250.233398
376     -11271.691406
377     -11293.035156
378     -11314.277344
379     -11335.377930
380     -11356.375977
381     -11377.237305
382     -11397.996094
383     -11418.639648
384     -11439.188477
385     -11459.660156
386     -11480.054688
387     -11500.341797
388     -11520.508789
389     -11540.572266
390     -11560.482422
391     -11580.309570
392     -11600.062500
393     -11619.734375
394     -11639.296875
395     -11658.724609
396     -11678.061523
397     -11697.301758
398     -11716.447266
399     -11735.494141
400     -11754.391602
401     -11773.164062
402     -11791.839844
403     -11810.431641
404     -11828.882812
405     -11847.232422
406     -11865.500977
407     -11883.675781
408     -11901.742188
409     -11919.715820
410     -11937.571289
411     -11955.322266
412     -11972.987305
413     -11990.552734
414     -12008.022461
415     -12025.359375
416     -12042.618164
417     -12059.797852
418     -12076.802734
419     -12093.699219
420     -12110.505859
421     -12127.205078
422     -12143.767578
423     -12160.217773
424     -12176.558594
425     -12192.837891
426     -12209.042969
427     -12225.102539
428     -12241.047852
429     -12256.884766
430     -12272.637695
431     -12288.326172
432     -12303.925781
433     -12319.436523
434     -12334.880859
435     -12350.265625
436     -12365.556641
437     -12380.722656
438     -12395.794922
439     -12410.759766
440     -12425.547852
441     -12440.211914
442     -12454.778320
443     -12469.238281
444     -12483.590820
445     -12497.859375
446     -12512.056641
447     -12526.175781
448     -12540.212891
449     -12554.164062
450     -12568.055664
451     -12581.884766
452     -12595.646484
453     -12609.306641
454     -12622.887695
455     -12636.416016
456     -12649.854492
457     -12663.208984
458     -12676.462891
459     -12689.652344
460     -12702.757812
461     -12715.777344
462     -12728.713867
463     -12741.533203
464     -12754.271484
465     -12766.901367
466     -12779.415039
467     -12791.844727
468     -12804.200195
469     -12816.441406
470     -12828.625977
471     -12840.761719
472     -12852.820312
473     -12864.754883
474     -12876.610352
475     -12888.386719
476     -12900.056641
477     -12911.651367
478     -12923.199219
479     -12934.694336
480     -12946.091797
481     -12957.369141
482     -12968.566406
483     -12979.703125
484     -12990.715820
485     -13001.626953
486     -13012.488281
487     -13023.291992
488     -13033.960938
489     -13044.568359
490     -13055.115234
491     -13065.577148
492     -13075.957031
493     -13086.287109
494     -13096.554688
495     -13106.698242
496     -13116.722656
497     -13126.638672
498     -13136.512695
499     -13146.314453
500     -13156.038086
501     -13165.707031
502     -13175.306641
503     -13184.852539
504     -13194.355469
505     -13203.804688
506     -13213.199219
507     -13222.529297
508     -13231.772461
509     -13240.951172
510     -13250.046875
511     -13259.105469
512     -13268.130859
513     -13277.115234
514     -13286.031250
515     -13294.902344
516     -13303.732422
517     -13312.500000
518     -13321.191406
519     -13329.816406
520     -13338.332031
521     -13346.800781
522     -13355.154297
523     -13363.430664
524     -13371.664062
525     -13379.833984
526     -13387.939453
527     -13395.997070
528     -13404.000000
529     -13411.942383
530     -13419.816406
531     -13427.650391
532     -13435.417969
533     -13443.142578
534     -13450.828125
535     -13458.456055
536     -13465.984375
537     -13473.460938
538     -13480.886719
539     -13488.265625
540     -13495.568359
541     -13502.822266
542     -13510.007812
543     -13517.126953
544     -13524.205078
545     -13531.214844
546     -13538.154297
547     -13545.034180
548     -13551.822266
549     -13558.513672
550     -13565.116211
551     -13571.691406
552     -13578.228516
553     -13584.732422
554     -13591.189453
555     -13597.570312
556     -13603.844727
557     -13610.058594
558     -13616.234375
559     -13622.353516
560     -13628.435547
561     -13634.458984
562     -13640.427734
563     -13646.354492
564     -13652.221680
565     -13658.037109
566     -13663.802734
567     -13669.529297
568     -13675.171875
569     -13680.757812
570     -13686.289062
571     -13691.750000
572     -13697.173828
573     -13702.546875
574     -13707.847656
575     -13713.093750
576     -13718.295898
577     -13723.435547
578     -13728.485352
579     -13733.480469
580     -13738.388672
581     -13743.224609
582     -13747.974609
583     -13752.693359
584     -13757.393555
585     -13762.056641
586     -13766.693359
587     -13771.316406
588     -13775.912109
589     -13780.472656
590     -13784.964844
591     -13789.427734
592     -13793.858398
593     -13798.254883
594     -13802.631836
595     -13806.988281
596     -13811.320312
597     -13815.603516
598     -13819.833008
599     -13824.007812
600     -13828.136719
601     -13832.203125
602     -13836.226562
603     -13840.193359
604     -13844.128906
605     -13848.041992
606     -13851.922852
607     -13855.778320
608     -13859.583984
609     -13863.312500
610     -13866.929688
611     -13870.507812
612     -13874.064453
613     -13877.605469
614     -13881.112305
615     -13884.570312
616     -13887.979492
617     -13891.367188
618     -13894.735352
619     -13898.082031
620     -13901.380859
621     -13904.660156
622     -13907.927734
623     -13911.169922
624     -13914.397461
625     -13917.606445
626     -13920.751953
627     -13923.819336
628     -13926.859375
629     -13929.878906
630     -13932.884766
631     -13935.874023
632     -13938.822266
633     -13941.759766
634     -13944.654297
635     -13947.519531
636     -13950.369141
637     -13953.156250
638     -13955.914062
639     -13958.663086
640     -13961.391602
641     -13964.095703
642     -13966.785156
643     -13969.464844
644     -13972.099609
645     -13974.677734
646     -13977.246094
647     -13979.802734
648     -13982.342773
649     -13984.863281
650     -13987.361328
651     -13989.833984
652     -13992.279297
653     -13994.707031
654     -13997.106445
655     -13999.456055
656     -14001.771484
657     -14004.064453
658     -14006.340820
659     -14008.600586
660     -14010.841797
661     -14013.068359
662     -14015.270508
663     -14017.438477
664     -14019.592773
665     -14021.718750
666     -14023.835938
667     -14025.947266
668     -14028.017578
669     -14030.046875
670     -14032.045898
671     -14034.019531
672     -14035.978516
673     -14037.910156
674     -14039.812500
675     -14041.707031
676     -14043.585938
677     -14045.423828
678     -14047.248047
679     -14049.065430
680     -14050.873047
681     -14052.669922
682     -14054.458984
683     -14056.234375
684     -14057.995117
685     -14059.744141
686     -14061.482422
687     -14063.190430
688     -14064.888672
689     -14066.574219
690     -14068.249023
691     -14069.914062
692     -14071.561523
693     -14073.188477
694     -14074.810547
695     -14076.429688
696     -14078.041016
697     -14079.626953
698     -14081.204102
699     -14082.767578
700     -14084.320312
701     -14085.861328
702     -14087.389648
703     -14088.914062
704     -14090.433594
705     -14091.942383
706     -14093.433594
707     -14094.898438
708     -14096.347656
709     -14097.781250
710     -14099.203125
711     -14100.614258
712     -14102.009766
713     -14103.397461
714     -14104.781250
715     -14106.158203
716     -14107.531250
717     -14108.888672
718     -14110.236328
719     -14111.576172
720     -14112.908203
721     -14114.239258
722     -14115.559570
723     -14116.872070
724     -14118.181641
725     -14119.486328
726     -14120.767578
727     -14122.014648
728     -14123.246094
729     -14124.472656
730     -14125.693359
731     -14126.908203
732     -14128.116211
733     -14129.322266
734     -14130.521484
735     -14131.712891
736     -14132.898438
737     -14134.077148
738     -14135.248047
739     -14136.416016
740     -14137.581055
741     -14138.743164
742     -14139.903320
743     -14141.052734
744     -14142.187500
745     -14143.316406
746     -14144.438477
747     -14145.549805
748     -14146.656250
749     -14147.761719
750     -14148.863281
751     -14149.960938
752     -14151.046875
753     -14152.122070
754     -14153.193359
755     -14154.258789
756     -14155.322266
757     -14156.382812
758     -14157.435547
759     -14158.476562
760     -14159.515625
761     -14160.548828
762     -14161.574219
763     -14162.597656
764     -14163.619141
765     -14164.638672
766     -14165.652344
767     -14166.663086
768     -14167.658203
769     -14168.638672
770     -14169.613281
771     -14170.583984
772     -14171.551758
773     -14172.513672
774     -14173.462891
775     -14174.399414
776     -14175.329102
777     -14176.255859
778     -14177.179688
779     -14178.093750
780     -14179.003906
781     -14179.906250
782     -14180.806641
783     -14181.707031
784     -14182.601562
785     -14183.492188
786     -14184.380859
787     -14185.265625
788     -14186.144531
789     -14187.017578
790     -14187.879883
791     -14188.736328
792     -14189.587891
793     -14190.431641
