Step            Loss
--------------------
1         214.574173
2         187.573151
3         160.573975
4         133.576447
5         106.580658
6          79.586281
7          52.593216
8          25.601173
9          -1.389854
10        -28.380257
11        -55.370499
12        -82.361053
13       -109.352402
14       -136.345505
15       -163.341049
16       -190.339783
17       -217.342834
18       -244.351318
19       -271.365997
20       -298.387787
21       -325.417999
22       -352.457397
23       -379.507263
24       -406.568542
25       -433.642273
26       -460.729736
27       -487.831940
28       -514.949951
29       -542.084961
30       -569.238159
31       -596.410889
32       -623.604248
33       -650.819336
34       -678.057739
35       -705.320312
36       -732.608459
37       -759.923706
38       -787.266602
39       -814.638916
40       -842.041809
41       -869.476318
42       -896.943787
43       -924.445251
44       -951.981812
45       -979.554932
46      -1007.165405
47      -1034.814209
48      -1062.502686
49      -1090.231812
50      -1118.002686
51      -1145.816162
52      -1173.673340
53      -1201.574951
54      -1229.522339
55      -1257.516113
56      -1285.556885
57      -1313.646240
58      -1341.784302
59      -1369.972412
60      -1398.210938
61      -1426.500854
62      -1454.842896
63      -1483.237793
64      -1511.686035
65      -1540.188477
66      -1568.746094
67      -1597.358643
68      -1626.027588
69      -1654.753052
70      -1683.535767
71      -1712.376465
72      -1741.275391
73      -1770.232910
74      -1799.249756
75      -1828.326660
76      -1857.463623
77      -1886.661499
78      -1915.919922
79      -1945.240356
80      -1974.622437
81      -2004.066895
82      -2033.573730
83      -2063.143555
84      -2092.776611
85      -2122.473145
86      -2152.233398
87      -2182.057617
88      -2211.946289
89      -2241.898926
90      -2271.916504
91      -2301.998779
92      -2332.145996
93      -2362.358398
94      -2392.635742
95      -2422.978516
96      -2453.386719
97      -2483.860107
98      -2514.398926
99      -2545.003418
100     -2575.673584
101     -2606.409180
102     -2637.209961
103     -2668.076416
104     -2699.007812
105     -2730.004883
106     -2761.066650
107     -2792.193848
108     -2823.385742
109     -2854.642334
110     -2885.963379
111     -2917.349121
112     -2948.798828
113     -2980.312500
114     -3011.889893
115     -3043.530762
116     -3075.234863
117     -3107.001709
118     -3138.831299
119     -3170.723145
120     -3202.676758
121     -3234.692139
122     -3266.768799
123     -3298.906250
124     -3331.103760
125     -3363.361816
126     -3395.679199
127     -3428.055664
128     -3460.490967
129     -3492.984375
130     -3525.535889
131     -3558.144531
132     -3590.809326
133     -3623.531006
134     -3656.308350
135     -3689.140625
136     -3722.027344
137     -3754.967773
138     -3787.961914
139     -3821.008789
140     -3854.107422
141     -3887.257812
142     -3920.459473
143     -3953.710449
144     -3987.011230
145     -4020.361084
146     -4053.758545
147     -4087.203857
148     -4120.695312
149     -4154.233398
150     -4187.816406
151     -4221.443359
152     -4255.114746
153     -4288.828125
154     -4322.583984
155     -4356.381836
156     -4390.218750
157     -4424.095703
158     -4458.012207
159     -4491.965820
160     -4525.957031
161     -4559.984375
162     -4594.046875
163     -4628.143555
164     -4662.274414
165     -4696.437500
166     -4730.631836
167     -4764.857910
168     -4799.113281
169     -4833.397461
170     -4867.709961
171     -4902.048828
172     -4936.414551
173     -4970.805176
174     -5005.219238
175     -5039.656738
176     -5074.115723
177     -5108.591797
178     -5143.087891
179     -5177.587891
180     -5212.095703
181     -5246.620117
182     -5281.147461
183     -5315.684570
184     -5350.234863
185     -5384.797852
186     -5419.373047
187     -5453.958008
188     -5488.553223
189     -5523.156250
190     -5557.767578
191     -5592.384766
192     -5627.007324
193     -5661.633789
194     -5696.256836
195     -5730.882324
196     -5765.489258
197     -5800.083008
198     -5834.673340
199     -5869.261719
200     -5903.844727
201     -5938.422363
202     -5972.994141
203     -6007.560059
204     -6042.118164
205     -6076.668945
206     -6111.208984
207     -6145.738281
208     -6180.256836
209     -6214.761719
210     -6249.253418
211     -6283.730469
212     -6318.191406
213     -6352.631836
214     -6387.049805
215     -6421.448730
216     -6455.827637
217     -6490.185547
218     -6524.522461
219     -6558.835938
220     -6593.125977
221     -6627.391113
222     -6661.629883
223     -6695.842285
224     -6730.026855
225     -6764.183105
226     -6798.309570
227     -6832.405273
228     -6866.469727
229     -6900.490234
230     -6934.473633
231     -6968.421875
232     -7002.331055
233     -7036.194336
234     -7070.020020
235     -7103.807617
236     -7137.557129
237     -7171.266602
238     -7204.935547
239     -7238.563477
240     -7272.148438
241     -7305.690918
242     -7339.189453
243     -7372.643066
244     -7406.051758
245     -7439.414062
246     -7472.728516
247     -7505.995117
248     -7539.213867
249     -7572.383301
250     -7605.501953
251     -7638.570312
252     -7671.563477
253     -7704.504883
254     -7737.392090
255     -7770.208984
256     -7802.959961
257     -7835.656250
258     -7868.296875
259     -7900.881836
260     -7933.409180
261     -7965.878906
262     -7998.290527
263     -8030.643555
264     -8062.936523
265     -8095.170410
266     -8127.338867
267     -8159.440430
268     -8191.480469
269     -8223.455078
270     -8255.358398
271     -8287.193359
272     -8318.964844
273     -8350.662109
274     -8382.289062
275     -8413.839844
276     -8445.316406
277     -8476.726562
278     -8508.068359
279     -8539.344727
280     -8570.546875
281     -8601.664062
282     -8632.712891
283     -8663.692383
284     -8694.603516
285     -8725.443359
286     -8756.213867
287     -8786.914062
288     -8817.542969
289     -8848.099609
290     -8878.578125
291     -8908.965820
292     -8939.279297
293     -8969.509766
294     -8999.666992
295     -9029.733398
296     -9059.727539
297     -9089.646484
298     -9119.488281
299     -9149.256836
300     -9178.949219
301     -9208.562500
302     -9238.078125
303     -9267.494141
304     -9296.818359
305     -9326.044922
306     -9355.162109
307     -9384.177734
308     -9413.117188
309     -9441.970703
310     -9470.740234
311     -9499.431641
312     -9528.019531
313     -9556.510742
314     -9584.914062
315     -9613.212891
316     -9641.431641
317     -9669.562500
318     -9697.609375
319     -9725.576172
320     -9753.453125
321     -9781.218750
322     -9808.893555
323     -9836.490234
324     -9864.003906
325     -9891.410156
326     -9918.724609
327     -9945.941406
328     -9973.037109
329     -10000.039062
330     -10026.955078
331     -10053.791016
332     -10080.529297
333     -10107.181641
334     -10133.746094
335     -10160.218750
336     -10186.578125
337     -10212.827148
338     -10238.997070
339     -10265.083008
340     -10291.075195
341     -10316.968750
342     -10342.772461
343     -10368.447266
344     -10394.029297
345     -10419.531250
346     -10444.927734
347     -10470.212891
348     -10495.354492
349     -10520.376953
350     -10545.310547
351     -10570.123047
352     -10594.771484
353     -10619.328125
354     -10643.789062
355     -10668.148438
356     -10692.347656
357     -10716.410156
358     -10740.377930
359     -10764.261719
360     -10788.051758
361     -10811.738281
362     -10835.329102
363     -10858.783203
364     -10882.115234
365     -10905.349609
366     -10928.493164
367     -10951.540039
368     -10974.506836
369     -10997.376953
370     -11020.143555
371     -11042.804688
372     -11065.337891
373     -11087.749023
374     -11110.068359
375     -11132.277344
376     -11154.382812
377     -11176.369141
378     -11198.255859
379     -11220.032227
380     -11241.712891
381     -11263.318359
382     -11284.830078
383     -11306.261719
384     -11327.615234
385     -11348.896484
386     -11370.093750
387     -11391.195312
388     -11412.193359
389     -11433.093750
390     -11453.875000
391     -11474.503906
392     -11495.000977
393     -11515.416016
394     -11535.757812
395     -11556.025391
396     -11576.191406
397     -11596.261719
398     -11616.241211
399     -11636.146484
400     -11655.966797
401     -11675.708008
402     -11695.345703
403     -11714.883789
404     -11734.310547
405     -11753.652344
406     -11772.914062
407     -11792.076172
408     -11811.164062
409     -11830.143555
410     -11849.027344
411     -11867.820312
412     -11886.514648
413     -11905.111328
414     -11923.579102
415     -11941.955078
416     -11960.247070
417     -11978.422852
418     -11996.511719
419     -12014.517578
420     -12032.412109
421     -12050.218750
422     -12067.921875
423     -12085.538086
424     -12103.046875
425     -12120.455078
426     -12137.775391
427     -12154.983398
428     -12172.091797
429     -12189.071289
430     -12205.959961
431     -12222.729492
432     -12239.357422
433     -12255.841797
434     -12272.226562
435     -12288.520508
436     -12304.719727
437     -12320.841797
438     -12336.892578
439     -12352.875000
440     -12368.798828
441     -12384.651367
442     -12400.384766
443     -12415.999023
444     -12431.521484
445     -12446.976562
446     -12462.339844
447     -12477.617188
448     -12492.833008
449     -12507.987305
450     -12523.047852
451     -12538.018555
452     -12552.908203
453     -12567.693359
454     -12582.394531
455     -12596.976562
456     -12611.423828
457     -12625.792969
458     -12640.056641
459     -12654.251953
460     -12668.357422
461     -12682.387695
462     -12696.324219
463     -12710.178711
464     -12723.947266
465     -12737.572266
466     -12751.103516
467     -12764.568359
468     -12777.982422
469     -12791.344727
470     -12804.658203
471     -12817.892578
472     -12831.033203
473     -12844.119141
474     -12857.119141
475     -12870.011719
476     -12882.791016
477     -12895.473633
478     -12908.074219
479     -12920.611328
480     -12933.071289
481     -12945.433594
482     -12957.708984
483     -12969.882812
484     -12981.997070
485     -12994.044922
486     -13006.023438
487     -13017.933594
488     -13029.725586
489     -13041.427734
490     -13052.976562
491     -13064.427734
492     -13075.776367
493     -13087.009766
494     -13098.141602
495     -13109.193359
496     -13120.193359
497     -13131.108398
498     -13141.947266
499     -13152.728516
500     -13163.443359
501     -13174.074219
502     -13184.659180
503     -13195.100586
504     -13205.441406
505     -13215.724609
506     -13225.951172
507     -13236.121094
508     -13246.203125
509     -13256.211914
510     -13266.119141
511     -13275.941406
512     -13285.691406
513     -13295.375977
514     -13305.007812
515     -13314.573242
516     -13324.024414
517     -13333.408203
518     -13342.738281
519     -13352.019531
520     -13361.237305
521     -13370.376953
522     -13379.451172
523     -13388.451172
524     -13397.398438
525     -13406.278320
526     -13415.021484
527     -13423.693359
528     -13432.312500
529     -13440.861328
530     -13449.332031
531     -13457.756836
532     -13466.115234
533     -13474.376953
534     -13482.539062
535     -13490.650391
536     -13498.722656
537     -13506.733398
538     -13514.670898
539     -13522.517578
540     -13530.281250
541     -13537.972656
542     -13545.583984
543     -13553.099609
544     -13560.558594
545     -13567.969727
546     -13575.343750
547     -13582.689453
548     -13590.001953
549     -13597.246094
550     -13604.429688
551     -13611.546875
552     -13618.617188
553     -13625.626953
554     -13632.567383
555     -13639.468750
556     -13646.328125
557     -13653.136719
558     -13659.844727
559     -13666.480469
560     -13673.077148
561     -13679.577148
562     -13686.025391
563     -13692.439453
564     -13698.781250
565     -13705.072266
566     -13711.312500
567     -13717.527344
568     -13723.697266
569     -13729.834961
570     -13735.931641
571     -13741.971680
572     -13747.957031
573     -13753.875977
574     -13759.764648
575     -13765.605469
576     -13771.412109
577     -13777.164062
578     -13782.884766
579     -13788.544922
580     -13794.140625
581     -13799.664062
582     -13805.148438
583     -13810.585938
584     -13815.994141
585     -13821.345703
586     -13826.595703
587     -13831.808594
588     -13836.984375
589     -13842.126953
590     -13847.250000
591     -13852.349609
592     -13857.412109
593     -13862.437500
594     -13867.402344
595     -13872.338867
596     -13877.250000
597     -13882.128906
598     -13886.943359
599     -13891.723633
600     -13896.470703
601     -13901.166016
602     -13905.806641
603     -13910.416016
604     -13914.949219
605     -13919.441406
606     -13923.914062
607     -13928.361328
608     -13932.765625
609     -13937.135742
610     -13941.453125
611     -13945.730469
612     -13949.941406
613     -13954.095703
614     -13958.204102
615     -13962.270508
616     -13966.304688
617     -13970.322266
618     -13974.298828
619     -13978.238281
620     -13982.163086
621     -13986.041992
622     -13989.876953
623     -13993.655273
624     -13997.377930
625     -14001.045898
626     -14004.681641
627     -14008.272461
628     -14011.822266
629     -14015.328125
630     -14018.806641
631     -14022.255859
632     -14025.670898
633     -14029.043945
634     -14032.399414
635     -14035.740234
636     -14039.047852
637     -14042.330078
638     -14045.560547
639     -14048.755859
640     -14051.931641
641     -14055.093750
642     -14058.246094
643     -14061.359375
644     -14064.458008
645     -14067.533203
646     -14070.576172
647     -14073.574219
648     -14076.558594
649     -14079.515625
650     -14082.435547
651     -14085.314453
652     -14088.177734
653     -14091.017578
654     -14093.835938
655     -14096.630859
656     -14099.399414
657     -14102.128906
658     -14104.827148
659     -14107.513672
660     -14110.164062
661     -14112.777344
662     -14115.349609
663     -14117.900391
664     -14120.417969
665     -14122.902344
666     -14125.360352
667     -14127.810547
668     -14130.244141
669     -14132.654297
670     -14135.026367
671     -14137.359375
672     -14139.671875
673     -14141.965820
674     -14144.241211
675     -14146.486328
676     -14148.705078
677     -14150.895508
678     -14153.062500
679     -14155.183594
680     -14157.297852
681     -14159.402344
682     -14161.470703
683     -14163.529297
684     -14165.546875
685     -14167.537109
686     -14169.517578
687     -14171.481445
688     -14173.420898
689     -14175.328125
690     -14177.216797
691     -14179.076172
692     -14180.921875
693     -14182.761719
694     -14184.595703
695     -14186.425781
696     -14188.241211
697     -14190.046875
698     -14191.840820
699     -14193.620117
700     -14195.378906
701     -14197.132812
702     -14198.878906
703     -14200.618164
704     -14202.322266
705     -14203.980469
706     -14205.617188
707     -14207.242188
708     -14208.852539
709     -14210.457031
710     -14212.055664
711     -14213.626953
712     -14215.167969
713     -14216.697266
714     -14218.215820
715     -14219.728516
716     -14221.224609
717     -14222.699219
718     -14224.166016
719     -14225.624023
720     -14227.072266
721     -14228.504883
722     -14229.904297
723     -14231.291016
724     -14232.669922
725     -14234.041016
726     -14235.397461
727     -14236.737305
728     -14238.068359
729     -14239.388672
730     -14240.692383
731     -14241.988281
732     -14243.280273
733     -14244.550781
734     -14245.812500
735     -14247.056641
736     -14248.292969
737     -14249.525391
738     -14250.727539
739     -14251.923828
740     -14253.111328
741     -14254.285156
742     -14255.455078
743     -14256.623047
744     -14257.781250
745     -14258.928711
746     -14260.073242
747     -14261.210938
748     -14262.337891
749     -14263.462891
750     -14264.582031
751     -14265.700195
752     -14266.815430
753     -14267.923828
754     -14269.023438
755     -14270.114258
756     -14271.203125
757     -14272.285156
758     -14273.360352
759     -14274.431641
760     -14275.501953
761     -14276.568359
762     -14277.628906
763     -14278.681641
764     -14279.728516
765     -14280.772461
766     -14281.807617
767     -14282.838867
768     -14283.869141
769     -14284.892578
770     -14285.912109
771     -14286.925781
772     -14287.937500
773     -14288.948242
774     -14289.951172
775     -14290.951172
776     -14291.945312
777     -14292.919922
778     -14293.880859
779     -14294.826172
780     -14295.771484
781     -14296.714844
782     -14297.656250
783     -14298.594727
784     -14299.533203
785     -14300.459961
786     -14301.378906
787     -14302.281250
788     -14303.173828
789     -14304.061523
790     -14304.947266
791     -14305.832031
792     -14306.714844
793     -14307.591797
794     -14308.458984
795     -14309.324219
796     -14310.183594
797     -14311.041016
798     -14311.896484
799     -14312.750000
800     -14313.601562
801     -14314.451172
802     -14315.298828
803     -14316.143555
