Step            Loss
--------------------
1       14466.446289
2       11057.635742
3        7645.993164
4        4239.226074
5         825.925293
6       -2580.450195
7       -5989.109375
8       -9395.026367
9       -12805.811523
10      -16212.220703
11      -19620.931641
12      -23031.000000
13      -26441.050781
14      -29848.384766
15      -33260.363281
16      -36669.898438
17      -40079.054688
18      -43493.417969
19      -46905.835938
20      -50319.839844
21      -53736.074219
22      -57150.410156
23      -60570.089844
24      -63989.953125
25      -67411.515625
26      -70838.718750
27      -74265.507812
28      -77693.273438
29      -81120.750000
30      -84553.710938
31      -87987.250000
32      -91429.750000
33      -94869.625000
34      -98314.171875
35      -101760.117188
36      -105215.875000
37      -108669.414062
38      -112128.250000
39      -115589.304688
40      -119057.007812
41      -122527.570312
42      -126001.437500
43      -129478.750000
44      -132964.656250
45      -136452.281250
46      -139945.484375
47      -143443.187500
48      -146946.031250
49      -150454.015625
50      -153970.062500
51      -157485.171875
52      -161012.171875
53      -164538.875000
54      -168077.640625
55      -171617.812500
56      -175166.437500
57      -178718.781250
58      -182278.640625
59      -185842.343750
60      -189416.328125
61      -192991.437500
62      -196578.312500
63      -200166.562500
64      -203763.000000
65      -207368.296875
66      -210980.890625
67      -214600.062500
68      -218220.765625
69      -221853.656250
70      -225498.593750
71      -229143.968750
72      -232794.343750
73      -236461.921875
74      -240122.890625
75      -243800.218750
76      -247486.750000
77      -251170.312500
78      -254871.781250
79      -258581.187500
80      -262291.625000
81      -266014.562500
82      -269743.937500
83      -273477.593750
84      -277220.562500
85      -280979.906250
86      -284735.625000
87      -288502.250000
88      -292274.937500
89      -296062.187500
90      -299854.062500
91      -303651.281250
92      -307460.937500
93      -311274.781250
94      -315095.750000
95      -318927.250000
96      -322764.875000
97      -326611.468750
98      -330469.000000
99      -334330.375000
100     -338201.125000
101     -342080.781250
102     -345961.500000
103     -349859.093750
104     -353757.625000
105     -357672.406250
106     -361585.750000
107     -365509.312500
108     -369443.062500
109     -373380.687500
110     -377330.687500
111     -381288.156250
112     -385243.000000
113     -389219.031250
114     -393196.781250
115     -397181.031250
116     -401170.687500
117     -405175.312500
118     -409184.125000
119     -413194.468750
120     -417211.187500
121     -421248.281250
122     -425277.031250
123     -429326.937500
124     -433374.531250
125     -437428.125000
126     -441491.062500
127     -445562.250000
128     -449637.937500
129     -453718.687500
130     -457811.093750
131     -461904.312500
132     -466008.687500
133     -470116.687500
134     -474235.125000
135     -478353.562500
136     -482478.687500
137     -486611.375000
138     -490750.437500
139     -494890.531250
140     -499039.562500
141     -503197.375000
142     -507355.375000
143     -511521.781250
144     -515696.125000
145     -519865.812500
146     -524055.750000
147     -528235.437500
148     -532426.375000
149     -536623.125000
150     -540824.187500
151     -545032.875000
152     -549237.500000
153     -553451.375000
154     -557669.625000
155     -561887.125000
156     -566111.125000
157     -570343.000000
158     -574576.125000
159     -578814.250000
160     -583056.000000
161     -587296.437500
162     -591548.937500
163     -595801.000000
164     -600050.937500
165     -604309.750000
166     -608562.500000
167     -612828.437500
168     -617090.500000
169     -621357.500000
170     -625626.625000
171     -629893.125000
172     -634167.125000
173     -638443.750000
174     -642719.000000
175     -646995.062500
176     -651275.625000
177     -655558.875000
178     -659838.875000
179     -664123.687500
180     -668410.000000
181     -672694.000000
182     -676980.000000
183     -681267.000000
184     -685557.500000
185     -689845.000000
186     -694128.750000
187     -698423.187500
188     -702708.875000
189     -706999.875000
190     -711288.062500
191     -715571.062500
192     -719856.875000
193     -724141.750000
194     -728429.250000
195     -732712.875000
196     -736995.375000
197     -741274.500000
198     -745554.250000
199     -749836.750000
200     -754111.937500
201     -758387.125000
202     -762664.875000
203     -766935.187500
204     -771199.750000
205     -775469.375000
206     -779732.875000
207     -783991.625000
208     -788247.125000
209     -792514.750000
210     -796765.125000
211     -801012.375000
212     -805259.125000
213     -809507.125000
214     -813744.312500
215     -817979.125000
216     -822219.750000
217     -826448.750000
218     -830673.437500
219     -834895.812500
220     -839111.437500
221     -843321.875000
222     -847531.812500
223     -851738.750000
224     -855936.437500
225     -860128.750000
226     -864320.625000
227     -868506.250000
228     -872687.500000
229     -876859.875000
230     -881034.687500
231     -885195.500000
232     -889354.437500
233     -893509.625000
234     -897658.187500
235     -901799.562500
236     -905935.000000
237     -910064.250000
238     -914189.562500
239     -918310.500000
240     -922419.562500
241     -926526.812500
242     -930628.000000
243     -934717.562500
244     -938800.375000
245     -942878.937500
246     -946949.375000
247     -951012.375000
248     -955065.500000
249     -959117.125000
250     -963163.125000
251     -967192.875000
252     -971221.625000
253     -975240.062500
254     -979250.562500
255     -983254.375000
256     -987250.125000
257     -991236.125000
258     -995214.875000
259     -999182.250000
260     -1003148.875000
261     -1007106.562500
262     -1011045.125000
263     -1014981.750000
264     -1018908.875000
265     -1022836.000000
266     -1026746.500000
267     -1030648.812500
268     -1034537.687500
269     -1038426.250000
270     -1042301.125000
271     -1046170.187500
272     -1050021.250000
273     -1053867.500000
274     -1057707.500000
275     -1061532.125000
276     -1065357.750000
277     -1069169.000000
278     -1072970.750000
279     -1076760.000000
280     -1080539.375000
281     -1084304.000000
282     -1088067.750000
283     -1091818.250000
284     -1095557.000000
285     -1099294.000000
286     -1103009.000000
287     -1106721.000000
288     -1110423.375000
289     -1114107.875000
290     -1117782.250000
291     -1121451.125000
292     -1125112.250000
293     -1128753.500000
294     -1132388.875000
295     -1136013.875000
296     -1139628.500000
297     -1143229.250000
298     -1146829.375000
299     -1150408.875000
300     -1153971.500000
301     -1157530.750000
302     -1161083.750000
303     -1164620.375000
304     -1168145.375000
305     -1171654.750000
306     -1175165.000000
307     -1178650.375000
308     -1182127.750000
309     -1185595.000000
310     -1189046.750000
311     -1192490.500000
312     -1195922.625000
313     -1199353.000000
314     -1202758.250000
315     -1206149.500000
316     -1209541.250000
317     -1212911.500000
318     -1216272.000000
319     -1219622.250000
320     -1222967.000000
321     -1226294.750000
322     -1229607.750000
323     -1232915.000000
324     -1236204.250000
325     -1239480.625000
326     -1242753.250000
327     -1246002.000000
328     -1249245.000000
329     -1252476.625000
330     -1255692.375000
331     -1258898.375000
332     -1262087.750000
333     -1265268.625000
334     -1268437.750000
335     -1271590.500000
336     -1274732.875000
337     -1277871.375000
338     -1280988.500000
339     -1284092.500000
340     -1287190.500000
341     -1290273.000000
342     -1293335.375000
343     -1296392.500000
344     -1299430.250000
345     -1302464.500000
346     -1305483.500000
347     -1308487.750000
348     -1311476.000000
349     -1314460.750000
350     -1317427.750000
351     -1320379.750000
352     -1323324.250000
353     -1326250.875000
354     -1329168.250000
355     -1332076.250000
356     -1334969.875000
357     -1337850.500000
358     -1340711.000000
359     -1343563.750000
360     -1346405.875000
361     -1349232.750000
362     -1352046.750000
363     -1354851.500000
364     -1357632.000000
365     -1360414.000000
366     -1363174.000000
367     -1365923.750000
368     -1368661.750000
369     -1371386.750000
370     -1374092.625000
371     -1376791.625000
372     -1379476.625000
373     -1382153.250000
374     -1384811.125000
375     -1387457.250000
376     -1390093.875000
377     -1392722.000000
378     -1395334.125000
379     -1397927.250000
380     -1400514.500000
381     -1403089.500000
382     -1405646.750000
383     -1408197.000000
384     -1410728.625000
385     -1413255.500000
386     -1415759.875000
387     -1418254.250000
388     -1420740.000000
389     -1423208.500000
390     -1425665.500000
391     -1428115.000000
392     -1430545.000000
393     -1432965.250000
394     -1435371.250000
395     -1437765.500000
396     -1440151.875000
397     -1442521.625000
398     -1444877.750000
399     -1447221.625000
400     -1449557.250000
401     -1451873.625000
402     -1454182.000000
403     -1456475.000000
404     -1458762.500000
405     -1461027.750000
406     -1463282.250000
407     -1465526.750000
408     -1467758.625000
409     -1469973.625000
410     -1472184.000000
411     -1474379.750000
412     -1476557.375000
413     -1478724.250000
414     -1480885.000000
415     -1483028.000000
416     -1485153.750000
417     -1487277.750000
418     -1489387.625000
419     -1491479.250000
420     -1493558.750000
421     -1495628.000000
422     -1497686.625000
423     -1499733.250000
424     -1501763.375000
425     -1503776.250000
426     -1505788.125000
427     -1507776.000000
428     -1509765.500000
429     -1511734.125000
430     -1513697.000000
431     -1515640.250000
432     -1517580.250000
433     -1519508.000000
434     -1521421.375000
435     -1523324.000000
436     -1525217.000000
437     -1527097.750000
438     -1528956.250000
439     -1530818.625000
440     -1532665.625000
441     -1534492.750000
442     -1536313.125000
443     -1538117.500000
444     -1539912.000000
445     -1541701.000000
446     -1543475.500000
447     -1545232.875000
448     -1546984.000000
449     -1548720.250000
450     -1550445.875000
451     -1552163.000000
452     -1553860.125000
453     -1555552.625000
454     -1557237.750000
455     -1558906.750000
456     -1560560.500000
457     -1562213.750000
458     -1563849.875000
459     -1565472.125000
460     -1567084.375000
461     -1568688.750000
462     -1570273.750000
463     -1571851.625000
464     -1573426.000000
465     -1574984.000000
466     -1576535.375000
467     -1578068.625000
468     -1579593.500000
469     -1581112.750000
470     -1582617.750000
471     -1584109.250000
472     -1585592.625000
473     -1587061.500000
474     -1588521.000000
475     -1589976.125000
476     -1591417.750000
477     -1592845.250000
478     -1594265.500000
479     -1595678.500000
480     -1597071.000000
481     -1598456.750000
482     -1599836.750000
483     -1601207.000000
484     -1602557.250000
485     -1603907.375000
486     -1605250.000000
487     -1606581.250000
488     -1607893.750000
489     -1609208.250000
490     -1610507.250000
491     -1611801.500000
492     -1613073.125000
493     -1614343.875000
494     -1615599.375000
495     -1616855.500000
496     -1618097.250000
497     -1619328.750000
498     -1620548.750000
499     -1621766.250000
500     -1622974.750000
501     -1624168.125000
502     -1625353.375000
503     -1626533.125000
504     -1627698.750000
505     -1628858.000000
506     -1630012.125000
507     -1631148.125000
508     -1632281.250000
509     -1633403.500000
510     -1634525.125000
511     -1635621.750000
512     -1636726.500000
513     -1637816.500000
514     -1638893.000000
515     -1639967.125000
516     -1641026.125000
517     -1642077.500000
518     -1643126.875000
519     -1644156.375000
520     -1645187.000000
521     -1646207.000000
522     -1647220.875000
523     -1648222.250000
524     -1649220.000000
525     -1650205.250000
526     -1651182.375000
527     -1652156.750000
528     -1653112.750000
529     -1654064.000000
530     -1655012.000000
531     -1655945.000000
532     -1656873.125000
533     -1657792.875000
534     -1658702.875000
535     -1659602.000000
536     -1660500.500000
537     -1661383.625000
538     -1662264.000000
539     -1663138.750000
540     -1664001.750000
541     -1664857.500000
542     -1665703.625000
543     -1666550.375000
544     -1667384.500000
545     -1668215.375000
546     -1669038.125000
547     -1669851.625000
548     -1670656.125000
549     -1671463.000000
550     -1672256.375000
551     -1673043.250000
552     -1673826.875000
553     -1674595.500000
554     -1675364.375000
555     -1676122.000000
556     -1676873.500000
557     -1677620.000000
558     -1678360.375000
559     -1679095.000000
560     -1679815.500000
561     -1680539.250000
562     -1681249.000000
563     -1681958.000000
564     -1682654.250000
565     -1683344.500000
566     -1684035.500000
567     -1684716.625000
568     -1685389.500000
569     -1686057.750000
570     -1686722.000000
571     -1687376.000000
572     -1688026.250000
573     -1688674.750000
574     -1689313.250000
575     -1689946.750000
576     -1690578.500000
577     -1691199.000000
578     -1691819.375000
579     -1692432.500000
580     -1693038.875000
581     -1693642.375000
582     -1694239.500000
583     -1694834.625000
584     -1695420.625000
585     -1696001.250000
586     -1696581.500000
587     -1697149.875000
588     -1697718.500000
589     -1698281.250000
590     -1698836.750000
591     -1699393.875000
592     -1699938.500000
593     -1700483.000000
594     -1701020.000000
595     -1701557.375000
596     -1702086.625000
597     -1702614.000000
598     -1703130.250000
599     -1703650.250000
600     -1704160.500000
601     -1704670.125000
602     -1705175.000000
603     -1705671.750000
604     -1706165.750000
605     -1706657.125000
606     -1707143.000000
607     -1707622.750000
608     -1708101.500000
609     -1708572.875000
610     -1709042.625000
611     -1709503.625000
612     -1709966.000000
613     -1710421.250000
614     -1710874.750000
615     -1711322.250000
616     -1711762.375000
617     -1712201.375000
618     -1712635.250000
619     -1713071.500000
620     -1713496.875000
621     -1713923.750000
622     -1714344.250000
623     -1714762.125000
624     -1715172.250000
625     -1715580.000000
626     -1715987.125000
627     -1716384.500000
628     -1716784.500000
629     -1717176.750000
630     -1717567.500000
631     -1717950.125000
632     -1718336.375000
633     -1718716.375000
634     -1719092.000000
635     -1719464.500000
636     -1719833.875000
637     -1720200.250000
638     -1720567.625000
639     -1720925.125000
640     -1721285.250000
641     -1721638.000000
642     -1721989.250000
643     -1722336.500000
644     -1722682.375000
645     -1723019.625000
646     -1723359.750000
647     -1723695.250000
648     -1724027.625000
649     -1724358.000000
650     -1724686.000000
651     -1725009.875000
652     -1725329.750000
653     -1725650.500000
654     -1725963.500000
655     -1726278.500000
656     -1726589.750000
657     -1726896.500000
658     -1727202.250000
659     -1727509.250000
660     -1727809.750000
661     -1728109.375000
662     -1728408.125000
663     -1728702.000000
664     -1728993.750000
665     -1729284.125000
666     -1729568.750000
667     -1729855.250000
668     -1730136.500000
669     -1730416.500000
670     -1730694.125000
671     -1730969.625000
672     -1731242.000000
673     -1731513.750000
674     -1731782.250000
675     -1732047.750000
676     -1732314.250000
677     -1732575.625000
678     -1732836.750000
679     -1733094.250000
680     -1733349.000000
681     -1733603.000000
682     -1733853.875000
683     -1734104.500000
684     -1734352.125000
685     -1734597.000000
686     -1734843.500000
687     -1735083.500000
688     -1735323.750000
689     -1735561.250000
690     -1735798.125000
691     -1736031.500000
692     -1736262.750000
693     -1736493.750000
694     -1736722.500000
695     -1736949.500000
696     -1737176.750000
697     -1737399.000000
698     -1737621.625000
699     -1737842.000000
700     -1738062.250000
701     -1738278.500000
702     -1738493.750000
703     -1738706.250000
704     -1738919.500000
705     -1739129.000000
706     -1739338.250000
707     -1739545.500000
708     -1739751.250000
709     -1739957.500000
710     -1740160.875000
711     -1740362.750000
712     -1740563.875000
713     -1740763.500000
714     -1740962.250000
715     -1741158.500000
716     -1741355.750000
717     -1741550.250000
718     -1741743.500000
719     -1741935.125000
720     -1742123.500000
721     -1742314.500000
722     -1742500.625000
723     -1742688.750000
724     -1742873.000000
725     -1743057.750000
726     -1743239.750000
727     -1743421.375000
728     -1743602.750000
729     -1743779.875000
730     -1743958.625000
731     -1744135.750000
732     -1744312.250000
733     -1744484.125000
734     -1744659.000000
735     -1744828.750000
736     -1744999.125000
737     -1745168.000000
738     -1745337.500000
739     -1745502.500000
740     -1745667.625000
741     -1745833.000000
742     -1745994.000000
743     -1746156.625000
744     -1746316.000000
745     -1746475.250000
746     -1746635.625000
747     -1746790.375000
748     -1746947.500000
749     -1747101.750000
750     -1747256.500000
751     -1747408.500000
752     -1747561.000000
753     -1747710.000000
754     -1747861.250000
755     -1748008.250000
756     -1748157.250000
757     -1748303.375000
758     -1748448.500000
759     -1748594.625000
760     -1748737.750000
761     -1748880.875000
762     -1749023.375000
763     -1749165.375000
764     -1749305.250000
765     -1749443.125000
766     -1749583.000000
767     -1749720.500000
768     -1749858.250000
769     -1749993.625000
770     -1750127.500000
771     -1750262.500000
772     -1750395.750000
773     -1750527.125000
774     -1750658.500000
775     -1750789.500000
776     -1750919.375000
777     -1751048.250000
778     -1751176.875000
779     -1751304.250000
780     -1751430.750000
781     -1751557.125000
782     -1751681.750000
783     -1751806.250000
784     -1751931.000000
785     -1752052.125000
786     -1752174.875000
787     -1752298.250000
788     -1752416.500000
789     -1752536.750000
790     -1752656.250000
791     -1752774.625000
792     -1752893.250000
793     -1753009.250000
794     -1753125.250000
795     -1753241.500000
796     -1753355.875000
797     -1753470.250000
798     -1753583.375000
799     -1753696.125000
800     -1753808.750000
801     -1753919.250000
802     -1754031.000000
803     -1754141.000000
804     -1754250.000000
805     -1754359.500000
806     -1754467.750000
807     -1754577.000000
808     -1754682.250000
809     -1754789.125000
810     -1754895.250000
811     -1755000.375000
812     -1755105.750000
813     -1755210.000000
814     -1755314.375000
815     -1755417.000000
816     -1755520.125000
817     -1755622.750000
818     -1755723.250000
819     -1755823.375000
820     -1755925.000000
821     -1756024.500000
822     -1756124.250000
823     -1756223.125000
824     -1756320.250000
825     -1756418.875000
826     -1756516.250000
827     -1756611.875000
828     -1756708.375000
829     -1756803.500000
830     -1756899.000000
831     -1756993.250000
832     -1757087.250000
833     -1757180.500000
834     -1757274.000000
835     -1757365.250000
836     -1757456.625000
837     -1757547.250000
838     -1757637.750000
839     -1757728.000000
840     -1757818.500000
841     -1757909.000000
842     -1757996.750000
843     -1758086.250000
844     -1758173.625000
845     -1758262.000000
846     -1758350.000000
847     -1758436.500000
848     -1758523.000000
849     -1758610.375000
850     -1758695.375000
851     -1758781.125000
852     -1758864.875000
853     -1758949.000000
854     -1759034.250000
855     -1759117.250000
856     -1759198.500000
857     -1759281.250000
858     -1759364.750000
859     -1759445.750000
860     -1759527.250000
861     -1759608.500000
862     -1759689.750000
863     -1759769.875000
864     -1759849.250000
865     -1759930.000000
866     -1760007.875000
867     -1760087.250000
868     -1760166.250000
869     -1760244.125000
870     -1760321.625000
871     -1760400.000000
872     -1760476.250000
873     -1760554.500000
874     -1760631.000000
875     -1760705.875000
876     -1760781.250000
877     -1760856.375000
878     -1760932.125000
879     -1761006.625000
880     -1761081.500000
881     -1761155.000000
882     -1761228.250000
883     -1761303.250000
884     -1761375.750000
885     -1761449.250000
886     -1761521.250000
887     -1761593.750000
888     -1761666.000000
889     -1761737.750000
890     -1761810.375000
891     -1761879.375000
892     -1761951.250000
893     -1762021.500000
894     -1762092.000000
895     -1762162.125000
896     -1762231.250000
897     -1762300.000000
898     -1762369.500000
899     -1762437.625000
900     -1762506.500000
901     -1762574.250000
902     -1762643.125000
903     -1762708.750000
904     -1762776.625000
905     -1762842.625000
906     -1762909.750000
907     -1762976.750000
908     -1763042.250000
909     -1763108.000000
910     -1763173.250000
911     -1763238.500000
912     -1763303.500000
913     -1763368.000000
914     -1763431.750000
915     -1763496.000000
916     -1763560.500000
917     -1763623.375000
918     -1763686.500000
919     -1763749.875000
920     -1763813.000000
921     -1763875.000000
922     -1763936.750000
923     -1763998.500000
924     -1764059.250000
925     -1764121.250000
926     -1764181.500000
927     -1764243.125000
928     -1764302.000000
929     -1764362.500000
930     -1764422.000000
931     -1764481.125000
932     -1764540.500000
933     -1764600.000000
934     -1764658.000000
935     -1764715.875000
936     -1764774.250000
937     -1764832.750000
938     -1764890.125000
939     -1764947.500000
940     -1765004.750000
941     -1765062.000000
942     -1765118.875000
943     -1765175.625000
944     -1765232.250000
945     -1765287.750000
946     -1765344.000000
947     -1765398.875000
948     -1765454.750000
949     -1765510.500000
950     -1765564.875000
951     -1765619.875000
952     -1765674.625000
953     -1765727.750000
954     -1765782.250000
955     -1765837.125000
956     -1765889.500000
957     -1765943.000000
958     -1765996.125000
959     -1766049.500000
960     -1766103.000000
961     -1766155.625000
962     -1766208.000000
963     -1766259.250000
964     -1766312.000000
965     -1766363.500000
966     -1766414.875000
967     -1766467.375000
968     -1766518.750000
969     -1766569.500000
970     -1766620.875000
971     -1766671.000000
972     -1766722.500000
973     -1766772.000000
974     -1766822.375000
975     -1766872.125000
976     -1766921.000000
977     -1766971.625000
978     -1767021.750000
979     -1767071.500000
980     -1767121.625000
981     -1767170.000000
982     -1767217.875000
983     -1767266.750000
984     -1767315.125000
985     -1767363.750000
986     -1767412.250000
987     -1767460.000000
988     -1767507.500000
989     -1767555.250000
990     -1767603.250000
991     -1767651.750000
992     -1767698.750000
993     -1767745.500000
994     -1767792.250000
995     -1767838.500000
996     -1767885.125000
997     -1767930.875000
998     -1767977.750000
999     -1768024.125000
1000    -1768069.500000
1001    -1768115.500000
1002    -1768160.375000
1003    -1768206.000000
1004    -1768251.500000
1005    -1768296.500000
1006    -1768341.000000
1007    -1768385.750000
1008    -1768430.250000
1009    -1768474.625000
1010    -1768518.500000
1011    -1768562.875000
1012    -1768605.750000
1013    -1768650.875000
1014    -1768693.500000
1015    -1768737.500000
1016    -1768780.125000
1017    -1768823.375000
1018    -1768866.750000
1019    -1768909.500000
1020    -1768951.000000
1021    -1768994.375000
1022    -1769036.000000
1023    -1769079.000000
1024    -1769119.875000
1025    -1769161.625000
1026    -1769203.750000
1027    -1769245.500000
1028    -1769286.375000
1029    -1769326.625000
1030    -1769366.750000
1031    -1769408.000000
1032    -1769447.750000
1033    -1769488.375000
1034    -1769528.250000
1035    -1769568.125000
1036    -1769607.375000
1037    -1769647.500000
1038    -1769686.375000
1039    -1769726.000000
1040    -1769765.625000
1041    -1769803.750000
1042    -1769843.375000
1043    -1769882.500000
1044    -1769920.750000
1045    -1769960.000000
1046    -1769996.250000
1047    -1770035.500000
1048    -1770074.000000
1049    -1770111.000000
1050    -1770150.000000
1051    -1770187.000000
1052    -1770224.375000
1053    -1770262.375000
1054    -1770299.500000
1055    -1770336.000000
1056    -1770374.250000
1057    -1770411.000000
1058    -1770447.625000
1059    -1770484.125000
1060    -1770520.750000
1061    -1770556.500000
1062    -1770592.500000
1063    -1770629.250000
1064    -1770665.000000
1065    -1770700.875000
1066    -1770735.750000
1067    -1770771.250000
1068    -1770807.750000
1069    -1770842.375000
1070    -1770877.750000
1071    -1770912.125000
1072    -1770947.125000
1073    -1770981.875000
1074    -1771017.375000
1075    -1771052.250000
1076    -1771085.750000
1077    -1771120.750000
1078    -1771154.625000
1079    -1771189.750000
1080    -1771223.875000
1081    -1771257.250000
1082    -1771291.000000
1083    -1771324.125000
1084    -1771358.250000
1085    -1771392.125000
1086    -1771424.875000
1087    -1771458.250000
1088    -1771492.000000
1089    -1771525.250000
1090    -1771557.250000
1091    -1771590.250000
1092    -1771622.750000
1093    -1771656.000000
1094    -1771688.500000
1095    -1771720.750000
1096    -1771753.000000
1097    -1771785.750000
1098    -1771818.000000
1099    -1771849.750000
1100    -1771881.750000
1101    -1771914.625000
1102    -1771945.875000
1103    -1771976.750000
1104    -1772008.750000
1105    -1772040.500000
1106    -1772072.250000
1107    -1772103.625000
1108    -1772134.250000
1109    -1772165.750000
1110    -1772197.500000
1111    -1772228.250000
1112    -1772259.625000
1113    -1772289.750000
1114    -1772320.750000
1115    -1772351.375000
1116    -1772382.750000
1117    -1772412.375000
1118    -1772442.750000
1119    -1772473.250000
1120    -1772503.000000
1121    -1772533.750000
1122    -1772563.375000
1123    -1772592.500000
1124    -1772622.750000
1125    -1772652.500000
1126    -1772682.000000
1127    -1772712.000000
1128    -1772741.250000
1129    -1772770.625000
1130    -1772799.750000
1131    -1772829.000000
1132    -1772857.750000
1133    -1772887.000000
1134    -1772916.000000
1135    -1772945.000000
1136    -1772972.750000
1137    -1773001.500000
1138    -1773030.625000
1139    -1773060.000000
1140    -1773087.500000
1141    -1773115.750000
1142    -1773143.750000
1143    -1773172.500000
1144    -1773200.750000
1145    -1773227.750000
1146    -1773255.625000
1147    -1773284.250000
1148    -1773311.375000
1149    -1773339.125000
1150    -1773366.625000
1151    -1773394.125000
1152    -1773421.625000
1153    -1773449.250000
1154    -1773476.250000
1155    -1773503.375000
1156    -1773530.250000
1157    -1773557.250000
1158    -1773584.500000
1159    -1773611.500000
1160    -1773637.875000
1161    -1773665.250000
1162    -1773691.625000
1163    -1773718.750000
1164    -1773744.625000
1165    -1773771.375000
1166    -1773797.750000
1167    -1773823.750000
1168    -1773850.750000
1169    -1773876.625000
1170    -1773903.500000
1171    -1773929.000000
1172    -1773955.500000
1173    -1773980.750000
1174    -1774006.875000
1175    -1774031.750000
1176    -1774058.000000
1177    -1774083.750000
1178    -1774109.500000
1179    -1774134.375000
1180    -1774160.250000
1181    -1774185.375000
1182    -1774211.250000
1183    -1774236.000000
1184    -1774261.000000
1185    -1774285.750000
1186    -1774311.750000
1187    -1774336.250000
1188    -1774360.750000
1189    -1774386.250000
1190    -1774411.250000
1191    -1774436.500000
1192    -1774461.000000
1193    -1774485.375000
1194    -1774508.750000
1195    -1774534.000000
1196    -1774558.625000
1197    -1774582.750000
1198    -1774606.875000
1199    -1774630.750000
1200    -1774654.500000
1201    -1774679.250000
1202    -1774703.500000
1203    -1774726.000000
1204    -1774750.625000
1205    -1774775.000000
1206    -1774797.500000
1207    -1774822.000000
1208    -1774845.125000
1209    -1774868.000000
1210    -1774892.875000
1211    -1774915.625000
1212    -1774939.250000
1213    -1774961.875000
1214    -1774985.250000
1215    -1775008.250000
1216    -1775030.875000
1217    -1775054.250000
1218    -1775077.000000
1219    -1775099.750000
1220    -1775122.750000
1221    -1775144.750000
1222    -1775167.875000
1223    -1775189.875000
1224    -1775211.750000
1225    -1775234.875000
1226    -1775256.750000
1227    -1775278.750000
1228    -1775301.500000
1229    -1775323.500000
1230    -1775345.000000
1231    -1775367.250000
1232    -1775388.500000
1233    -1775410.250000
1234    -1775432.125000
1235    -1775453.750000
1236    -1775474.750000
1237    -1775496.750000
1238    -1775518.000000
1239    -1775539.375000
1240    -1775560.250000
1241    -1775581.500000
1242    -1775603.250000
1243    -1775624.375000
1244    -1775645.375000
1245    -1775666.250000
1246    -1775687.250000
1247    -1775707.875000
1248    -1775729.250000
1249    -1775749.750000
1250    -1775770.250000
1251    -1775791.375000
1252    -1775811.500000
1253    -1775832.500000
1254    -1775853.000000
1255    -1775873.250000
1256    -1775894.000000
1257    -1775914.000000
1258    -1775934.375000
1259    -1775955.000000
1260    -1775975.375000
1261    -1775994.625000
1262    -1776015.750000
1263    -1776034.500000
1264    -1776055.500000
1265    -1776075.125000
1266    -1776094.500000
1267    -1776114.750000
1268    -1776134.500000
1269    -1776154.375000
1270    -1776173.000000
1271    -1776194.000000
1272    -1776212.125000
1273    -1776231.750000
1274    -1776251.375000
1275    -1776271.125000
1276    -1776290.375000
1277    -1776309.125000
1278    -1776328.875000
1279    -1776347.500000
1280    -1776367.250000
1281    -1776386.000000
1282    -1776405.000000
1283    -1776423.750000
1284    -1776442.875000
1285    -1776461.625000
1286    -1776481.250000
1287    -1776499.750000
1288    -1776518.250000
1289    -1776536.000000
1290    -1776555.750000
1291    -1776574.500000
1292    -1776593.500000
1293    -1776611.000000
1294    -1776630.375000
1295    -1776648.500000
1296    -1776667.125000
1297    -1776684.875000
1298    -1776703.500000
1299    -1776721.250000
1300    -1776739.500000
1301    -1776757.750000
1302    -1776775.250000
1303    -1776793.625000
1304    -1776811.875000
1305    -1776829.000000
1306    -1776847.750000
1307    -1776865.125000
1308    -1776883.750000
1309    -1776900.875000
1310    -1776919.000000
1311    -1776936.375000
1312    -1776954.750000
1313    -1776971.500000
1314    -1776989.500000
1315    -1777007.250000
1316    -1777024.000000
1317    -1777042.500000
1318    -1777059.250000
1319    -1777076.500000
1320    -1777093.500000
1321    -1777111.375000
1322    -1777128.750000
1323    -1777145.250000
1324    -1777163.125000
1325    -1777180.250000
1326    -1777197.500000
1327    -1777214.125000
1328    -1777231.000000
1329    -1777248.625000
1330    -1777265.000000
1331    -1777282.000000
1332    -1777298.875000
1333    -1777315.750000
1334    -1777332.625000
1335    -1777349.000000
1336    -1777366.000000
1337    -1777382.625000
1338    -1777398.750000
1339    -1777415.625000
1340    -1777432.500000
1341    -1777448.125000
1342    -1777464.625000
1343    -1777481.125000
1344    -1777497.750000
1345    -1777513.750000
1346    -1777530.250000
1347    -1777546.375000
1348    -1777562.250000
1349    -1777578.250000
1350    -1777595.250000
1351    -1777611.000000
1352    -1777626.750000
1353    -1777643.125000
1354    -1777659.500000
1355    -1777675.250000
1356    -1777691.750000
1357    -1777706.875000
1358    -1777724.125000
1359    -1777739.250000
1360    -1777755.250000
1361    -1777770.875000
1362    -1777787.125000
1363    -1777801.750000
1364    -1777818.125000
1365    -1777834.750000
1366    -1777849.500000
1367    -1777865.000000
1368    -1777880.750000
1369    -1777896.500000
1370    -1777912.000000
1371    -1777927.625000
1372    -1777942.250000
1373    -1777958.625000
1374    -1777973.875000
1375    -1777988.750000
1376    -1778004.500000
1377    -1778019.125000
1378    -1778035.000000
1379    -1778049.750000
