Step            Loss
--------------------
1        8469.453125
2        5059.739258
3        1647.749512
4       -1759.728516
5       -5170.540527
6       -8577.600586
7       -11985.916016
8       -15394.808594
9       -18805.507812
10      -22215.125000
11      -25625.015625
12      -29034.740234
13      -32446.544922
14      -35859.246094
15      -39270.367188
16      -42683.929688
17      -46093.121094
18      -49510.656250
19      -52927.824219
20      -56346.000000
21      -59764.507812
22      -63188.710938
23      -66607.367188
24      -70030.968750
25      -73457.093750
26      -76884.078125
27      -80314.476562
28      -83746.195312
29      -87180.421875
30      -90618.296875
31      -94057.812500
32      -97501.718750
33      -100945.640625
34      -104398.195312
35      -107850.054688
36      -111305.578125
37      -114766.929688
38      -118225.671875
39      -121696.468750
40      -125163.437500
41      -128643.500000
42      -132120.937500
43      -135604.031250
44      -139095.218750
45      -142586.750000
46      -146086.843750
47      -149585.968750
48      -153096.484375
49      -156602.593750
50      -160125.375000
51      -163648.765625
52      -167172.125000
53      -170715.156250
54      -174251.781250
55      -177797.531250
56      -181347.921875
57      -184904.187500
58      -188468.359375
59      -192035.031250
60      -195615.546875
61      -199193.687500
62      -202786.937500
63      -206378.312500
64      -209983.968750
65      -213590.187500
66      -217203.562500
67      -220826.937500
68      -224456.468750
69      -228090.125000
70      -231731.875000
71      -235384.750000
72      -239036.406250
73      -242699.687500
74      -246373.125000
75      -250053.437500
76      -253739.281250
77      -257428.343750
78      -261128.265625
79      -264836.875000
80      -268553.250000
81      -272275.125000
82      -276008.406250
83      -279741.187500
84      -283487.250000
85      -287242.187500
86      -291001.843750
87      -294767.750000
88      -298546.500000
89      -302329.875000
90      -306124.562500
91      -309918.593750
92      -313724.218750
93      -317540.062500
94      -321364.062500
95      -325191.812500
96      -329027.375000
97      -332878.187500
98      -336731.125000
99      -340590.312500
100     -344454.312500
101     -348331.968750
102     -352217.000000
103     -356106.968750
104     -360008.062500
105     -363917.750000
106     -367825.937500
107     -371748.812500
108     -375676.312500
109     -379612.750000
110     -383556.375000
111     -387511.625000
112     -391467.937500
113     -395435.812500
114     -399407.937500
115     -403387.312500
116     -407376.437500
117     -411366.187500
118     -415370.625000
119     -419377.562500
120     -423392.968750
121     -427419.593750
122     -431445.968750
123     -435482.906250
124     -439522.687500
125     -443577.250000
126     -447625.625000
127     -451694.437500
128     -455760.031250
129     -459836.750000
130     -463914.687500
131     -468006.250000
132     -472099.187500
133     -476197.000000
134     -480302.750000
135     -484416.562500
136     -488535.187500
137     -492653.937500
138     -496782.750000
139     -500915.250000
140     -505050.875000
141     -509200.250000
142     -513350.875000
143     -517507.718750
144     -521668.375000
145     -525829.125000
146     -530001.125000
147     -534170.625000
148     -538355.375000
149     -542542.750000
150     -546725.687500
151     -550920.750000
152     -555112.937500
153     -559319.500000
154     -563518.750000
155     -567733.375000
156     -571942.625000
157     -576153.750000
158     -580375.500000
159     -584598.750000
160     -588826.500000
161     -593058.250000
162     -597281.500000
163     -601523.250000
164     -605759.125000
165     -609994.625000
166     -614242.750000
167     -618489.750000
168     -622735.562500
169     -626986.125000
170     -631247.250000
171     -635493.375000
172     -639748.125000
173     -644009.125000
174     -648267.000000
175     -652523.250000
176     -656786.187500
177     -661048.875000
178     -665314.750000
179     -669573.687500
180     -673845.625000
181     -678108.812500
182     -682377.125000
183     -686641.750000
184     -690910.687500
185     -695182.812500
186     -699451.187500
187     -703713.750000
188     -707980.375000
189     -712253.812500
190     -716517.750000
191     -720780.625000
192     -725048.750000
193     -729312.750000
194     -733570.250000
195     -737830.187500
196     -742094.000000
197     -746354.062500
198     -750619.000000
199     -754872.937500
200     -759127.000000
201     -763379.187500
202     -767628.500000
203     -771881.000000
204     -776120.625000
205     -780363.375000
206     -784606.500000
207     -788848.500000
208     -793084.500000
209     -797313.625000
210     -801540.437500
211     -805773.437500
212     -809998.875000
213     -814215.750000
214     -818429.250000
215     -822644.250000
216     -826852.812500
217     -831056.375000
218     -835261.750000
219     -839459.000000
220     -843656.937500
221     -847837.625000
222     -852023.000000
223     -856204.375000
224     -860379.500000
225     -864548.875000
226     -868711.000000
227     -872875.000000
228     -877031.875000
229     -881185.687500
230     -885327.500000
231     -889461.562500
232     -893603.062500
233     -897731.875000
234     -901855.187500
235     -905967.125000
236     -910081.250000
237     -914185.625000
238     -918286.625000
239     -922375.750000
240     -926457.750000
241     -930543.875000
242     -934611.750000
243     -938680.250000
244     -942737.187500
245     -946786.875000
246     -950833.625000
247     -954871.312500
248     -958904.875000
249     -962926.250000
250     -966935.937500
251     -970947.937500
252     -974944.562500
253     -978942.000000
254     -982923.875000
255     -986901.875000
256     -990874.125000
257     -994831.125000
258     -998786.750000
259     -1002729.000000
260     -1006659.500000
261     -1010595.500000
262     -1014511.875000
263     -1018422.312500
264     -1022324.500000
265     -1026222.000000
266     -1030100.500000
267     -1033982.625000
268     -1037843.875000
269     -1041699.750000
270     -1045548.625000
271     -1049385.625000
272     -1053216.625000
273     -1057031.875000
274     -1060842.375000
275     -1064649.750000
276     -1068434.000000
277     -1072217.000000
278     -1075986.000000
279     -1079749.000000
280     -1083497.625000
281     -1087241.000000
282     -1090975.750000
283     -1094690.375000
284     -1098401.250000
285     -1102104.375000
286     -1105790.000000
287     -1109477.125000
288     -1113148.750000
289     -1116807.125000
290     -1120458.750000
291     -1124093.500000
292     -1127727.000000
293     -1131342.750000
294     -1134943.750000
295     -1138544.000000
296     -1142128.375000
297     -1145699.250000
298     -1149261.250000
299     -1152813.750000
300     -1156357.750000
301     -1159886.125000
302     -1163411.375000
303     -1166918.250000
304     -1170416.500000
305     -1173900.500000
306     -1177375.375000
307     -1180838.000000
308     -1184293.625000
309     -1187730.875000
310     -1191159.750000
311     -1194579.750000
312     -1197987.250000
313     -1201383.750000
314     -1204767.375000
315     -1208132.500000
316     -1211498.000000
317     -1214849.000000
318     -1218177.625000
319     -1221503.250000
320     -1224819.125000
321     -1228117.125000
322     -1231402.375000
323     -1234683.250000
324     -1237954.250000
325     -1241202.500000
326     -1244444.500000
327     -1247674.750000
328     -1250897.500000
329     -1254103.000000
330     -1257299.250000
331     -1260485.125000
332     -1263655.000000
333     -1266813.375000
334     -1269957.750000
335     -1273092.375000
336     -1276208.000000
337     -1279319.000000
338     -1282417.750000
339     -1285503.625000
340     -1288568.125000
341     -1291626.625000
342     -1294670.500000
343     -1297708.750000
344     -1300730.000000
345     -1303734.500000
346     -1306732.250000
347     -1309719.500000
348     -1312691.250000
349     -1315645.750000
350     -1318584.500000
351     -1321530.750000
352     -1324442.250000
353     -1327354.250000
354     -1330244.250000
355     -1333130.625000
356     -1336002.500000
357     -1338859.625000
358     -1341698.500000
359     -1344533.750000
360     -1347354.000000
361     -1350164.250000
362     -1352960.500000
363     -1355737.500000
364     -1358505.750000
365     -1361267.500000
366     -1364007.500000
367     -1366742.375000
368     -1369460.500000
369     -1372168.750000
370     -1374862.500000
371     -1377536.000000
372     -1380210.500000
373     -1382866.250000
374     -1385507.250000
375     -1388134.375000
376     -1390753.625000
377     -1393353.875000
378     -1395949.000000
379     -1398527.000000
380     -1401088.000000
381     -1403644.125000
382     -1406183.875000
383     -1408712.000000
384     -1411230.125000
385     -1413734.875000
386     -1416222.250000
387     -1418704.500000
388     -1421164.250000
389     -1423617.250000
390     -1426060.500000
391     -1428483.500000
392     -1430893.125000
393     -1433292.000000
394     -1435684.000000
395     -1438054.875000
396     -1440421.750000
397     -1442771.750000
398     -1445118.375000
399     -1447445.000000
400     -1449762.500000
401     -1452066.000000
402     -1454355.125000
403     -1456638.000000
404     -1458905.625000
405     -1461155.750000
406     -1463396.750000
407     -1465624.500000
408     -1467836.250000
409     -1470038.125000
410     -1472222.250000
411     -1474398.250000
412     -1476565.000000
413     -1478719.625000
414     -1480859.500000
415     -1482986.000000
416     -1485103.750000
417     -1487202.000000
418     -1489295.375000
419     -1491373.750000
420     -1493440.875000
421     -1495494.625000
422     -1497535.500000
423     -1499562.000000
424     -1501581.500000
425     -1503592.750000
426     -1505582.125000
427     -1507574.125000
428     -1509536.625000
429     -1511494.750000
430     -1513446.250000
431     -1515377.625000
432     -1517298.500000
433     -1519215.250000
434     -1521110.125000
435     -1522990.250000
436     -1524873.875000
437     -1526740.875000
438     -1528593.000000
439     -1530440.000000
440     -1532267.250000
441     -1534083.500000
442     -1535890.750000
443     -1537681.500000
444     -1539471.250000
445     -1541242.250000
446     -1542999.750000
447     -1544747.750000
448     -1546487.875000
449     -1548215.500000
450     -1549928.250000
451     -1551633.500000
452     -1553329.000000
453     -1555005.750000
454     -1556674.000000
455     -1558330.250000
456     -1559982.250000
457     -1561620.500000
458     -1563243.250000
459     -1564857.625000
460     -1566456.125000
461     -1568054.250000
462     -1569636.500000
463     -1571204.250000
464     -1572765.500000
465     -1574310.750000
466     -1575853.875000
467     -1577383.750000
468     -1578896.250000
469     -1580401.000000
470     -1581901.250000
471     -1583386.000000
472     -1584864.250000
473     -1586331.000000
474     -1587782.250000
475     -1589225.750000
476     -1590659.000000
477     -1592084.500000
478     -1593496.750000
479     -1594901.125000
480     -1596295.250000
481     -1597677.750000
482     -1599048.375000
483     -1600412.250000
484     -1601764.250000
485     -1603104.375000
486     -1604432.750000
487     -1605758.750000
488     -1607068.750000
489     -1608372.000000
490     -1609662.000000
491     -1610946.875000
492     -1612222.250000
493     -1613488.250000
494     -1614739.875000
495     -1615986.500000
496     -1617220.250000
497     -1618448.875000
498     -1619668.500000
499     -1620872.250000
500     -1622070.250000
501     -1623261.250000
502     -1624444.500000
503     -1625615.500000
504     -1626775.250000
505     -1627931.000000
506     -1629070.750000
507     -1630204.500000
508     -1631336.250000
509     -1632454.000000
510     -1633560.500000
511     -1634661.875000
512     -1635748.750000
513     -1636834.750000
514     -1637912.125000
515     -1638977.625000
516     -1640041.250000
517     -1641087.000000
518     -1642129.875000
519     -1643163.250000
520     -1644187.125000
521     -1645208.375000
522     -1646214.500000
523     -1647216.125000
524     -1648210.375000
525     -1649191.250000
526     -1650169.500000
527     -1651135.875000
528     -1652096.000000
529     -1653046.875000
530     -1653981.375000
531     -1654920.000000
532     -1655846.000000
533     -1656759.250000
534     -1657670.625000
535     -1658570.375000
536     -1659462.875000
537     -1660351.375000
538     -1661228.125000
539     -1662098.250000
540     -1662967.875000
541     -1663822.750000
542     -1664671.000000
543     -1665517.500000
544     -1666352.500000
545     -1667185.750000
546     -1668008.750000
547     -1668821.250000
548     -1669628.875000
549     -1670428.250000
550     -1671220.875000
551     -1672011.250000
552     -1672791.000000
553     -1673561.875000
554     -1674331.500000
555     -1675086.375000
556     -1675838.750000
557     -1676583.750000
558     -1677322.500000
559     -1678052.500000
560     -1678775.000000
561     -1679498.250000
562     -1680210.125000
563     -1680921.000000
564     -1681614.500000
565     -1682311.500000
566     -1683003.125000
567     -1683684.000000
568     -1684363.000000
569     -1685032.125000
570     -1685697.750000
571     -1686357.000000
572     -1687012.000000
573     -1687662.250000
574     -1688300.500000
575     -1688936.250000
576     -1689566.500000
577     -1690194.750000
578     -1690809.750000
579     -1691422.125000
580     -1692031.625000
581     -1692636.125000
582     -1693234.000000
583     -1693828.500000
584     -1694412.000000
585     -1694991.875000
586     -1695569.000000
587     -1696142.375000
588     -1696707.000000
589     -1697270.500000
590     -1697821.750000
591     -1698372.625000
592     -1698914.125000
593     -1699451.875000
594     -1699987.500000
595     -1700515.500000
596     -1701042.250000
597     -1701563.625000
598     -1702076.625000
599     -1702588.000000
600     -1703094.125000
601     -1703595.000000
602     -1704094.750000
603     -1704585.875000
604     -1705076.750000
605     -1705556.375000
606     -1706043.750000
607     -1706517.500000
608     -1706990.250000
609     -1707455.000000
610     -1707915.500000
611     -1708373.500000
612     -1708827.625000
613     -1709278.250000
614     -1709719.750000
615     -1710162.250000
616     -1710598.250000
617     -1711030.000000
618     -1711458.250000
619     -1711882.250000
620     -1712304.250000
621     -1712721.500000
622     -1713135.125000
623     -1713541.500000
624     -1713949.250000
625     -1714352.000000
626     -1714751.500000
627     -1715147.125000
628     -1715536.625000
629     -1715927.250000
630     -1716311.875000
631     -1716691.250000
632     -1717071.875000
633     -1717446.250000
634     -1717816.500000
635     -1718184.750000
636     -1718548.125000
637     -1718909.500000
638     -1719265.250000
639     -1719623.750000
640     -1719974.500000
641     -1720325.375000
642     -1720669.875000
643     -1721013.500000
644     -1721353.375000
645     -1721691.375000
646     -1722024.250000
647     -1722356.875000
648     -1722684.500000
649     -1723011.500000
650     -1723333.750000
651     -1723654.000000
652     -1723973.000000
653     -1724287.250000
654     -1724602.250000
655     -1724908.000000
656     -1725216.250000
657     -1725521.500000
658     -1725822.125000
659     -1726124.250000
660     -1726417.250000
661     -1726712.625000
662     -1727000.875000
663     -1727292.750000
664     -1727579.000000
665     -1727863.250000
666     -1728145.750000
667     -1728426.375000
668     -1728704.750000
669     -1728978.500000
670     -1729251.250000
671     -1729522.125000
672     -1729789.500000
673     -1730055.125000
674     -1730319.250000
675     -1730577.500000
676     -1730841.250000
677     -1731096.000000
678     -1731351.750000
679     -1731603.875000
680     -1731852.500000
681     -1732102.000000
682     -1732345.250000
683     -1732590.250000
684     -1732830.000000
685     -1733069.875000
686     -1733306.500000
687     -1733540.750000
688     -1733774.250000
689     -1734005.625000
690     -1734235.250000
691     -1734463.000000
692     -1734687.500000
693     -1734913.125000
694     -1735132.250000
695     -1735354.000000
696     -1735571.500000
697     -1735790.000000
698     -1736002.750000
699     -1736216.500000
700     -1736428.250000
701     -1736639.250000
702     -1736846.000000
703     -1737052.250000
704     -1737256.875000
705     -1737462.250000
706     -1737660.000000
707     -1737862.125000
708     -1738058.750000
709     -1738259.500000
710     -1738452.750000
711     -1738645.875000
712     -1738838.250000
713     -1739029.750000
714     -1739217.500000
715     -1739406.250000
716     -1739591.125000
717     -1739775.625000
718     -1739958.000000
719     -1740140.500000
720     -1740320.500000
721     -1740499.125000
722     -1740676.500000
723     -1740852.500000
724     -1741025.750000
725     -1741200.000000
726     -1741372.250000
727     -1741542.000000
728     -1741712.125000
729     -1741878.625000
730     -1742044.375000
731     -1742211.125000
732     -1742375.250000
733     -1742538.375000
734     -1742699.375000
735     -1742860.000000
736     -1743017.125000
737     -1743175.250000
738     -1743330.250000
739     -1743486.625000
740     -1743639.250000
741     -1743791.250000
742     -1743944.375000
743     -1744094.500000
744     -1744245.000000
745     -1744393.375000
746     -1744541.875000
747     -1744689.750000
748     -1744834.000000
749     -1744980.500000
750     -1745124.000000
751     -1745265.125000
752     -1745408.250000
753     -1745549.375000
754     -1745689.875000
755     -1745827.250000
756     -1745967.750000
757     -1746103.875000
758     -1746241.000000
759     -1746377.625000
760     -1746511.750000
761     -1746646.125000
762     -1746780.250000
763     -1746911.875000
764     -1747043.500000
765     -1747174.000000
766     -1747304.250000
767     -1747433.125000
768     -1747561.750000
769     -1747687.500000
770     -1747817.125000
771     -1747940.750000
772     -1748068.625000
773     -1748190.750000
774     -1748316.000000
775     -1748439.250000
776     -1748561.500000
777     -1748683.500000
778     -1748803.750000
779     -1748924.000000
780     -1749043.750000
781     -1749163.125000
782     -1749279.625000
783     -1749398.250000
784     -1749514.500000
785     -1749631.250000
786     -1749747.375000
787     -1749862.250000
788     -1749975.500000
789     -1750089.875000
790     -1750201.375000
791     -1750315.625000
792     -1750425.750000
793     -1750536.000000
794     -1750645.750000
795     -1750755.375000
796     -1750863.750000
797     -1750973.125000
798     -1751079.250000
799     -1751186.000000
800     -1751292.000000
801     -1751397.750000
802     -1751502.500000
803     -1751607.000000
804     -1751711.000000
805     -1751814.750000
806     -1751916.750000
807     -1752018.750000
808     -1752121.500000
809     -1752222.000000
810     -1752322.500000
811     -1752422.750000
812     -1752522.750000
813     -1752620.250000
814     -1752718.875000
815     -1752816.750000
816     -1752914.750000
817     -1753010.500000
818     -1753107.875000
819     -1753203.250000
820     -1753298.375000
821     -1753392.500000
822     -1753485.500000
823     -1753580.750000
824     -1753673.000000
825     -1753766.000000
826     -1753857.125000
827     -1753948.250000
828     -1754040.500000
829     -1754131.125000
830     -1754220.375000
831     -1754310.750000
832     -1754400.500000
833     -1754488.875000
834     -1754577.750000
835     -1754665.000000
836     -1754752.500000
837     -1754839.875000
838     -1754926.750000
839     -1755013.500000
840     -1755098.375000
841     -1755184.625000
842     -1755269.250000
843     -1755353.875000
844     -1755439.000000
845     -1755522.875000
846     -1755605.875000
847     -1755688.750000
848     -1755772.375000
849     -1755854.750000
850     -1755937.125000
851     -1756018.750000
852     -1756100.750000
853     -1756181.375000
854     -1756262.125000
855     -1756341.750000
856     -1756422.250000
857     -1756501.125000
858     -1756579.250000
859     -1756659.250000
860     -1756736.250000
861     -1756814.000000
862     -1756891.750000
863     -1756969.000000
864     -1757045.000000
865     -1757122.125000
866     -1757198.000000
867     -1757274.000000
868     -1757349.000000
869     -1757425.000000
870     -1757498.625000
871     -1757574.000000
872     -1757646.500000
873     -1757720.250000
874     -1757792.250000
875     -1757864.625000
876     -1757937.000000
877     -1758008.750000
878     -1758080.000000
879     -1758152.000000
880     -1758223.250000
881     -1758293.125000
882     -1758364.000000
883     -1758434.500000
884     -1758503.500000
885     -1758573.000000
886     -1758642.750000
887     -1758710.750000
888     -1758779.500000
889     -1758849.000000
890     -1758916.500000
891     -1758983.750000
892     -1759051.875000
893     -1759120.000000
894     -1759186.250000
895     -1759254.000000
896     -1759320.250000
897     -1759386.500000
898     -1759452.375000
899     -1759518.500000
900     -1759583.750000
901     -1759649.125000
902     -1759714.625000
903     -1759779.500000
904     -1759843.250000
905     -1759908.625000
906     -1759972.875000
907     -1760036.750000
908     -1760100.375000
909     -1760163.500000
910     -1760226.500000
911     -1760289.625000
912     -1760352.750000
913     -1760414.750000
914     -1760477.750000
915     -1760539.375000
916     -1760601.500000
917     -1760662.500000
918     -1760725.875000
919     -1760786.000000
920     -1760848.250000
921     -1760907.625000
922     -1760968.500000
923     -1761029.250000
924     -1761088.750000
925     -1761149.750000
926     -1761208.250000
927     -1761268.500000
928     -1761328.750000
929     -1761387.250000
930     -1761445.875000
931     -1761505.375000
932     -1761563.250000
933     -1761621.250000
934     -1761679.500000
935     -1761737.250000
936     -1761793.875000
937     -1761851.750000
938     -1761909.375000
939     -1761965.875000
940     -1762023.000000
941     -1762079.125000
942     -1762135.250000
943     -1762191.000000
944     -1762247.375000
945     -1762303.000000
946     -1762358.000000
947     -1762414.000000
948     -1762468.875000
949     -1762524.125000
950     -1762578.625000
951     -1762633.250000
952     -1762687.125000
953     -1762741.375000
954     -1762795.125000
955     -1762847.875000
956     -1762902.500000
957     -1762955.000000
958     -1763008.500000
959     -1763062.375000
960     -1763114.125000
961     -1763166.750000
962     -1763219.000000
963     -1763272.500000
964     -1763324.125000
965     -1763374.750000
966     -1763427.250000
967     -1763478.250000
968     -1763529.500000
969     -1763580.250000
970     -1763632.250000
971     -1763683.125000
972     -1763733.250000
973     -1763783.750000
974     -1763833.500000
975     -1763885.000000
976     -1763934.750000
977     -1763984.500000
978     -1764034.250000
979     -1764084.250000
980     -1764134.500000
981     -1764184.000000
982     -1764231.750000
983     -1764282.000000
984     -1764331.250000
985     -1764380.250000
986     -1764428.875000
987     -1764477.500000
988     -1764525.000000
989     -1764573.750000
990     -1764621.500000
991     -1764669.500000
992     -1764716.750000
993     -1764764.500000
994     -1764812.000000
995     -1764859.250000
996     -1764907.000000
997     -1764953.125000
998     -1765000.000000
999     -1765045.250000
1000    -1765093.125000
1001    -1765138.875000
1002    -1765185.250000
1003    -1765231.250000
1004    -1765277.750000
1005    -1765322.625000
1006    -1765368.500000
1007    -1765414.000000
1008    -1765458.500000
1009    -1765504.500000
1010    -1765549.250000
1011    -1765594.625000
1012    -1765639.500000
1013    -1765684.125000
1014    -1765728.625000
1015    -1765772.875000
1016    -1765817.750000
1017    -1765861.375000
1018    -1765905.750000
1019    -1765949.625000
1020    -1765993.875000
1021    -1766038.000000
1022    -1766081.250000
1023    -1766124.875000
1024    -1766168.875000
1025    -1766211.750000
1026    -1766255.375000
1027    -1766298.000000
1028    -1766341.250000
1029    -1766384.250000
1030    -1766427.125000
1031    -1766470.375000
1032    -1766513.000000
1033    -1766555.250000
1034    -1766597.750000
1035    -1766641.000000
1036    -1766682.750000
1037    -1766725.125000
1038    -1766768.125000
1039    -1766809.250000
1040    -1766851.125000
1041    -1766893.500000
1042    -1766935.375000
1043    -1766977.500000
1044    -1767018.500000
1045    -1767060.625000
1046    -1767101.375000
1047    -1767143.250000
1048    -1767184.750000
1049    -1767226.000000
1050    -1767266.375000
1051    -1767306.750000
1052    -1767347.500000
1053    -1767388.250000
1054    -1767428.750000
1055    -1767468.750000
1056    -1767509.125000
1057    -1767549.125000
1058    -1767588.875000
1059    -1767629.250000
1060    -1767669.000000
1061    -1767709.125000
1062    -1767748.500000
1063    -1767788.375000
1064    -1767827.000000
1065    -1767867.500000
1066    -1767907.000000
1067    -1767945.750000
1068    -1767984.750000
1069    -1768024.000000
1070    -1768063.250000
1071    -1768102.125000
1072    -1768140.625000
1073    -1768180.000000
1074    -1768218.500000
1075    -1768257.250000
1076    -1768296.750000
1077    -1768334.875000
1078    -1768372.500000
1079    -1768411.125000
1080    -1768449.000000
1081    -1768487.500000
1082    -1768525.250000
1083    -1768563.875000
1084    -1768601.000000
1085    -1768638.625000
1086    -1768675.750000
1087    -1768714.000000
1088    -1768751.750000
1089    -1768788.500000
1090    -1768826.250000
1091    -1768863.500000
1092    -1768900.625000
1093    -1768937.625000
1094    -1768974.625000
1095    -1769011.000000
1096    -1769048.375000
1097    -1769085.500000
1098    -1769121.750000
1099    -1769159.000000
1100    -1769195.000000
1101    -1769231.625000
1102    -1769267.250000
1103    -1769304.000000
1104    -1769339.750000
1105    -1769374.875000
1106    -1769411.875000
1107    -1769447.500000
1108    -1769483.500000
1109    -1769518.250000
1110    -1769554.000000
1111    -1769589.125000
1112    -1769624.000000
1113    -1769659.125000
1114    -1769694.625000
1115    -1769729.250000
1116    -1769764.250000
1117    -1769798.750000
1118    -1769833.500000
1119    -1769868.125000
1120    -1769903.000000
1121    -1769937.250000
1122    -1769971.875000
1123    -1770006.000000
1124    -1770039.875000
1125    -1770075.000000
1126    -1770108.500000
1127    -1770142.875000
1128    -1770176.500000
1129    -1770211.250000
1130    -1770245.125000
1131    -1770277.500000
1132    -1770310.750000
1133    -1770345.375000
1134    -1770378.750000
1135    -1770413.250000
1136    -1770446.000000
1137    -1770479.750000
1138    -1770512.625000
1139    -1770546.500000
1140    -1770579.125000
1141    -1770612.500000
1142    -1770644.500000
1143    -1770677.500000
1144    -1770710.750000
1145    -1770742.750000
1146    -1770775.500000
1147    -1770808.750000
1148    -1770842.000000
1149    -1770873.250000
1150    -1770906.250000
1151    -1770938.750000
1152    -1770970.750000
1153    -1771002.750000
1154    -1771035.500000
1155    -1771067.375000
1156    -1771099.750000
1157    -1771131.625000
1158    -1771164.000000
1159    -1771195.500000
1160    -1771227.500000
1161    -1771259.375000
1162    -1771291.250000
1163    -1771322.750000
1164    -1771354.500000
1165    -1771385.875000
1166    -1771416.750000
1167    -1771449.000000
1168    -1771480.500000
1169    -1771511.500000
1170    -1771542.750000
1171    -1771574.000000
1172    -1771605.125000
1173    -1771636.500000
1174    -1771667.375000
1175    -1771698.375000
1176    -1771729.250000
1177    -1771759.750000
1178    -1771791.000000
1179    -1771821.250000
1180    -1771851.625000
1181    -1771883.125000
1182    -1771913.125000
1183    -1771943.250000
1184    -1771973.250000
1185    -1772004.000000
1186    -1772033.750000
1187    -1772064.500000
1188    -1772094.125000
1189    -1772124.250000
1190    -1772154.250000
1191    -1772184.500000
1192    -1772213.875000
1193    -1772243.500000
1194    -1772273.750000
1195    -1772303.375000
1196    -1772334.000000
1197    -1772362.875000
1198    -1772392.250000
1199    -1772421.750000
1200    -1772452.000000
1201    -1772481.000000
1202    -1772510.500000
1203    -1772539.875000
1204    -1772569.500000
1205    -1772598.875000
1206    -1772627.500000
1207    -1772657.250000
1208    -1772685.750000
1209    -1772715.125000
1210    -1772743.375000
1211    -1772772.750000
1212    -1772802.125000
1213    -1772831.125000
1214    -1772859.500000
1215    -1772888.250000
1216    -1772917.375000
1217    -1772945.750000
1218    -1772974.625000
1219    -1773002.750000
1220    -1773030.750000
1221    -1773059.500000
1222    -1773088.500000
1223    -1773116.750000
1224    -1773144.625000
1225    -1773173.375000
1226    -1773202.125000
1227    -1773229.000000
1228    -1773257.125000
1229    -1773285.500000
1230    -1773313.750000
1231    -1773341.250000
1232    -1773369.375000
1233    -1773397.000000
1234    -1773425.750000
1235    -1773453.750000
1236    -1773481.375000
1237    -1773508.750000
1238    -1773536.125000
1239    -1773564.000000
1240    -1773591.625000
1241    -1773619.125000
1242    -1773646.625000
1243    -1773673.750000
1244    -1773701.500000
1245    -1773729.125000
1246    -1773756.125000
1247    -1773783.750000
1248    -1773811.625000
1249    -1773838.750000
1250    -1773865.375000
1251    -1773892.125000
1252    -1773919.375000
1253    -1773947.375000
1254    -1773973.125000
1255    -1774001.500000
1256    -1774028.875000
1257    -1774054.500000
1258    -1774081.500000
1259    -1774108.750000
1260    -1774135.250000
1261    -1774162.625000
1262    -1774189.250000
1263    -1774215.125000
1264    -1774241.750000
1265    -1774269.125000
1266    -1774294.750000
1267    -1774322.250000
1268    -1774348.500000
1269    -1774375.000000
1270    -1774401.000000
1271    -1774427.125000
1272    -1774453.125000
1273    -1774479.000000
1274    -1774505.750000
1275    -1774531.625000
1276    -1774557.375000
1277    -1774582.875000
1278    -1774609.000000
1279    -1774634.500000
1280    -1774660.250000
1281    -1774686.625000
1282    -1774712.250000
1283    -1774737.750000
1284    -1774762.750000
1285    -1774787.375000
1286    -1774813.000000
1287    -1774838.500000
1288    -1774863.750000
1289    -1774889.625000
1290    -1774914.000000
1291    -1774939.250000
1292    -1774963.875000
1293    -1774989.250000
1294    -1775013.875000
1295    -1775038.625000
1296    -1775063.125000
1297    -1775088.625000
1298    -1775112.750000
1299    -1775137.500000
1300    -1775162.125000
1301    -1775186.625000
1302    -1775210.750000
1303    -1775235.250000
1304    -1775259.750000
1305    -1775284.250000
1306    -1775309.125000
1307    -1775333.375000
1308    -1775357.500000
1309    -1775381.875000
1310    -1775405.875000
1311    -1775429.625000
1312    -1775454.125000
1313    -1775477.875000
1314    -1775501.750000
1315    -1775525.375000
1316    -1775549.750000
1317    -1775572.625000
1318    -1775597.000000
1319    -1775620.750000
1320    -1775644.000000
1321    -1775667.750000
1322    -1775690.875000
1323    -1775714.750000
1324    -1775738.500000
1325    -1775761.875000
1326    -1775785.250000
1327    -1775809.250000
1328    -1775832.375000
1329    -1775855.625000
1330    -1775878.250000
1331    -1775902.250000
1332    -1775925.875000
1333    -1775948.875000
1334    -1775971.750000
1335    -1775995.250000
1336    -1776018.125000
1337    -1776041.500000
1338    -1776064.000000
1339    -1776087.250000
1340    -1776110.500000
1341    -1776133.250000
1342    -1776156.000000
1343    -1776178.750000
1344    -1776201.000000
1345    -1776224.750000
1346    -1776247.000000
1347    -1776270.500000
1348    -1776293.000000
1349    -1776314.750000
1350    -1776338.000000
1351    -1776360.000000
1352    -1776382.500000
1353    -1776404.625000
1354    -1776427.000000
1355    -1776448.875000
1356    -1776471.500000
1357    -1776493.750000
1358    -1776516.125000
1359    -1776537.875000
1360    -1776559.625000
1361    -1776582.625000
1362    -1776604.375000
1363    -1776625.750000
1364    -1776648.500000
1365    -1776671.000000
1366    -1776692.000000
1367    -1776713.375000
1368    -1776735.750000
1369    -1776757.000000
1370    -1776778.750000
1371    -1776801.000000
1372    -1776822.500000
1373    -1776843.500000
1374    -1776865.375000
1375    -1776887.375000
1376    -1776907.750000
1377    -1776929.500000
1378    -1776951.500000
1379    -1776972.500000
1380    -1776993.875000
1381    -1777014.500000
1382    -1777036.250000
1383    -1777057.375000
1384    -1777077.250000
1385    -1777099.500000
1386    -1777120.625000
1387    -1777141.250000
1388    -1777162.500000
1389    -1777183.750000
1390    -1777203.500000
1391    -1777225.000000
1392    -1777246.000000
1393    -1777266.625000
1394    -1777287.625000
1395    -1777308.250000
1396    -1777328.500000
1397    -1777348.750000
1398    -1777370.125000
1399    -1777390.500000
1400    -1777410.500000
1401    -1777431.125000
1402    -1777451.500000
1403    -1777472.250000
1404    -1777492.250000
1405    -1777513.250000
1406    -1777533.250000
1407    -1777553.500000
1408    -1777574.000000
1409    -1777594.000000
1410    -1777613.750000
1411    -1777634.250000
1412    -1777654.000000
1413    -1777674.500000
1414    -1777694.250000
1415    -1777714.375000
1416    -1777734.000000
1417    -1777753.750000
1418    -1777774.000000
1419    -1777793.500000
1420    -1777813.625000
1421    -1777833.625000
1422    -1777853.500000
1423    -1777873.000000
1424    -1777892.750000
1425    -1777913.000000
1426    -1777932.375000
1427    -1777951.375000
1428    -1777971.250000
1429    -1777990.250000
1430    -1778010.625000
1431    -1778029.500000
1432    -1778049.000000
1433    -1778068.750000
1434    -1778088.000000
1435    -1778107.250000
1436    -1778126.250000
1437    -1778145.875000
1438    -1778164.750000
1439    -1778183.500000
1440    -1778203.000000
1441    -1778222.375000
1442    -1778241.500000
1443    -1778260.500000
1444    -1778280.125000
1445    -1778298.875000
1446    -1778317.000000
1447    -1778336.500000
1448    -1778355.750000
1449    -1778375.125000
1450    -1778393.125000
1451    -1778412.000000
1452    -1778430.500000
1453    -1778450.000000
1454    -1778468.750000
1455    -1778487.500000
1456    -1778505.750000
1457    -1778523.625000
1458    -1778543.125000
1459    -1778562.250000
1460    -1778581.250000
1461    -1778599.625000
1462    -1778618.125000
1463    -1778636.125000
1464    -1778655.625000
1465    -1778673.000000
1466    -1778691.250000
1467    -1778710.000000
1468    -1778728.500000
1469    -1778747.000000
1470    -1778765.000000
1471    -1778783.500000
1472    -1778801.125000
1473    -1778819.750000
1474    -1778838.500000
1475    -1778856.250000
1476    -1778874.750000
1477    -1778892.250000
1478    -1778910.750000
1479    -1778928.375000
1480    -1778946.375000
1481    -1778964.750000
1482    -1778982.500000
1483    -1779000.500000
1484    -1779018.250000
1485    -1779036.750000
1486    -1779054.000000
1487    -1779071.875000
1488    -1779090.375000
1489    -1779108.250000
1490    -1779125.375000
1491    -1779143.500000
1492    -1779161.000000
1493    -1779178.750000
1494    -1779196.250000
1495    -1779214.250000
1496    -1779232.000000
1497    -1779248.875000
1498    -1779266.625000
1499    -1779284.750000
1500    -1779302.000000
1501    -1779319.875000
1502    -1779337.250000
1503    -1779354.750000
1504    -1779372.750000
1505    -1779389.625000
1506    -1779407.375000
1507    -1779425.125000
1508    -1779442.250000
1509    -1779459.750000
1510    -1779477.250000
1511    -1779494.750000
1512    -1779511.500000
1513    -1779530.000000
1514    -1779546.750000
1515    -1779563.750000
1516    -1779580.750000
1517    -1779598.625000
1518    -1779615.875000
1519    -1779632.500000
1520    -1779650.125000
1521    -1779667.500000
1522    -1779684.000000
1523    -1779701.000000
1524    -1779718.000000
1525    -1779735.250000
1526    -1779752.875000
1527    -1779769.250000
1528    -1779786.750000
1529    -1779804.250000
1530    -1779821.000000
1531    -1779838.250000
1532    -1779855.750000
1533    -1779872.000000
1534    -1779889.625000
1535    -1779906.750000
1536    -1779923.375000
1537    -1779940.375000
1538    -1779957.500000
1539    -1779974.250000
1540    -1779991.250000
1541    -1780008.250000
1542    -1780025.375000
1543    -1780041.500000
1544    -1780058.500000
1545    -1780075.000000
1546    -1780092.125000
1547    -1780108.625000
1548    -1780125.750000
1549    -1780142.250000
1550    -1780159.500000
1551    -1780175.750000
1552    -1780192.000000
1553    -1780208.500000
1554    -1780224.750000
1555    -1780241.875000
1556    -1780258.500000
1557    -1780275.125000
1558    -1780291.750000
1559    -1780307.750000
1560    -1780324.750000
1561    -1780341.500000
