Step            Loss
--------------------
1       12668.889648
2        9242.764648
3        5807.840332
4        2381.983887
5       -1050.906616
6       -4477.992188
7       -7906.461426
8       -11337.976562
9       -14765.156250
10      -18196.277344
11      -21625.242188
12      -25054.337891
13      -28481.404297
14      -31910.392578
15      -35343.410156
16      -38770.226562
17      -42205.171875
18      -45635.843750
19      -49071.285156
20      -52501.171875
21      -55937.824219
22      -59378.570312
23      -62816.089844
24      -66256.390625
25      -69696.312500
26      -73143.625000
27      -76588.273438
28      -80034.078125
29      -83485.906250
30      -86933.578125
31      -90397.445312
32      -93851.218750
33      -97312.296875
34      -100774.968750
35      -104242.515625
36      -107707.859375
37      -111182.343750
38      -114663.007812
39      -118142.218750
40      -121627.093750
41      -125117.359375
42      -128606.867188
43      -132103.718750
44      -135607.234375
45      -139106.906250
46      -142616.656250
47      -146130.921875
48      -149649.593750
49      -153175.593750
50      -156704.109375
51      -160240.734375
52      -163777.218750
53      -167323.062500
54      -170869.875000
55      -174424.734375
56      -177989.500000
57      -181553.703125
58      -185127.000000
59      -188702.593750
60      -192286.593750
61      -195876.812500
62      -199475.921875
63      -203078.343750
64      -206684.156250
65      -210300.718750
66      -213922.781250
67      -217553.171875
68      -221185.281250
69      -224828.843750
70      -228476.906250
71      -232129.546875
72      -235790.921875
73      -239455.468750
74      -243135.781250
75      -246818.593750
76      -250506.187500
77      -254203.578125
78      -257913.406250
79      -261620.562500
80      -265336.781250
81      -269062.812500
82      -272796.312500
83      -276538.531250
84      -280281.218750
85      -284037.625000
86      -287796.437500
87      -291574.000000
88      -295347.937500
89      -299133.312500
90      -302922.312500
91      -306723.062500
92      -310530.593750
93      -314342.437500
94      -318163.781250
95      -321996.687500
96      -325836.156250
97      -329678.562500
98      -333529.000000
99      -337389.062500
100     -341257.562500
101     -345135.062500
102     -349013.656250
103     -352904.875000
104     -356802.625000
105     -360705.687500
106     -364619.187500
107     -368538.750000
108     -372464.625000
109     -376396.312500
110     -380337.781250
111     -384288.500000
112     -388240.906250
113     -392204.062500
114     -396175.500000
115     -400152.375000
116     -404134.906250
117     -408124.625000
118     -412122.312500
119     -416127.593750
120     -420140.406250
121     -424161.187500
122     -428184.000000
123     -432214.625000
124     -436254.750000
125     -440292.375000
126     -444345.375000
127     -448402.750000
128     -452469.500000
129     -456539.187500
130     -460617.062500
131     -464695.906250
132     -468788.812500
133     -472879.250000
134     -476978.750000
135     -481084.031250
136     -485196.375000
137     -489310.687500
138     -493434.687500
139     -497566.906250
140     -501697.062500
141     -505838.562500
142     -509976.437500
143     -514131.125000
144     -518283.156250
145     -522444.062500
146     -526609.687500
147     -530774.125000
148     -534946.000000
149     -539122.375000
150     -543304.000000
151     -547488.125000
152     -551680.250000
153     -555871.875000
154     -560073.375000
155     -564276.750000
156     -568480.500000
157     -572690.437500
158     -576900.125000
159     -581117.437500
160     -585342.250000
161     -589562.875000
162     -593793.750000
163     -598012.375000
164     -602250.312500
165     -606484.000000
166     -610720.500000
167     -614957.750000
168     -619208.500000
169     -623444.437500
170     -627693.750000
171     -631937.187500
172     -636191.375000
173     -640440.625000
174     -644697.937500
175     -648952.875000
176     -653202.937500
177     -657460.625000
178     -661719.625000
179     -665978.875000
180     -670237.062500
181     -674502.125000
182     -678762.875000
183     -683024.875000
184     -687285.750000
185     -691552.000000
186     -695816.875000
187     -700079.500000
188     -704339.750000
189     -708607.937500
190     -712863.750000
191     -717129.500000
192     -721390.875000
193     -725652.562500
194     -729903.750000
195     -734161.812500
196     -738425.625000
197     -742683.687500
198     -746936.687500
199     -751193.500000
200     -755445.500000
201     -759695.375000
202     -763943.375000
203     -768189.000000
204     -772437.750000
205     -776678.250000
206     -780919.312500
207     -785153.250000
208     -789385.625000
209     -793617.250000
210     -797841.750000
211     -802076.375000
212     -806294.062500
213     -810517.062500
214     -814730.187500
215     -818948.562500
216     -823156.062500
217     -827364.875000
218     -831562.562500
219     -835761.750000
220     -839956.687500
221     -844154.187500
222     -848325.687500
223     -852508.750000
224     -856684.500000
225     -860861.500000
226     -865018.125000
227     -869186.250000
228     -873344.687500
229     -877496.250000
230     -881640.500000
231     -885785.625000
232     -889917.812500
233     -894047.812500
234     -898170.812500
235     -902289.437500
236     -906406.250000
237     -910512.187500
238     -914612.000000
239     -918707.125000
240     -922793.500000
241     -926881.437500
242     -930950.750000
243     -935024.937500
244     -939089.500000
245     -943144.312500
246     -947196.812500
247     -951236.375000
248     -955267.250000
249     -959299.375000
250     -963317.000000
251     -967335.375000
252     -971333.687500
253     -975339.250000
254     -979332.500000
255     -983313.500000
256     -987292.875000
257     -991252.625000
258     -995212.125000
259     -999164.187500
260     -1003109.937500
261     -1007043.250000
262     -1010973.000000
263     -1014895.062500
264     -1018804.375000
265     -1022703.000000
266     -1026600.937500
267     -1030476.000000
268     -1034357.250000
269     -1038219.125000
270     -1042080.250000
271     -1045928.750000
272     -1049770.500000
273     -1053592.625000
274     -1057422.000000
275     -1061232.000000
276     -1065026.375000
277     -1068819.500000
278     -1072598.750000
279     -1076377.000000
280     -1080137.000000
281     -1083890.375000
282     -1087629.500000
283     -1091359.875000
284     -1095085.000000
285     -1098798.500000
286     -1102501.375000
287     -1106187.750000
288     -1109872.125000
289     -1113544.000000
290     -1117202.500000
291     -1120846.750000
292     -1124489.875000
293     -1128116.500000
294     -1131732.500000
295     -1135344.250000
296     -1138935.250000
297     -1142519.250000
298     -1146092.000000
299     -1149661.000000
300     -1153212.625000
301     -1156751.750000
302     -1160282.000000
303     -1163806.750000
304     -1167308.750000
305     -1170807.875000
306     -1174292.750000
307     -1177769.750000
308     -1181230.625000
309     -1184679.750000
310     -1188124.750000
311     -1191547.125000
312     -1194969.000000
313     -1198375.500000
314     -1201775.500000
315     -1205149.750000
316     -1208520.500000
317     -1211885.625000
318     -1215237.500000
319     -1218567.250000
320     -1221893.125000
321     -1225200.000000
322     -1228503.750000
323     -1231782.125000
324     -1235063.500000
325     -1238322.750000
326     -1241578.000000
327     -1244813.625000
328     -1248043.375000
329     -1251254.000000
330     -1254456.875000
331     -1257644.375000
332     -1260824.000000
333     -1263991.375000
334     -1267146.500000
335     -1270286.750000
336     -1273417.000000
337     -1276537.625000
338     -1279636.500000
339     -1282728.750000
340     -1285809.625000
341     -1288873.000000
342     -1291927.000000
343     -1294973.750000
344     -1298005.125000
345     -1301021.875000
346     -1304030.250000
347     -1307015.750000
348     -1309990.500000
349     -1312962.750000
350     -1315918.375000
351     -1318858.250000
352     -1321784.500000
353     -1324708.000000
354     -1327609.750000
355     -1330499.750000
356     -1333377.750000
357     -1336247.000000
358     -1339097.500000
359     -1341940.000000
360     -1344768.750000
361     -1347580.250000
362     -1350386.750000
363     -1353176.000000
364     -1355949.750000
365     -1358712.750000
366     -1361466.125000
367     -1364204.750000
368     -1366925.625000
369     -1369640.750000
370     -1372344.000000
371     -1375031.500000
372     -1377708.125000
373     -1380379.000000
374     -1383019.250000
375     -1385660.375000
376     -1388281.750000
377     -1390888.750000
378     -1393487.125000
379     -1396077.000000
380     -1398652.000000
381     -1401201.500000
382     -1403754.625000
383     -1406290.875000
384     -1408809.000000
385     -1411320.625000
386     -1413813.750000
387     -1416300.750000
388     -1418775.750000
389     -1421232.500000
390     -1423684.625000
391     -1426112.750000
392     -1428539.250000
393     -1430945.000000
394     -1433340.000000
395     -1435732.000000
396     -1438104.375000
397     -1440465.875000
398     -1442808.750000
399     -1445152.875000
400     -1447473.625000
401     -1449771.750000
402     -1452078.750000
403     -1454358.000000
404     -1456630.500000
405     -1458886.875000
406     -1461136.875000
407     -1463368.500000
408     -1465594.250000
409     -1467806.125000
410     -1470005.500000
411     -1472186.500000
412     -1474360.250000
413     -1476518.000000
414     -1478667.625000
415     -1480802.625000
416     -1482918.625000
417     -1485029.125000
418     -1487124.250000
419     -1489208.000000
420     -1491278.000000
421     -1493344.125000
422     -1495387.250000
423     -1497419.500000
424     -1499445.750000
425     -1501460.125000
426     -1503460.625000
427     -1505446.500000
428     -1507418.750000
429     -1509382.750000
430     -1511330.750000
431     -1513273.000000
432     -1515198.000000
433     -1517115.500000
434     -1519013.625000
435     -1520908.750000
436     -1522796.750000
437     -1524658.625000
438     -1526510.875000
439     -1528351.000000
440     -1530179.250000
441     -1531994.000000
442     -1533795.750000
443     -1535589.375000
444     -1537369.875000
445     -1539144.250000
446     -1540901.875000
447     -1542645.375000
448     -1544380.000000
449     -1546103.250000
450     -1547814.125000
451     -1549518.250000
452     -1551206.250000
453     -1552886.625000
454     -1554551.500000
455     -1556208.500000
456     -1557857.875000
457     -1559489.875000
458     -1561112.500000
459     -1562722.875000
460     -1564326.000000
461     -1565914.500000
462     -1567498.250000
463     -1569064.500000
464     -1570629.000000
465     -1572176.000000
466     -1573715.625000
467     -1575241.500000
468     -1576761.250000
469     -1578260.750000
470     -1579758.875000
471     -1581244.125000
472     -1582723.625000
473     -1584191.250000
474     -1585647.000000
475     -1587097.000000
476     -1588529.000000
477     -1589955.000000
478     -1591375.125000
479     -1592780.000000
480     -1594174.625000
481     -1595560.375000
482     -1596939.500000
483     -1598304.750000
484     -1599666.500000
485     -1601014.000000
486     -1602346.500000
487     -1603673.250000
488     -1604994.250000
489     -1606301.750000
490     -1607599.250000
491     -1608890.375000
492     -1610168.500000
493     -1611434.000000
494     -1612693.000000
495     -1613946.750000
496     -1615185.500000
497     -1616418.000000
498     -1617637.000000
499     -1618845.500000
500     -1620046.500000
501     -1621235.750000
502     -1622425.000000
503     -1623598.500000
504     -1624764.000000
505     -1625919.500000
506     -1627068.000000
507     -1628207.250000
508     -1629331.500000
509     -1630453.250000
510     -1631564.750000
511     -1632666.625000
512     -1633759.625000
513     -1634848.000000
514     -1635924.750000
515     -1636996.250000
516     -1638055.000000
517     -1639106.500000
518     -1640144.625000
519     -1641179.750000
520     -1642201.125000
521     -1643221.000000
522     -1644232.500000
523     -1645230.750000
524     -1646220.750000
525     -1647201.750000
526     -1648173.250000
527     -1649146.000000
528     -1650105.375000
529     -1651057.875000
530     -1651998.250000
531     -1652933.500000
532     -1653856.625000
533     -1654775.750000
534     -1655692.250000
535     -1656593.500000
536     -1657488.000000
537     -1658380.000000
538     -1659256.250000
539     -1660129.375000
540     -1660998.125000
541     -1661854.000000
542     -1662706.750000
543     -1663550.375000
544     -1664388.750000
545     -1665216.250000
546     -1666040.000000
547     -1666855.500000
548     -1667658.250000
549     -1668462.375000
550     -1669254.000000
551     -1670040.250000
552     -1670820.750000
553     -1671587.250000
554     -1672354.250000
555     -1673117.875000
556     -1673861.875000
557     -1674606.750000
558     -1675345.125000
559     -1676072.500000
560     -1676800.250000
561     -1677514.750000
562     -1678225.750000
563     -1678934.500000
564     -1679632.000000
565     -1680320.125000
566     -1681009.000000
567     -1681693.000000
568     -1682366.250000
569     -1683035.375000
570     -1683700.125000
571     -1684358.125000
572     -1685012.625000
573     -1685658.250000
574     -1686296.000000
575     -1686931.625000
576     -1687556.500000
577     -1688181.750000
578     -1688800.250000
579     -1689409.500000
580     -1690015.250000
581     -1690613.500000
582     -1691205.750000
583     -1691793.875000
584     -1692375.000000
585     -1692951.500000
586     -1693522.000000
587     -1694085.750000
588     -1694646.750000
589     -1695200.375000
590     -1695751.750000
591     -1696295.000000
592     -1696833.500000
593     -1697369.250000
594     -1697900.000000
595     -1698424.000000
596     -1698944.500000
597     -1699465.500000
598     -1699976.000000
599     -1700487.750000
600     -1700990.750000
601     -1701489.000000
602     -1701989.000000
603     -1702475.750000
604     -1702966.125000
605     -1703443.250000
606     -1703924.500000
607     -1704393.500000
608     -1704863.125000
609     -1705332.000000
610     -1705790.000000
611     -1706249.000000
612     -1706698.250000
613     -1707148.500000
614     -1707595.875000
615     -1708034.750000
616     -1708475.750000
617     -1708909.250000
618     -1709339.000000
619     -1709765.750000
620     -1710187.125000
621     -1710606.000000
622     -1711019.250000
623     -1711430.375000
624     -1711838.250000
625     -1712241.750000
626     -1712639.500000
627     -1713036.500000
628     -1713427.250000
629     -1713815.750000
630     -1714202.000000
631     -1714586.250000
632     -1714963.750000
633     -1715340.000000
634     -1715712.375000
635     -1716082.500000
636     -1716447.250000
637     -1716807.125000
638     -1717164.625000
639     -1717522.000000
640     -1717875.625000
641     -1718224.250000
642     -1718567.750000
643     -1718909.625000
644     -1719249.000000
645     -1719585.375000
646     -1719918.000000
647     -1720248.875000
648     -1720574.125000
649     -1720899.500000
650     -1721221.500000
651     -1721537.750000
652     -1721854.625000
653     -1722166.000000
654     -1722477.750000
655     -1722784.000000
656     -1723089.250000
657     -1723392.500000
658     -1723693.875000
659     -1723992.750000
660     -1724288.500000
661     -1724581.250000
662     -1724872.250000
663     -1725160.625000
664     -1725446.250000
665     -1725729.250000
666     -1726010.500000
667     -1726287.875000
668     -1726564.375000
669     -1726838.500000
670     -1727108.250000
671     -1727380.250000
672     -1727643.500000
673     -1727909.375000
674     -1728171.125000
675     -1728432.250000
676     -1728689.250000
677     -1728944.875000
678     -1729200.500000
679     -1729452.500000
680     -1729703.000000
681     -1729949.500000
682     -1730196.250000
683     -1730441.375000
684     -1730685.250000
685     -1730926.000000
686     -1731165.375000
687     -1731400.125000
688     -1731637.000000
689     -1731870.000000
690     -1732101.750000
691     -1732333.500000
692     -1732562.500000
693     -1732789.125000
694     -1733014.625000
695     -1733239.500000
696     -1733462.000000
697     -1733682.500000
698     -1733901.250000
699     -1734117.250000
700     -1734333.750000
701     -1734547.500000
702     -1734762.000000
703     -1734972.375000
704     -1735182.250000
705     -1735390.125000
706     -1735596.000000
707     -1735801.250000
708     -1736004.875000
709     -1736207.625000
710     -1736408.500000
711     -1736608.500000
712     -1736805.625000
713     -1737004.875000
714     -1737200.875000
715     -1737395.250000
716     -1737589.000000
717     -1737779.000000
718     -1737973.250000
719     -1738161.750000
720     -1738349.500000
721     -1738538.250000
722     -1738723.500000
723     -1738907.000000
724     -1739092.500000
725     -1739273.500000
726     -1739456.000000
727     -1739636.750000
728     -1739814.625000
729     -1739993.750000
730     -1740170.375000
731     -1740346.000000
732     -1740518.750000
733     -1740693.000000
734     -1740862.750000
735     -1741033.250000
736     -1741204.000000
737     -1741372.750000
738     -1741539.250000
739     -1741705.500000
740     -1741871.125000
741     -1742033.750000
742     -1742197.750000
743     -1742359.000000
744     -1742521.500000
745     -1742680.000000
746     -1742840.375000
747     -1742998.000000
748     -1743155.250000
749     -1743310.250000
750     -1743465.750000
751     -1743620.250000
752     -1743773.125000
753     -1743926.000000
754     -1744076.250000
755     -1744227.625000
756     -1744379.000000
757     -1744527.750000
758     -1744674.500000
759     -1744822.000000
760     -1744968.750000
761     -1745113.500000
762     -1745258.000000
763     -1745401.250000
764     -1745545.500000
765     -1745687.375000
766     -1745829.000000
767     -1745969.500000
768     -1746110.250000
769     -1746249.125000
770     -1746388.000000
771     -1746525.125000
772     -1746663.750000
773     -1746799.375000
774     -1746935.500000
775     -1747070.500000
776     -1747203.750000
777     -1747337.750000
778     -1747470.750000
779     -1747602.750000
780     -1747734.750000
781     -1747865.000000
782     -1747994.750000
783     -1748124.750000
784     -1748251.500000
785     -1748379.750000
786     -1748506.750000
787     -1748633.500000
788     -1748760.250000
789     -1748884.000000
790     -1749009.000000
791     -1749133.000000
792     -1749253.750000
793     -1749377.000000
794     -1749497.875000
795     -1749617.875000
796     -1749739.500000
797     -1749859.000000
798     -1749978.125000
799     -1750095.250000
800     -1750212.875000
801     -1750329.125000
802     -1750445.000000
803     -1750561.875000
804     -1750676.750000
805     -1750791.125000
806     -1750905.000000
807     -1751017.375000
808     -1751129.750000
809     -1751242.750000
810     -1751352.750000
811     -1751465.000000
812     -1751574.500000
813     -1751685.875000
814     -1751793.750000
815     -1751902.375000
816     -1752010.250000
817     -1752118.250000
818     -1752224.250000
819     -1752330.750000
820     -1752435.750000
821     -1752541.500000
822     -1752645.625000
823     -1752748.375000
824     -1752852.125000
825     -1752954.625000
826     -1753057.500000
827     -1753159.750000
828     -1753260.375000
829     -1753361.750000
830     -1753462.000000
831     -1753561.875000
832     -1753659.500000
833     -1753759.500000
834     -1753858.250000
835     -1753955.500000
836     -1754051.750000
837     -1754149.250000
838     -1754245.250000
839     -1754340.500000
840     -1754435.500000
841     -1754529.625000
842     -1754623.625000
843     -1754716.500000
844     -1754810.500000
845     -1754902.500000
846     -1754993.250000
847     -1755085.625000
848     -1755176.500000
849     -1755268.000000
850     -1755357.500000
851     -1755447.250000
852     -1755537.000000
853     -1755626.000000
854     -1755714.750000
855     -1755802.125000
856     -1755889.750000
857     -1755977.500000
858     -1756063.625000
859     -1756149.750000
860     -1756236.250000
861     -1756322.250000
862     -1756406.875000
863     -1756491.625000
864     -1756576.500000
865     -1756660.875000
866     -1756745.000000
867     -1756826.750000
868     -1756911.000000
869     -1756993.500000
870     -1757076.375000
871     -1757158.250000
872     -1757240.250000
873     -1757321.250000
874     -1757402.250000
875     -1757483.125000
876     -1757563.500000
877     -1757643.625000
878     -1757722.500000
879     -1757802.250000
880     -1757881.500000
881     -1757959.250000
882     -1758037.000000
883     -1758114.250000
884     -1758192.000000
885     -1758270.250000
886     -1758346.000000
887     -1758423.250000
888     -1758498.375000
889     -1758573.750000
890     -1758648.375000
891     -1758724.250000
892     -1758797.875000
893     -1758873.375000
894     -1758946.000000
895     -1759020.000000
896     -1759094.000000
897     -1759166.500000
898     -1759238.750000
899     -1759312.750000
900     -1759383.750000
901     -1759456.000000
902     -1759528.500000
903     -1759600.250000
904     -1759671.125000
905     -1759741.375000
906     -1759811.375000
907     -1759881.250000
908     -1759951.500000
909     -1760019.750000
910     -1760089.500000
911     -1760158.500000
912     -1760225.750000
913     -1760294.000000
914     -1760361.375000
915     -1760428.500000
916     -1760496.375000
917     -1760563.500000
918     -1760631.000000
919     -1760696.250000
920     -1760762.625000
921     -1760828.500000
922     -1760894.250000
923     -1760960.000000
924     -1761025.375000
925     -1761090.750000
926     -1761154.375000
927     -1761219.875000
928     -1761283.750000
929     -1761348.000000
930     -1761412.000000
931     -1761474.125000
932     -1761537.750000
933     -1761601.250000
934     -1761663.250000
935     -1761726.000000
936     -1761787.750000
937     -1761849.500000
938     -1761911.500000
939     -1761972.750000
940     -1762034.250000
941     -1762094.000000
942     -1762155.500000
943     -1762216.000000
944     -1762275.625000
945     -1762335.750000
946     -1762395.500000
947     -1762454.750000
948     -1762515.250000
949     -1762574.750000
950     -1762634.000000
951     -1762691.875000
952     -1762750.250000
953     -1762809.500000
954     -1762867.125000
955     -1762925.750000
956     -1762983.875000
957     -1763041.875000
958     -1763099.875000
959     -1763156.750000
960     -1763213.250000
961     -1763270.250000
962     -1763326.250000
963     -1763383.750000
964     -1763439.250000
965     -1763495.500000
966     -1763551.000000
967     -1763606.250000
968     -1763662.250000
969     -1763717.875000
970     -1763772.625000
971     -1763827.250000
972     -1763882.250000
973     -1763936.500000
974     -1763990.875000
975     -1764045.250000
976     -1764098.250000
977     -1764152.375000
978     -1764206.250000
979     -1764259.500000
980     -1764313.000000
981     -1764366.000000
982     -1764419.250000
983     -1764471.750000
984     -1764523.500000
985     -1764575.125000
986     -1764627.375000
987     -1764679.875000
988     -1764731.750000
989     -1764782.000000
990     -1764832.500000
991     -1764884.500000
992     -1764935.000000
993     -1764986.000000
994     -1765036.500000
995     -1765086.875000
996     -1765137.500000
997     -1765187.750000
998     -1765237.625000
999     -1765286.875000
1000    -1765336.875000
1001    -1765386.250000
1002    -1765435.500000
1003    -1765484.875000
1004    -1765534.750000
1005    -1765583.625000
1006    -1765632.500000
1007    -1765680.750000
1008    -1765728.125000
1009    -1765776.500000
1010    -1765825.000000
1011    -1765872.625000
1012    -1765920.500000
1013    -1765967.250000
1014    -1766015.250000
1015    -1766062.625000
1016    -1766109.250000
1017    -1766155.750000
1018    -1766203.250000
1019    -1766250.250000
1020    -1766297.000000
1021    -1766343.875000
1022    -1766389.000000
1023    -1766435.625000
1024    -1766480.875000
1025    -1766527.000000
1026    -1766572.750000
1027    -1766618.500000
1028    -1766664.375000
1029    -1766709.125000
1030    -1766754.500000
1031    -1766798.750000
1032    -1766844.125000
1033    -1766888.000000
1034    -1766933.500000
1035    -1766977.250000
1036    -1767021.000000
1037    -1767065.750000
1038    -1767110.500000
1039    -1767153.375000
1040    -1767198.125000
1041    -1767241.000000
1042    -1767284.750000
1043    -1767328.250000
1044    -1767371.500000
1045    -1767414.000000
1046    -1767458.000000
1047    -1767500.000000
1048    -1767542.750000
1049    -1767585.000000
1050    -1767628.625000
1051    -1767669.750000
1052    -1767712.250000
1053    -1767754.500000
1054    -1767796.000000
1055    -1767838.250000
1056    -1767880.125000
1057    -1767922.125000
1058    -1767963.875000
1059    -1768005.875000
1060    -1768047.375000
1061    -1768088.500000
1062    -1768129.375000
1063    -1768169.750000
1064    -1768211.250000
1065    -1768252.500000
1066    -1768292.500000
1067    -1768333.750000
1068    -1768373.750000
1069    -1768414.750000
1070    -1768454.500000
1071    -1768495.000000
1072    -1768534.875000
1073    -1768574.500000
1074    -1768614.750000
1075    -1768655.125000
1076    -1768694.500000
1077    -1768733.750000
1078    -1768772.375000
1079    -1768812.250000
1080    -1768850.750000
1081    -1768891.125000
1082    -1768930.000000
1083    -1768969.750000
1084    -1769007.750000
1085    -1769047.000000
1086    -1769085.750000
1087    -1769123.750000
1088    -1769162.500000
1089    -1769201.000000
1090    -1769239.250000
1091    -1769277.750000
1092    -1769316.250000
1093    -1769353.625000
1094    -1769392.250000
1095    -1769430.000000
1096    -1769468.375000
1097    -1769505.250000
1098    -1769542.625000
1099    -1769580.125000
1100    -1769617.750000
1101    -1769655.750000
1102    -1769692.750000
1103    -1769730.125000
1104    -1769767.250000
1105    -1769804.500000
1106    -1769841.625000
1107    -1769877.375000
1108    -1769914.875000
1109    -1769950.500000
1110    -1769987.000000
1111    -1770024.000000
1112    -1770059.500000
1113    -1770096.250000
1114    -1770132.250000
1115    -1770169.500000
1116    -1770204.750000
1117    -1770240.500000
1118    -1770275.875000
1119    -1770311.250000
1120    -1770348.000000
1121    -1770383.000000
1122    -1770418.250000
1123    -1770453.625000
1124    -1770488.875000
1125    -1770524.250000
1126    -1770559.000000
1127    -1770593.500000
1128    -1770628.875000
1129    -1770663.500000
1130    -1770698.000000
1131    -1770733.500000
1132    -1770767.500000
1133    -1770802.250000
1134    -1770836.500000
1135    -1770871.500000
1136    -1770906.000000
1137    -1770940.000000
1138    -1770973.750000
1139    -1771008.000000
1140    -1771042.125000
1141    -1771076.375000
1142    -1771109.375000
1143    -1771143.000000
1144    -1771176.500000
1145    -1771209.750000
1146    -1771243.500000
1147    -1771277.125000
1148    -1771310.125000
1149    -1771344.250000
1150    -1771377.125000
1151    -1771409.750000
1152    -1771443.125000
1153    -1771475.750000
1154    -1771508.250000
1155    -1771540.500000
1156    -1771574.750000
1157    -1771606.375000
1158    -1771639.250000
1159    -1771671.750000
1160    -1771703.625000
1161    -1771735.500000
1162    -1771767.875000
1163    -1771800.375000
1164    -1771833.000000
1165    -1771864.500000
1166    -1771897.125000
1167    -1771929.000000
1168    -1771960.250000
1169    -1771992.500000
1170    -1772024.000000
1171    -1772056.000000
1172    -1772087.750000
1173    -1772119.000000
1174    -1772150.750000
1175    -1772182.500000
1176    -1772213.250000
1177    -1772244.750000
1178    -1772276.250000
1179    -1772306.250000
1180    -1772336.875000
1181    -1772368.250000
1182    -1772399.125000
1183    -1772430.500000
1184    -1772461.000000
1185    -1772491.375000
1186    -1772521.750000
1187    -1772552.750000
1188    -1772583.000000
1189    -1772614.000000
1190    -1772643.750000
1191    -1772673.625000
1192    -1772704.000000
1193    -1772734.500000
1194    -1772764.000000
1195    -1772795.000000
1196    -1772824.250000
1197    -1772853.750000
1198    -1772883.750000
1199    -1772913.625000
1200    -1772943.250000
1201    -1772973.125000
1202    -1773002.500000
1203    -1773032.625000
1204    -1773062.250000
1205    -1773091.250000
1206    -1773120.625000
1207    -1773150.125000
1208    -1773178.875000
1209    -1773208.375000
1210    -1773237.750000
1211    -1773267.000000
1212    -1773295.625000
1213    -1773324.000000
1214    -1773353.750000
1215    -1773382.000000
1216    -1773410.250000
1217    -1773438.750000
1218    -1773468.250000
1219    -1773496.500000
1220    -1773524.500000
1221    -1773553.750000
1222    -1773582.000000
1223    -1773609.750000
1224    -1773638.000000
1225    -1773666.750000
1226    -1773694.875000
1227    -1773722.750000
1228    -1773750.500000
1229    -1773778.750000
1230    -1773807.000000
1231    -1773834.750000
1232    -1773862.250000
1233    -1773889.625000
1234    -1773918.250000
1235    -1773945.125000
1236    -1773973.500000
1237    -1774001.500000
1238    -1774028.875000
1239    -1774056.500000
1240    -1774084.250000
1241    -1774111.500000
1242    -1774139.750000
1243    -1774167.375000
1244    -1774194.500000
1245    -1774221.125000
1246    -1774248.250000
1247    -1774275.625000
1248    -1774304.625000
1249    -1774330.250000
1250    -1774358.250000
1251    -1774384.625000
1252    -1774411.750000
1253    -1774438.250000
1254    -1774465.750000
1255    -1774492.000000
1256    -1774518.875000
1257    -1774545.750000
1258    -1774572.625000
1259    -1774598.875000
1260    -1774625.500000
1261    -1774652.250000
1262    -1774678.375000
1263    -1774704.875000
1264    -1774731.750000
1265    -1774757.000000
1266    -1774784.250000
1267    -1774810.500000
1268    -1774836.500000
1269    -1774862.750000
1270    -1774888.500000
1271    -1774914.500000
1272    -1774939.750000
1273    -1774966.125000
1274    -1774992.000000
1275    -1775017.000000
1276    -1775042.875000
1277    -1775069.000000
1278    -1775094.500000
1279    -1775120.750000
1280    -1775145.375000
1281    -1775170.500000
1282    -1775195.500000
1283    -1775221.250000
1284    -1775246.500000
1285    -1775271.375000
1286    -1775296.250000
1287    -1775321.750000
1288    -1775346.375000
1289    -1775372.000000
1290    -1775396.750000
1291    -1775421.250000
1292    -1775446.750000
1293    -1775470.750000
1294    -1775496.250000
1295    -1775520.500000
1296    -1775544.875000
1297    -1775569.500000
1298    -1775593.750000
1299    -1775618.250000
1300    -1775643.250000
1301    -1775667.500000
1302    -1775692.000000
1303    -1775715.875000
1304    -1775740.750000
1305    -1775764.500000
1306    -1775789.000000
1307    -1775813.500000
1308    -1775837.000000
1309    -1775861.625000
1310    -1775884.750000
1311    -1775909.000000
1312    -1775932.750000
1313    -1775957.125000
1314    -1775980.375000
1315    -1776004.250000
1316    -1776027.250000
1317    -1776051.250000
1318    -1776075.250000
1319    -1776098.000000
1320    -1776121.875000
1321    -1776145.250000
1322    -1776168.750000
1323    -1776192.250000
1324    -1776215.125000
1325    -1776238.375000
1326    -1776262.000000
1327    -1776285.250000
1328    -1776307.375000
1329    -1776331.125000
1330    -1776353.750000
1331    -1776377.000000
1332    -1776399.625000
1333    -1776422.500000
1334    -1776445.250000
1335    -1776468.250000
1336    -1776491.000000
1337    -1776514.000000
1338    -1776535.875000
1339    -1776559.000000
1340    -1776582.000000
1341    -1776604.375000
1342    -1776626.625000
1343    -1776648.875000
1344    -1776671.750000
1345    -1776694.000000
1346    -1776716.500000
1347    -1776738.250000
1348    -1776760.500000
1349    -1776782.375000
1350    -1776805.000000
1351    -1776826.750000
1352    -1776849.250000
1353    -1776870.750000
1354    -1776893.250000
1355    -1776914.875000
1356    -1776937.125000
1357    -1776958.125000
1358    -1776980.125000
1359    -1777002.000000
1360    -1777023.125000
1361    -1777045.250000
1362    -1777066.500000
1363    -1777088.375000
1364    -1777110.500000
1365    -1777131.125000
1366    -1777152.625000
1367    -1777174.375000
1368    -1777195.750000
1369    -1777216.500000
1370    -1777238.250000
1371    -1777259.625000
1372    -1777280.500000
1373    -1777301.000000
1374    -1777322.125000
1375    -1777343.250000
1376    -1777364.500000
1377    -1777385.625000
1378    -1777406.500000
1379    -1777427.375000
1380    -1777448.000000
1381    -1777469.000000
1382    -1777490.000000
1383    -1777510.000000
1384    -1777531.125000
1385    -1777551.500000
1386    -1777572.250000
1387    -1777592.125000
1388    -1777612.750000
1389    -1777633.750000
1390    -1777653.750000
1391    -1777674.375000
1392    -1777693.750000
1393    -1777714.750000
1394    -1777734.625000
1395    -1777754.625000
1396    -1777774.625000
1397    -1777795.250000
1398    -1777815.250000
1399    -1777835.000000
1400    -1777854.500000
1401    -1777874.750000
1402    -1777894.250000
1403    -1777913.625000
1404    -1777933.750000
1405    -1777953.125000
1406    -1777973.375000
1407    -1777993.125000
1408    -1778012.500000
1409    -1778031.875000
1410    -1778051.000000
1411    -1778070.875000
1412    -1778090.250000
1413    -1778110.250000
1414    -1778128.500000
1415    -1778149.000000
1416    -1778168.500000
1417    -1778187.250000
1418    -1778205.500000
1419    -1778225.750000
1420    -1778244.500000
1421    -1778263.375000
1422    -1778282.250000
1423    -1778301.000000
1424    -1778320.875000
1425    -1778339.500000
1426    -1778358.000000
1427    -1778376.750000
1428    -1778395.125000
1429    -1778414.250000
1430    -1778433.000000
1431    -1778451.250000
1432    -1778469.125000
1433    -1778488.000000
1434    -1778506.750000
1435    -1778524.750000
1436    -1778543.625000
1437    -1778561.000000
1438    -1778579.750000
1439    -1778598.500000
1440    -1778616.000000
1441    -1778634.500000
1442    -1778652.250000
1443    -1778670.750000
1444    -1778689.000000
1445    -1778707.000000
1446    -1778724.500000
1447    -1778742.750000
1448    -1778760.875000
1449    -1778778.875000
1450    -1778797.000000
1451    -1778814.375000
1452    -1778832.750000
1453    -1778850.500000
1454    -1778868.875000
1455    -1778886.500000
1456    -1778904.125000
1457    -1778922.000000
1458    -1778939.250000
1459    -1778957.625000
1460    -1778974.500000
1461    -1778992.000000
1462    -1779009.625000
1463    -1779027.625000
1464    -1779044.750000
1465    -1779062.250000
1466    -1779079.375000
1467    -1779097.500000
1468    -1779114.625000
1469    -1779132.500000
1470    -1779149.250000
1471    -1779166.000000
1472    -1779183.750000
1473    -1779200.750000
1474    -1779218.000000
1475    -1779235.000000
1476    -1779252.750000
1477    -1779269.125000
1478    -1779286.750000
1479    -1779303.625000
1480    -1779320.625000
1481    -1779337.500000
1482    -1779354.250000
1483    -1779371.250000
1484    -1779388.250000
1485    -1779405.000000
1486    -1779422.250000
1487    -1779439.000000
1488    -1779456.125000
1489    -1779472.750000
1490    -1779489.000000
1491    -1779505.750000
1492    -1779522.750000
1493    -1779539.375000
1494    -1779556.000000
1495    -1779572.750000
1496    -1779589.250000
1497    -1779606.000000
1498    -1779622.250000
1499    -1779638.375000
1500    -1779655.250000
1501    -1779671.750000
1502    -1779687.375000
1503    -1779704.750000
1504    -1779721.250000
1505    -1779737.125000
1506    -1779753.125000
1507    -1779768.750000
1508    -1779785.500000
1509    -1779802.000000
1510    -1779818.250000
1511    -1779833.625000
1512    -1779850.250000
1513    -1779865.500000
1514    -1779882.250000
1515    -1779897.625000
1516    -1779913.500000
1517    -1779929.750000
1518    -1779946.000000
1519    -1779961.500000
1520    -1779977.250000
1521    -1779993.000000
1522    -1780009.000000
1523    -1780024.750000
