data_1
method                    1e-1            1e-2            1e-3            1e-4            1e-5            1e-6
2_neal            -2.00449e+04    -2.00449e+04    -2.00449e+04    -2.00449e+04    -2.00449e+04    -2.00449e+04
3_PyTorch         -1.96834e+04    -1.97270e+04    -1.98894e+04    -1.99128e+04    -1.99258e+04    -1.99258e+04
4_PyTorch         -1.97545e+04    -1.98123e+04    -1.99244e+04    -1.99388e+04    -1.99388e+04    -1.99388e+04
5_JAX             -1.90961e+04    -1.94511e+04    -1.96388e+04    -1.97924e+04    -1.98544e+04    -1.98544e+04
6_SciPy           -1.85825e+04    -1.91806e+04    -1.96442e+04    -1.98272e+04    -1.98777e+04    -1.99500e+04

data_2
method                    1e-1            1e-2            1e-3            1e-4            1e-5            1e-6
2_neal            -1.93618e+04    -1.93618e+04    -1.93618e+04    -1.93618e+04    -1.93618e+04    -1.93618e+04
3_PyTorch         -1.88705e+04    -1.88886e+04    -1.90549e+04    -1.90934e+04    -1.90928e+04    -1.91091e+04
4_PyTorch         -1.88735e+04    -1.89196e+04    -1.90625e+04    -1.91508e+04    -1.91508e+04    -1.91508e+04
5_JAX             -1.83368e+04    -1.87003e+04    -1.89012e+04    -1.90596e+04    -1.91310e+04    -1.91305e+04
6_SciPy           -1.75007e+04    -1.82955e+04    -1.87928e+04    -1.91048e+04    -1.91976e+04    -1.92132e+04

data_3
method                    1e-1            1e-2            1e-3            1e-4            1e-5            1e-6
2_neal            -1.99072e+04    -1.99072e+04    -1.99072e+04    -1.99072e+04    -1.99072e+04    -1.99072e+04
3_PyTorch         -1.94731e+04    -1.94944e+04    -1.95566e+04    -1.96504e+04    -1.96567e+04    -1.96699e+04
4_PyTorch         -1.94514e+04    -1.94862e+04    -1.96083e+04    -1.96184e+04    -1.96184e+04    -1.97066e+04
5_JAX             -1.88741e+04    -1.91630e+04    -1.94813e+04    -1.95466e+04    -1.95833e+04    -1.96464e+04
6_SciPy           -1.81355e+04    -1.88621e+04    -1.93667e+04    -1.95614e+04    -1.96044e+04    -1.96890e+04

data_4
method                    1e-1            1e-2            1e-3            1e-4            1e-5            1e-6
2_neal            -2.09794e+04    -2.09794e+04    -2.09794e+04    -2.09794e+04    -2.09794e+04    -2.09794e+04
3_PyTorch         -2.07447e+04    -2.07679e+04    -2.08171e+04    -2.08206e+04    -2.08206e+04    -2.08206e+04
4_PyTorch         -2.07067e+04    -2.07129e+04    -2.07811e+04    -2.08313e+04    -2.08313e+04    -2.08313e+04
5_JAX             -2.00846e+04    -2.04317e+04    -2.06055e+04    -2.08181e+04    -2.08464e+04    -2.08464e+04
6_SciPy           -1.96323e+04    -2.01876e+04    -2.05760e+04    -2.07252e+04    -2.08498e+04    -2.08498e+04

data_5
method                    1e-1            1e-2            1e-3            1e-4            1e-5            1e-6
2_neal            -1.91074e+04    -1.91074e+04    -1.91074e+04    -1.91074e+04    -1.91074e+04    -1.91074e+04
3_PyTorch         -1.88490e+04    -1.88556e+04    -1.89029e+04    -1.89261e+04    -1.89261e+04    -1.89261e+04
4_PyTorch         -1.86592e+04    -1.86952e+04    -1.88272e+04    -1.88883e+04    -1.88883e+04    -1.89294e+04
5_JAX             -1.80040e+04    -1.83645e+04    -1.87359e+04    -1.87383e+04    -1.88569e+04    -1.88687e+04
6_SciPy           -1.75155e+04    -1.81958e+04    -1.85880e+04    -1.88695e+04    -1.89404e+04    -1.89488e+04

