data_1
method                    1e-1            1e-2            1e-3            1e-4            1e-5            1e-6
2_neal            -2.84680e+05    -2.84680e+05    -2.84680e+05    -2.84680e+05    -2.84680e+05    -2.84680e+05
3_PyTorch         -2.79356e+05    -2.79978e+05    -2.80857e+05    -2.81933e+05    -2.82313e+05    -2.82543e+05
4_PyTorch         -2.79031e+05    -2.79607e+05    -2.81012e+05    -2.81868e+05    -2.82050e+05    -2.82229e+05
5_JAX             -2.68354e+05    -2.73773e+05    -2.77974e+05    -2.80737e+05    -2.81776e+05    -2.82512e+05
6_SciPy           -2.36901e+05    -2.71350e+05    -2.76694e+05    -2.79754e+05    -2.81198e+05    -2.82240e+05

data_2
method                    1e-1            1e-2            1e-3            1e-4            1e-5            1e-6
2_neal            -2.85367e+05    -2.85367e+05    -2.85367e+05    -2.85367e+05    -2.85367e+05    -2.85367e+05
3_PyTorch         -2.80011e+05    -2.80602e+05    -2.82214e+05    -2.83315e+05    -2.83463e+05    -2.83518e+05
4_PyTorch         -2.80174e+05    -2.80387e+05    -2.81784e+05    -2.83047e+05    -2.83163e+05    -2.83508e+05
5_JAX             -2.71024e+05    -2.75742e+05    -2.79246e+05    -2.81883e+05    -2.82746e+05    -2.83029e+05
6_SciPy           -2.40083e+05    -2.72952e+05    -2.78283e+05    -2.80548e+05    -2.82276e+05    -2.82925e+05

data_3
method                    1e-1            1e-2            1e-3            1e-4            1e-5            1e-6
2_neal            -2.89373e+05    -2.89373e+05    -2.89373e+05    -2.89373e+05    -2.89373e+05    -2.89373e+05
3_PyTorch         -2.83437e+05    -2.83767e+05    -2.85242e+05    -2.86160e+05    -2.86890e+05    -2.86890e+05
4_PyTorch         -2.83300e+05    -2.83880e+05    -2.85376e+05    -2.86458e+05    -2.87149e+05    -2.87434e+05
5_JAX             -2.73325e+05    -2.78022e+05    -2.82165e+05    -2.85429e+05    -2.86735e+05    -2.87073e+05
6_SciPy           -2.44839e+05    -2.75491e+05    -2.80951e+05    -2.83963e+05    -2.85359e+05    -2.86332e+05

data_4
method                    1e-1            1e-2            1e-3            1e-4            1e-5            1e-6
2_neal            -2.80176e+05    -2.80176e+05    -2.80176e+05    -2.80176e+05    -2.80176e+05    -2.80176e+05
3_PyTorch         -2.74169e+05    -2.74615e+05    -2.75861e+05    -2.77738e+05    -2.77738e+05    -2.77738e+05
4_PyTorch         -2.73500e+05    -2.73944e+05    -2.76135e+05    -2.77491e+05    -2.77618e+05    -2.77618e+05
5_JAX             -2.63747e+05    -2.68668e+05    -2.72848e+05    -2.75338e+05    -2.76790e+05    -2.76785e+05
6_SciPy           -2.33997e+05    -2.66722e+05    -2.72635e+05    -2.74278e+05    -2.75460e+05    -2.76598e+05

data_5
method                    1e-1            1e-2            1e-3            1e-4            1e-5            1e-6
2_neal            -2.76205e+05    -2.76205e+05    -2.76205e+05    -2.76205e+05    -2.76205e+05    -2.76205e+05
3_PyTorch         -2.69303e+05    -2.70048e+05    -2.71955e+05    -2.73778e+05    -2.74202e+05    -2.74202e+05
4_PyTorch         -2.70328e+05    -2.70955e+05    -2.72634e+05    -2.73903e+05    -2.74362e+05    -2.74362e+05
5_JAX             -2.61082e+05    -2.65656e+05    -2.68921e+05    -2.72242e+05    -2.73466e+05    -2.73458e+05
6_SciPy           -2.28847e+05    -2.61780e+05    -2.67904e+05    -2.70390e+05    -2.72340e+05    -2.73369e+05

