Step            Loss
--------------------
1         207.458496
2         179.007431
3         150.557251
4         122.107895
5          93.659500
6          65.211639
7          36.763809
8           8.316040
9         -20.132156
10        -48.580902
11        -77.030869
12       -105.482239
13       -133.935562
14       -162.391174
15       -190.850311
16       -219.313202
17       -247.780792
18       -276.253998
19       -304.733490
20       -333.220276
21       -361.715210
22       -390.218994
23       -418.732605
24       -447.256897
25       -475.792786
26       -504.341217
27       -532.903015
28       -561.479126
29       -590.070618
30       -618.678467
31       -647.303406
32       -675.946777
33       -704.609436
34       -733.292542
35       -761.996826
36       -790.723633
37       -819.473755
38       -848.248596
39       -877.048767
40       -905.875488
41       -934.729858
42       -963.612549
43       -992.525024
44      -1021.467834
45      -1050.442383
46      -1079.449219
47      -1108.489258
48      -1137.563599
49      -1166.672974
50      -1195.818481
51      -1225.000732
52      -1254.220581
53      -1283.478760
54      -1312.776123
55      -1342.113525
56      -1371.491699
57      -1400.911133
58      -1430.372559
59      -1459.876709
60      -1489.424438
61      -1519.015747
62      -1548.651855
63      -1578.333252
64      -1608.060425
65      -1637.833740
66      -1667.653931
67      -1697.521484
68      -1727.436768
69      -1757.400391
70      -1787.412842
71      -1817.474609
72      -1847.585693
73      -1877.747070
74      -1907.958862
75      -1938.221436
76      -1968.535278
77      -1998.900757
78      -2029.317993
79      -2059.787354
80      -2090.309326
81      -2120.884277
82      -2151.511719
83      -2182.192871
84      -2212.927490
85      -2243.715820
86      -2274.558105
87      -2305.454590
88      -2336.405273
89      -2367.410156
90      -2398.469727
91      -2429.583984
92      -2460.753174
93      -2491.977051
94      -2523.255371
95      -2554.589355
96      -2585.977783
97      -2617.421143
98      -2648.919434
99      -2680.472412
100     -2712.080566
101     -2743.742920
102     -2775.460449
103     -2807.232178
104     -2839.058105
105     -2870.938721
106     -2902.873047
107     -2934.861328
108     -2966.903320
109     -2998.998535
110     -3031.147461
111     -3063.349121
112     -3095.603516
113     -3127.910400
114     -3160.269531
115     -3192.680176
116     -3225.142822
117     -3257.656250
118     -3290.220459
119     -3322.835449
120     -3355.500244
121     -3388.214844
122     -3420.978516
123     -3453.791016
124     -3486.651855
125     -3519.561035
126     -3552.517090
127     -3585.520996
128     -3618.570312
129     -3651.666504
130     -3684.807617
131     -3717.994385
132     -3751.225098
133     -3784.499756
134     -3817.817627
135     -3851.178467
136     -3884.581543
137     -3918.025635
138     -3951.511230
139     -3985.036865
140     -4018.602295
141     -4052.207031
142     -4085.850098
143     -4119.530762
144     -4153.249023
145     -4187.003418
146     -4220.793945
147     -4254.618652
148     -4288.478516
149     -4322.372070
150     -4356.298340
151     -4390.256836
152     -4424.247070
153     -4458.267578
154     -4492.317871
155     -4526.398438
156     -4560.506836
157     -4594.642578
158     -4628.806152
159     -4662.995117
160     -4697.208984
161     -4731.448242
162     -4765.710938
163     -4799.996094
164     -4834.303223
165     -4868.632324
166     -4902.981445
167     -4937.349609
168     -4971.736328
169     -5006.140625
170     -5040.562500
171     -5075.000488
172     -5109.453125
173     -5143.920410
174     -5178.400879
175     -5212.893555
176     -5247.397949
177     -5281.913086
178     -5316.437988
179     -5350.971680
180     -5385.513184
181     -5420.061523
182     -5454.616211
183     -5489.175781
184     -5523.740234
185     -5558.307617
186     -5592.876953
187     -5627.447754
188     -5662.019531
189     -5696.590820
190     -5731.159668
191     -5765.726562
192     -5800.291016
193     -5834.843262
194     -5869.362793
195     -5903.876953
196     -5938.377930
197     -5972.853516
198     -6007.319336
199     -6041.775391
200     -6076.220703
201     -6110.654297
202     -6145.074219
203     -6179.480957
204     -6213.872070
205     -6248.246094
206     -6282.583008
207     -6316.902344
208     -6351.203125
209     -6385.483398
210     -6419.744141
211     -6453.983398
212     -6488.200195
213     -6522.393555
214     -6556.562500
215     -6590.707031
216     -6624.824219
217     -6658.865723
218     -6692.879883
219     -6726.865234
220     -6760.820312
221     -6794.745117
222     -6828.638672
223     -6862.500000
224     -6896.314941
225     -6930.094727
226     -6963.840332
227     -6997.549316
228     -7031.222656
229     -7064.857422
230     -7098.455078
231     -7132.013184
232     -7165.531250
233     -7199.008789
234     -7232.444824
235     -7265.837891
236     -7299.188477
237     -7332.494141
238     -7365.748047
239     -7398.956055
240     -7432.116699
241     -7465.230469
242     -7498.296387
243     -7531.307617
244     -7564.258789
245     -7597.144531
246     -7629.979492
247     -7662.763184
248     -7695.494141
249     -7728.172363
250     -7760.796875
251     -7793.367188
252     -7825.881836
253     -7858.340820
254     -7890.743164
255     -7923.088867
256     -7955.375977
257     -7987.604492
258     -8019.762695
259     -8051.836914
260     -8083.850586
261     -8115.802246
262     -8147.689453
263     -8179.509277
264     -8211.266602
265     -8242.958984
266     -8274.589844
267     -8306.152344
268     -8337.647461
269     -8369.046875
270     -8400.361328
271     -8431.611328
272     -8462.778320
273     -8493.875977
274     -8524.894531
275     -8555.841797
276     -8586.719727
277     -8617.527344
278     -8648.263672
279     -8678.929688
280     -8709.523438
281     -8740.045898
282     -8770.478516
283     -8800.811523
284     -8831.071289
285     -8861.257812
286     -8891.363281
287     -8921.379883
288     -8951.294922
289     -8981.128906
290     -9010.888672
291     -9040.568359
292     -9070.167969
293     -9099.691406
294     -9129.128906
295     -9158.488281
296     -9187.765625
297     -9216.939453
298     -9245.998047
299     -9274.978516
300     -9303.875000
301     -9332.686523
302     -9361.418945
303     -9390.070312
304     -9418.619141
305     -9447.076172
306     -9475.432617
307     -9503.695312
308     -9531.843750
309     -9559.874023
310     -9587.792969
311     -9615.556641
312     -9643.220703
313     -9670.789062
314     -9698.248047
315     -9725.611328
316     -9752.892578
317     -9780.088867
318     -9807.189453
319     -9834.175781
320     -9861.068359
321     -9887.861328
322     -9914.539062
323     -9941.123047
324     -9967.619141
325     -9993.983398
326     -10020.263672
327     -10046.450195
328     -10072.531250
329     -10098.511719
330     -10124.404297
331     -10150.203125
332     -10175.919922
333     -10201.542969
334     -10227.066406
335     -10252.505859
336     -10277.862305
337     -10303.124023
338     -10328.248047
339     -10353.247070
340     -10378.158203
341     -10402.964844
342     -10427.673828
343     -10452.261719
344     -10476.767578
345     -10501.166016
346     -10525.458984
347     -10549.646484
348     -10573.721680
349     -10597.663086
350     -10621.501953
351     -10645.248047
352     -10668.893555
353     -10692.432617
354     -10715.859375
355     -10739.171875
356     -10762.366211
357     -10785.469727
358     -10808.472656
359     -10831.339844
360     -10854.101562
361     -10876.756836
362     -10899.300781
363     -10921.751953
364     -10944.077148
365     -10966.287109
366     -10988.397461
367     -11010.414062
368     -11032.343750
369     -11054.188477
370     -11075.938477
371     -11097.595703
372     -11119.171875
373     -11140.656250
374     -11162.050781
375     -11183.343750
376     -11204.559570
377     -11225.683594
378     -11246.729492
379     -11267.686523
380     -11288.527344
381     -11309.269531
382     -11329.857422
383     -11350.291992
384     -11370.611328
385     -11390.810547
386     -11410.892578
387     -11430.876953
388     -11450.771484
389     -11470.592773
390     -11490.331055
391     -11509.991211
392     -11529.539062
393     -11548.975586
394     -11568.330078
395     -11587.607422
396     -11606.798828
397     -11625.876953
398     -11644.800781
399     -11663.624023
400     -11682.337891
401     -11700.859375
402     -11719.244141
403     -11737.507812
404     -11755.685547
405     -11773.793945
406     -11791.833008
407     -11809.784180
408     -11827.640625
409     -11845.410156
410     -11863.086914
411     -11880.666016
412     -11898.119141
413     -11915.442383
414     -11932.689453
415     -11949.871094
416     -11966.977539
417     -11983.927734
418     -12000.771484
419     -12017.505859
420     -12034.162109
421     -12050.732422
422     -12067.210938
423     -12083.605469
424     -12099.884766
425     -12116.007812
426     -12132.014648
427     -12147.944336
428     -12163.787109
429     -12179.535156
430     -12195.169922
431     -12210.693359
432     -12226.077148
433     -12241.385742
434     -12256.611328
435     -12271.757812
436     -12286.810547
437     -12301.720703
438     -12316.470703
439     -12331.123047
440     -12345.666992
441     -12360.110352
442     -12374.458008
443     -12388.718750
444     -12402.898438
445     -12417.002930
446     -12431.022461
447     -12444.964844
448     -12458.820312
449     -12472.617188
450     -12486.303711
451     -12499.851562
452     -12513.289062
453     -12526.648438
454     -12539.910156
455     -12553.107422
456     -12566.216797
457     -12579.244141
458     -12592.164062
459     -12604.943359
460     -12617.637695
461     -12630.250000
462     -12642.787109
463     -12655.243164
464     -12667.601562
465     -12679.892578
466     -12692.105469
467     -12704.267578
468     -12716.361328
469     -12728.384766
470     -12740.337891
471     -12752.236328
472     -12764.010742
473     -12775.707031
474     -12787.337891
475     -12798.888672
476     -12810.349609
477     -12821.748047
478     -12833.050781
479     -12844.296875
480     -12855.496094
481     -12866.630859
482     -12877.705078
483     -12888.708984
484     -12899.617188
485     -12910.447266
486     -12921.209961
487     -12931.904297
488     -12942.419922
489     -12952.835938
490     -12963.199219
491     -12973.507812
492     -12983.742188
493     -12993.888672
494     -13003.948242
495     -13013.942383
496     -13023.898438
497     -13033.791992
498     -13043.619141
499     -13053.393555
500     -13063.113281
501     -13072.783203
502     -13082.371094
503     -13091.864258
504     -13101.281250
505     -13110.638672
506     -13119.957031
507     -13129.213867
508     -13138.342773
509     -13147.406250
510     -13156.429688
511     -13165.405273
512     -13174.327148
513     -13183.201172
514     -13191.992188
515     -13200.671875
516     -13209.291016
517     -13217.822266
518     -13226.240234
519     -13234.595703
520     -13242.880859
521     -13251.088867
522     -13259.215820
523     -13267.287109
524     -13275.294922
525     -13283.252930
526     -13291.146484
527     -13298.982422
528     -13306.760742
529     -13314.464844
530     -13322.101562
531     -13329.699219
532     -13337.255859
533     -13344.773438
534     -13352.248047
535     -13359.656250
536     -13366.994141
537     -13374.294922
538     -13381.523438
539     -13388.678711
540     -13395.792969
541     -13402.855469
542     -13409.871094
543     -13416.835938
544     -13423.707031
545     -13430.489258
546     -13437.179688
547     -13443.832031
548     -13450.413086
549     -13456.930664
550     -13463.376953
551     -13469.766602
552     -13476.109375
553     -13482.380859
554     -13488.607422
555     -13494.751953
556     -13500.823242
557     -13506.841797
558     -13512.785156
559     -13518.644531
560     -13524.465820
561     -13530.189453
562     -13535.871094
563     -13541.486328
564     -13547.072266
565     -13552.626953
566     -13558.110352
567     -13563.533203
568     -13568.930664
569     -13574.286133
570     -13579.556641
571     -13584.779297
572     -13589.972656
573     -13595.120117
574     -13600.208008
575     -13605.249023
576     -13610.251953
577     -13615.195312
578     -13620.118164
579     -13625.003906
580     -13629.857422
581     -13634.648438
582     -13639.393555
583     -13644.116211
584     -13648.798828
585     -13653.437500
586     -13658.015625
587     -13662.556641
588     -13667.029297
589     -13671.466797
590     -13675.863281
591     -13680.193359
592     -13684.457031
593     -13688.666992
594     -13692.839844
595     -13696.978516
596     -13701.081055
597     -13705.165039
598     -13709.216797
599     -13713.228516
600     -13717.201172
601     -13721.130859
602     -13725.036133
603     -13728.910156
604     -13732.750000
605     -13736.542969
606     -13740.310547
607     -13744.013672
608     -13747.666016
609     -13751.291992
610     -13754.886719
611     -13758.443359
612     -13761.975586
613     -13765.450195
614     -13768.879883
615     -13772.253906
616     -13775.570312
617     -13778.854492
618     -13782.124023
619     -13785.377930
620     -13788.619141
621     -13791.833984
622     -13795.009766
623     -13798.157227
624     -13801.290039
625     -13804.412109
626     -13807.523438
627     -13810.591797
628     -13813.621094
629     -13816.607422
630     -13819.545898
631     -13822.447266
632     -13825.332031
633     -13828.207031
634     -13831.057617
635     -13833.898438
636     -13836.728516
637     -13839.535156
638     -13842.308594
639     -13845.066406
640     -13847.796875
641     -13850.498047
642     -13853.183594
643     -13855.857422
644     -13858.515625
645     -13861.164062
646     -13863.794922
647     -13866.392578
648     -13868.960938
649     -13871.496094
650     -13874.011719
651     -13876.515625
652     -13878.999023
653     -13881.454102
654     -13883.885742
655     -13886.310547
656     -13888.726562
657     -13891.136719
658     -13893.534180
659     -13895.917969
660     -13898.289062
661     -13900.628906
662     -13902.916016
663     -13905.187500
664     -13907.440430
665     -13909.678711
666     -13911.904297
667     -13914.116211
668     -13916.315430
669     -13918.474609
670     -13920.617188
671     -13922.736328
672     -13924.828125
673     -13926.899414
674     -13928.940430
675     -13930.953125
676     -13932.899414
677     -13934.829102
678     -13936.748047
679     -13938.642578
680     -13940.516602
681     -13942.375000
682     -13944.218750
683     -13946.039062
684     -13947.840820
685     -13949.613281
686     -13951.378906
687     -13953.124023
688     -13954.860352
689     -13956.569336
690     -13958.273438
691     -13959.953125
692     -13961.605469
693     -13963.246094
694     -13964.869141
695     -13966.474609
696     -13968.070312
697     -13969.643555
698     -13971.199219
699     -13972.737305
700     -13974.261719
701     -13975.779297
702     -13977.290039
703     -13978.776367
704     -13980.250000
705     -13981.712891
706     -13983.164062
707     -13984.605469
708     -13986.031250
709     -13987.448242
710     -13988.861328
711     -13990.261719
712     -13991.646484
713     -13993.026367
714     -13994.402344
715     -13995.765625
716     -13997.112305
717     -13998.453125
718     -13999.779297
719     -14001.095703
720     -14002.386719
721     -14003.666992
722     -14004.943359
723     -14006.216797
724     -14007.486328
725     -14008.745117
726     -14009.998047
727     -14011.238281
728     -14012.471680
729     -14013.691406
730     -14014.900391
731     -14016.088867
732     -14017.269531
733     -14018.443359
734     -14019.611328
735     -14020.777344
736     -14021.937500
737     -14023.087891
738     -14024.231445
739     -14025.365234
740     -14026.494141
741     -14027.622070
742     -14028.743164
743     -14029.861328
744     -14030.947266
745     -14032.029297
746     -14033.104492
747     -14034.171875
748     -14035.232422
749     -14036.289062
750     -14037.340820
751     -14038.384766
752     -14039.425781
753     -14040.462891
754     -14041.492188
755     -14042.511719
756     -14043.521484
757     -14044.527344
758     -14045.526367
759     -14046.519531
760     -14047.511719
761     -14048.500000
762     -14049.480469
763     -14050.449219
764     -14051.397461
765     -14052.341797
766     -14053.272461
767     -14054.190430
768     -14055.103516
769     -14056.010742
770     -14056.912109
771     -14057.808594
772     -14058.699219
773     -14059.587891
774     -14060.474609
775     -14061.358398
776     -14062.232422
777     -14063.103516
778     -14063.968750
779     -14064.822266
780     -14065.674805
781     -14066.525391
782     -14067.373047
783     -14068.215820
784     -14069.054688
785     -14069.893555
786     -14070.728516
787     -14071.548828
788     -14072.362305
789     -14073.169922
790     -14073.972656
791     -14074.769531
792     -14075.564453
