Step            Loss
--------------------
1         107.243637
2          79.673447
3          52.099831
4          24.522648
5          -3.057640
6         -30.641640
7         -58.229744
8         -85.821861
9        -113.419083
10       -141.021362
11       -168.629333
12       -196.243683
13       -223.864380
14       -251.492645
15       -279.128876
16       -306.773956
17       -334.428589
18       -362.093750
19       -389.770508
20       -417.459656
21       -445.162292
22       -472.879395
23       -500.612305
24       -528.362061
25       -556.129761
26       -583.916626
27       -611.723511
28       -639.551941
29       -667.402893
30       -695.277832
31       -723.177246
32       -751.103149
33       -779.056030
34       -807.037231
35       -835.047852
36       -863.088989
37       -891.161865
38       -919.267334
39       -947.406555
40       -975.580200
41      -1003.789917
42      -1032.036377
43      -1060.320435
44      -1088.643311
45      -1117.005981
46      -1145.409180
47      -1173.853882
48      -1202.341309
49      -1230.871948
50      -1259.447021
51      -1288.067383
52      -1316.733643
53      -1345.447144
54      -1374.208252
55      -1403.017944
56      -1431.877075
57      -1460.786377
58      -1489.746582
59      -1518.758301
60      -1547.822510
61      -1576.939697
62      -1606.110718
63      -1635.335938
64      -1664.615967
65      -1693.951904
66      -1723.343872
67      -1752.792358
68      -1782.297974
69      -1811.861450
70      -1841.483276
71      -1871.163574
72      -1900.903320
73      -1930.702393
74      -1960.561279
75      -1990.480591
76      -2020.460938
77      -2050.501953
78      -2080.604492
79      -2110.769043
80      -2140.995117
81      -2171.283691
82      -2201.634277
83      -2232.048340
84      -2262.524658
85      -2293.063965
86      -2323.666992
87      -2354.333496
88      -2385.062988
89      -2415.856201
90      -2446.713379
91      -2477.634033
92      -2508.618164
93      -2539.666504
94      -2570.778320
95      -2601.953857
96      -2633.193115
97      -2664.496094
98      -2695.862305
99      -2727.291992
100     -2758.784912
101     -2790.341309
102     -2821.959961
103     -2853.641846
104     -2885.385986
105     -2917.192383
106     -2949.061035
107     -2980.991211
108     -3012.982910
109     -3045.035645
110     -3077.149170
111     -3109.322998
112     -3141.557373
113     -3173.851074
114     -3206.204102
115     -3238.615967
116     -3271.086182
117     -3303.614746
118     -3336.200195
119     -3368.843018
120     -3401.541992
121     -3434.297119
122     -3467.107422
123     -3499.960205
124     -3532.846680
125     -3565.786621
126     -3598.779785
127     -3631.825195
128     -3664.922363
129     -3698.070312
130     -3731.269043
131     -3764.517090
132     -3797.814209
133     -3831.159668
134     -3864.552490
135     -3897.992188
136     -3931.478027
137     -3965.008789
138     -3998.584229
139     -4032.203125
140     -4065.864746
141     -4099.568359
142     -4133.313477
143     -4167.098633
144     -4200.923828
145     -4234.786621
146     -4268.687500
147     -4302.625000
148     -4336.599609
149     -4370.608398
150     -4404.650879
151     -4438.726562
152     -4472.834961
153     -4506.974609
154     -4541.144531
155     -4575.343750
156     -4609.571289
157     -4643.827148
158     -4678.108398
159     -4712.415039
160     -4746.747070
161     -4781.102539
162     -4815.479492
163     -4849.878906
164     -4884.297852
165     -4918.737305
166     -4953.194336
167     -4987.668945
168     -5022.160156
169     -5056.666504
170     -5091.187012
171     -5125.720703
172     -5160.266602
173     -5194.823730
174     -5229.390625
175     -5263.966797
176     -5298.550781
177     -5333.139648
178     -5367.734375
179     -5402.333008
180     -5436.936035
181     -5471.541016
182     -5506.147461
183     -5540.754883
184     -5575.361816
185     -5609.965820
186     -5644.555664
187     -5679.142090
188     -5713.723633
189     -5748.299805
190     -5782.868164
191     -5817.429199
192     -5851.980469
193     -5886.521484
194     -5921.052246
195     -5955.570312
196     -5990.074707
197     -6024.564453
198     -6059.039551
199     -6093.498047
200     -6127.916504
201     -6162.299316
202     -6196.646484
203     -6230.972656
204     -6265.277832
205     -6299.560547
206     -6333.818848
207     -6368.052734
208     -6402.261230
209     -6436.443359
210     -6470.598145
211     -6504.724609
212     -6538.820312
213     -6572.886719
214     -6606.920898
215     -6640.907227
216     -6674.850586
217     -6708.759766
218     -6742.633789
219     -6776.471680
220     -6810.272461
221     -6844.036133
222     -6877.759766
223     -6911.444336
224     -6945.087891
225     -6978.690430
226     -7012.250000
227     -7045.766602
228     -7079.239258
229     -7112.666504
230     -7146.034180
231     -7179.348633
232     -7212.616699
233     -7245.835938
234     -7279.006836
235     -7312.127441
236     -7345.197754
237     -7378.216797
238     -7411.183105
239     -7444.091309
240     -7476.937500
241     -7509.728516
242     -7542.465332
243     -7575.145996
244     -7607.770508
245     -7640.337891
246     -7672.847656
247     -7705.298340
248     -7737.689453
249     -7770.022461
250     -7802.292969
251     -7834.471680
252     -7866.584961
253     -7898.637207
254     -7930.625000
255     -7962.550293
256     -7994.397461
257     -8026.168457
258     -8057.874023
259     -8089.513672
260     -8121.087402
261     -8152.593750
262     -8184.023438
263     -8215.385742
264     -8246.679688
265     -8277.902344
266     -8309.058594
267     -8340.142578
268     -8371.157227
269     -8402.100586
270     -8432.971680
271     -8463.771484
272     -8494.499023
273     -8525.153320
274     -8555.735352
275     -8586.243164
276     -8616.659180
277     -8646.988281
278     -8677.238281
279     -8707.414062
280     -8737.515625
281     -8767.539062
282     -8797.464844
283     -8827.273438
284     -8857.005859
285     -8886.661133
286     -8916.239258
287     -8945.738281
288     -8975.161133
289     -9004.504883
290     -9033.764648
291     -9062.926758
292     -9092.008789
293     -9121.012695
294     -9149.936523
295     -9178.760742
296     -9207.486328
297     -9236.126953
298     -9264.642578
299     -9293.059570
300     -9321.384766
301     -9349.597656
302     -9377.718750
303     -9405.740234
304     -9433.666016
305     -9461.511719
306     -9489.274414
307     -9516.953125
308     -9544.526367
309     -9571.976562
310     -9599.337891
311     -9626.614258
312     -9653.788086
313     -9680.873047
314     -9707.871094
315     -9734.785156
316     -9761.615234
317     -9788.361328
318     -9815.027344
319     -9841.607422
320     -9868.106445
321     -9894.520508
322     -9920.852539
323     -9947.094727
324     -9973.241211
325     -9999.294922
326     -10025.251953
327     -10051.125000
328     -10076.910156
329     -10102.592773
330     -10128.189453
331     -10153.703125
332     -10179.125977
333     -10204.447266
334     -10229.665039
335     -10254.769531
336     -10279.777344
337     -10304.640625
338     -10329.384766
339     -10354.037109
340     -10378.589844
341     -10403.046875
342     -10427.417969
343     -10451.691406
344     -10475.868164
345     -10499.960938
346     -10523.964844
347     -10547.874023
348     -10571.688477
349     -10595.400391
350     -10619.027344
351     -10642.520508
352     -10665.894531
353     -10689.175781
354     -10712.349609
355     -10735.424805
356     -10758.388672
357     -10781.209961
358     -10803.946289
359     -10826.548828
360     -10849.048828
361     -10871.460938
362     -10893.779297
363     -10915.976562
364     -10938.060547
365     -10960.050781
366     -10981.962891
367     -11003.746094
368     -11025.433594
369     -11047.009766
370     -11068.497070
371     -11089.878906
372     -11111.152344
373     -11132.285156
374     -11153.334961
375     -11174.291016
376     -11195.138672
377     -11215.894531
378     -11236.562500
379     -11257.128906
380     -11277.596680
381     -11297.966797
382     -11318.191406
383     -11338.318359
384     -11358.349609
385     -11378.285156
386     -11398.130859
387     -11417.855469
388     -11437.492188
389     -11457.050781
390     -11476.513672
391     -11495.894531
392     -11515.150391
393     -11534.279297
394     -11553.281250
395     -11572.140625
396     -11590.927734
397     -11609.632812
398     -11628.219727
399     -11646.710938
400     -11665.126953
401     -11683.380859
402     -11701.534180
403     -11719.593750
404     -11737.582031
405     -11755.500977
406     -11773.324219
407     -11791.079102
408     -11808.757812
409     -11826.337891
410     -11843.780273
411     -11861.101562
412     -11878.326172
413     -11895.443359
414     -11912.465820
415     -11929.345703
416     -11946.125000
417     -11962.822266
418     -11979.426758
419     -11995.880859
420     -12012.171875
421     -12028.374023
422     -12044.474609
423     -12060.507812
424     -12076.422852
425     -12092.236328
426     -12107.947266
427     -12123.508789
428     -12138.941406
429     -12154.239258
430     -12169.466797
431     -12184.580078
432     -12199.606445
433     -12214.527344
434     -12229.309570
435     -12243.997070
436     -12258.564453
437     -12273.046875
438     -12287.436523
439     -12301.730469
440     -12315.956055
441     -12330.089844
442     -12344.152344
443     -12358.135742
444     -12372.054688
445     -12385.893555
446     -12399.627930
447     -12413.263672
448     -12426.844727
449     -12440.359375
450     -12453.798828
451     -12467.162109
452     -12480.458984
453     -12493.671875
454     -12506.805664
455     -12519.820312
456     -12532.713867
457     -12545.529297
458     -12558.202148
459     -12570.791992
460     -12583.328125
461     -12595.788086
462     -12608.151367
463     -12620.439453
464     -12632.655273
465     -12644.789062
466     -12656.828125
467     -12668.773438
468     -12680.668945
469     -12692.511719
470     -12704.284180
471     -12715.986328
472     -12727.596680
473     -12739.103516
474     -12750.480469
475     -12761.777344
476     -12772.966797
477     -12784.090820
478     -12795.130859
479     -12806.080078
480     -12816.951172
481     -12827.757812
482     -12838.492188
483     -12849.172852
484     -12859.761719
485     -12870.279297
486     -12880.702148
487     -12891.032227
488     -12901.290039
489     -12911.469727
490     -12921.566406
491     -12931.592773
492     -12941.568359
493     -12951.496094
494     -12961.349609
495     -12971.126953
496     -12980.819336
497     -12990.416992
498     -12999.897461
499     -13009.329102
500     -13018.672852
501     -13027.906250
502     -13037.069336
503     -13046.146484
504     -13055.166016
505     -13064.138672
506     -13073.060547
507     -13081.939453
508     -13090.753906
509     -13099.498047
510     -13108.189453
511     -13116.788086
512     -13125.337891
513     -13133.816406
514     -13142.238281
515     -13150.609375
516     -13158.916016
517     -13167.131836
518     -13175.289062
519     -13183.394531
520     -13191.426758
521     -13199.371094
522     -13207.236328
523     -13215.065430
524     -13222.812500
525     -13230.498047
526     -13238.130859
527     -13245.707031
528     -13253.230469
529     -13260.714844
530     -13268.175781
531     -13275.605469
532     -13283.001953
533     -13290.335938
534     -13297.625000
535     -13304.855469
536     -13312.021484
537     -13319.110352
538     -13326.167969
539     -13333.138672
540     -13340.019531
541     -13346.859375
542     -13353.667969
543     -13360.451172
544     -13367.146484
545     -13373.790039
546     -13380.406250
547     -13386.970703
548     -13393.488281
549     -13399.933594
550     -13406.296875
551     -13412.605469
552     -13418.860352
553     -13425.028320
554     -13431.150391
555     -13437.227539
556     -13443.263672
557     -13449.248047
558     -13455.167969
559     -13461.056641
560     -13466.912109
561     -13472.681641
562     -13478.414062
563     -13484.125977
564     -13489.820312
565     -13495.462891
566     -13501.068359
567     -13506.640625
568     -13512.161133
569     -13517.658203
570     -13523.129883
571     -13528.574219
572     -13533.966797
573     -13539.324219
574     -13544.623047
575     -13549.880859
576     -13555.102539
577     -13560.291992
578     -13565.453125
579     -13570.583984
580     -13575.659180
581     -13580.701172
582     -13585.673828
583     -13590.592773
584     -13595.483398
585     -13600.328125
586     -13605.107422
587     -13609.832031
588     -13614.515625
589     -13619.183594
590     -13623.826172
591     -13628.419922
592     -13632.952148
593     -13637.417969
594     -13641.828125
595     -13646.157227
596     -13650.441406
597     -13654.660156
598     -13658.825195
599     -13662.949219
600     -13667.035156
601     -13671.094727
602     -13675.138672
603     -13679.156250
604     -13683.143555
605     -13687.086914
606     -13691.017578
607     -13694.925781
608     -13698.770508
609     -13702.589844
610     -13706.393555
611     -13710.174805
612     -13713.929688
613     -13717.660156
614     -13721.333984
615     -13724.950195
616     -13728.529297
617     -13732.093750
618     -13735.636719
619     -13739.160156
620     -13742.664062
621     -13746.142578
622     -13749.591797
623     -13753.015625
624     -13756.414062
625     -13759.787109
626     -13763.142578
627     -13766.489258
628     -13769.827148
629     -13773.126953
630     -13776.387695
631     -13779.630859
632     -13782.857422
633     -13786.073242
634     -13789.281250
635     -13792.442383
636     -13795.550781
637     -13798.624023
638     -13801.666016
639     -13804.681641
640     -13807.679688
641     -13810.648438
642     -13813.593750
643     -13816.527344
644     -13819.455078
645     -13822.358398
646     -13825.232422
647     -13828.064453
648     -13830.886719
649     -13833.693359
650     -13836.464844
651     -13839.220703
652     -13841.953125
653     -13844.671875
654     -13847.378906
655     -13850.056641
656     -13852.712891
657     -13855.339844
658     -13857.956055
659     -13860.564453
660     -13863.162109
661     -13865.725586
662     -13868.273438
663     -13870.793945
664     -13873.285156
665     -13875.770508
666     -13878.230469
667     -13880.669922
668     -13883.082031
669     -13885.480469
670     -13887.871094
671     -13890.249023
672     -13892.598633
673     -13894.914062
674     -13897.205078
675     -13899.482422
676     -13901.738281
677     -13903.987305
678     -13906.215820
679     -13908.431641
680     -13910.617188
681     -13912.765625
682     -13914.908203
683     -13917.047852
684     -13919.162109
685     -13921.248047
686     -13923.329102
687     -13925.396484
688     -13927.459961
689     -13929.513672
690     -13931.551758
691     -13933.574219
692     -13935.564453
693     -13937.538086
694     -13939.500000
695     -13941.457031
696     -13943.404297
697     -13945.343750
698     -13947.269531
699     -13949.193359
700     -13951.109375
701     -13953.009766
702     -13954.902344
703     -13956.790039
704     -13958.640625
705     -13960.466797
706     -13962.289062
707     -13964.099609
708     -13965.896484
709     -13967.671875
710     -13969.434570
711     -13971.190430
712     -13972.916016
713     -13974.621094
714     -13976.310547
715     -13977.985352
716     -13979.650391
717     -13981.302734
718     -13982.951172
719     -13984.593750
720     -13986.234375
721     -13987.869141
722     -13989.484375
723     -13991.093750
724     -13992.699219
725     -13994.296875
726     -13995.885742
727     -13997.463867
728     -13999.026367
729     -14000.575195
730     -14002.112305
731     -14003.646484
732     -14005.175781
733     -14006.695312
734     -14008.206055
735     -14009.709961
736     -14011.202148
737     -14012.673828
738     -14014.130859
739     -14015.573242
740     -14017.000000
741     -14018.415039
742     -14019.820312
743     -14021.220703
744     -14022.619141
745     -14024.011719
746     -14025.402344
747     -14026.787109
748     -14028.162109
749     -14029.533203
750     -14030.900391
751     -14032.260742
752     -14033.612305
753     -14034.945312
754     -14036.263672
755     -14037.566406
756     -14038.862305
757     -14040.156250
758     -14041.439453
759     -14042.707031
760     -14043.966797
761     -14045.216797
762     -14046.458984
763     -14047.695312
764     -14048.919922
765     -14050.140625
766     -14051.353516
767     -14052.555664
768     -14053.750000
769     -14054.936523
770     -14056.118164
771     -14057.291992
772     -14058.462891
773     -14059.628906
774     -14060.791016
775     -14061.950195
776     -14063.107422
777     -14064.259766
778     -14065.405273
779     -14066.544922
780     -14067.682617
781     -14068.814453
782     -14069.942383
783     -14071.066406
784     -14072.188477
785     -14073.301758
786     -14074.408203
787     -14075.500000
788     -14076.587891
789     -14077.662109
790     -14078.724609
791     -14079.775391
792     -14080.813477
793     -14081.841797
794     -14082.865234
795     -14083.884766
796     -14084.900391
797     -14085.900391
798     -14086.887695
799     -14087.868164
800     -14088.836914
801     -14089.802734
802     -14090.761719
803     -14091.718750
804     -14092.672852
805     -14093.623047
806     -14094.571289
807     -14095.517578
808     -14096.450195
809     -14097.375977
810     -14098.294922
811     -14099.212891
812     -14100.126953
813     -14101.037109
814     -14101.945312
815     -14102.849609
816     -14103.746094
817     -14104.634766
818     -14105.520508
819     -14106.400391
