Step            Loss
--------------------
1        2360.010986
2        1956.946411
3        1553.794434
4        1151.130859
5         748.260742
6         346.547577
7         -56.288147
8        -458.753052
9        -861.184937
10      -1262.910889
11      -1665.126221
12      -2067.609131
13      -2469.222900
14      -2871.492188
15      -3273.537109
16      -3675.743652
17      -4077.763184
18      -4479.842773
19      -4882.239258
20      -5284.402344
21      -5686.710938
22      -6088.737793
23      -6492.186523
24      -6893.703613
25      -7296.576172
26      -7699.945312
27      -8102.654297
28      -8505.258789
29      -8908.058594
30      -9311.593750
31      -9715.410156
32      -10120.104492
33      -10523.685547
34      -10928.484375
35      -11332.721680
36      -11737.855469
37      -12143.208984
38      -12548.173828
39      -12953.439453
40      -13360.664062
41      -13766.650391
42      -14174.330078
43      -14580.940430
44      -14989.222656
45      -15396.457031
46      -15804.965820
47      -16214.884766
48      -16623.773438
49      -17034.851562
50      -17444.699219
51      -17856.140625
52      -18266.904297
53      -18679.533203
54      -19092.654297
55      -19505.648438
56      -19919.548828
57      -20332.843750
58      -20748.792969
59      -21163.080078
60      -21580.486328
61      -21996.921875
62      -22414.234375
63      -22833.138672
64      -23251.876953
65      -23671.630859
66      -24090.554688
67      -24512.134766
68      -24934.550781
69      -25355.882812
70      -25779.605469
71      -26202.767578
72      -26627.435547
73      -27053.058594
74      -27479.662109
75      -27905.755859
76      -28334.279297
77      -28761.878906
78      -29191.253906
79      -29620.925781
80      -30053.134766
81      -30483.265625
82      -30916.488281
83      -31349.486328
84      -31783.710938
85      -32218.109375
86      -32654.064453
87      -33091.460938
88      -33528.320312
89      -33966.238281
90      -34404.859375
91      -34845.757812
92      -35286.859375
93      -35727.773438
94      -36170.226562
95      -36613.027344
96      -37058.265625
97      -37502.605469
98      -37948.765625
99      -38395.726562
100     -38843.539062
101     -39291.328125
102     -39740.484375
103     -40191.429688
104     -40642.597656
105     -41094.390625
106     -41545.714844
107     -42000.300781
108     -42454.339844
109     -42909.941406
110     -43365.414062
111     -43823.015625
112     -44280.835938
113     -44738.101562
114     -45198.007812
115     -45657.972656
116     -46119.843750
117     -46581.781250
118     -47044.234375
119     -47506.230469
120     -47970.031250
121     -48435.890625
122     -48902.054688
123     -49367.820312
124     -49835.628906
125     -50304.593750
126     -50772.382812
127     -51241.921875
128     -51712.042969
129     -52184.019531
130     -52654.273438
131     -53127.585938
132     -53600.312500
133     -54074.335938
134     -54547.656250
135     -55023.390625
136     -55500.386719
137     -55976.570312
138     -56452.953125
139     -56932.304688
140     -57410.882812
141     -57889.625000
142     -58370.105469
143     -58849.812500
144     -59331.812500
145     -59812.570312
146     -60295.812500
147     -60777.984375
148     -61259.667969
149     -61744.632812
150     -62228.960938
151     -62713.804688
152     -63199.734375
153     -63685.628906
154     -64172.476562
155     -64658.507812
156     -65145.347656
157     -65634.015625
158     -66122.250000
159     -66610.640625
160     -67098.906250
161     -67590.218750
162     -68079.078125
163     -68569.687500
164     -69060.335938
165     -69550.757812
166     -70042.265625
167     -70533.984375
168     -71026.601562
169     -71518.023438
170     -72010.679688
171     -72504.148438
172     -72996.093750
173     -73490.273438
174     -73981.429688
175     -74477.148438
176     -74970.750000
177     -75464.945312
178     -75959.789062
179     -76453.421875
180     -76947.968750
181     -77443.453125
182     -77937.984375
183     -78432.484375
184     -78928.109375
185     -79422.234375
186     -79916.781250
187     -80413.656250
188     -80908.515625
189     -81403.617188
190     -81899.445312
191     -82393.390625
192     -82889.312500
193     -83383.406250
194     -83878.898438
195     -84373.281250
196     -84868.726562
197     -85363.632812
198     -85858.773438
199     -86352.062500
200     -86847.656250
201     -87341.546875
202     -87835.218750
203     -88329.734375
204     -88822.867188
205     -89316.851562
206     -89808.796875
207     -90301.523438
208     -90795.085938
209     -91287.546875
210     -91778.656250
211     -92269.890625
212     -92763.093750
213     -93254.140625
214     -93745.335938
215     -94235.625000
216     -94726.718750
217     -95215.203125
218     -95705.101562
219     -96193.359375
220     -96681.453125
221     -97170.171875
222     -97659.031250
223     -98145.500000
224     -98631.953125
225     -99117.171875
226     -99603.562500
227     -100089.054688
228     -100574.265625
229     -101058.875000
230     -101541.062500
231     -102024.093750
232     -102506.296875
233     -102989.312500
234     -103470.140625
235     -103950.921875
236     -104430.546875
237     -104909.125000
238     -105387.398438
239     -105866.398438
240     -106341.953125
241     -106819.953125
242     -107295.781250
243     -107770.796875
244     -108244.703125
245     -108719.218750
246     -109191.531250
247     -109663.609375
248     -110136.335938
249     -110606.109375
250     -111075.187500
251     -111543.937500
252     -112014.117188
253     -112478.843750
254     -112947.671875
255     -113410.812500
256     -113875.546875
257     -114340.250000
258     -114803.812500
259     -115263.960938
260     -115727.148438
261     -116186.296875
262     -116644.078125
263     -117104.625000
264     -117562.125000
265     -118019.125000
266     -118474.351562
267     -118929.765625
268     -119382.281250
269     -119835.734375
270     -120287.140625
271     -120737.093750
272     -121189.500000
273     -121636.250000
274     -122083.265625
275     -122528.718750
276     -122976.406250
277     -123419.515625
278     -123861.523438
279     -124303.851562
280     -124744.921875
281     -125184.695312
282     -125624.140625
283     -126061.203125
284     -126496.046875
285     -126930.671875
286     -127365.398438
287     -127797.718750
288     -128229.984375
289     -128659.500000
290     -129089.296875
291     -129517.203125
292     -129943.976562
293     -130368.460938
294     -130793.265625
295     -131216.593750
296     -131639.265625
297     -132060.484375
298     -132478.359375
299     -132896.421875
300     -133312.843750
301     -133728.031250
302     -134143.593750
303     -134556.000000
304     -134969.031250
305     -135379.062500
306     -135788.468750
307     -136197.375000
308     -136602.687500
309     -137010.218750
310     -137414.437500
311     -137817.062500
312     -138217.640625
313     -138619.078125
314     -139018.968750
315     -139415.687500
316     -139810.687500
317     -140206.906250
318     -140598.875000
319     -140992.281250
320     -141383.218750
321     -141770.593750
322     -142160.125000
323     -142546.421875
324     -142931.312500
325     -143316.062500
326     -143697.406250
327     -144080.531250
328     -144460.437500
329     -144839.375000
330     -145216.687500
331     -145591.531250
332     -145965.875000
333     -146339.156250
334     -146711.187500
335     -147082.156250
336     -147451.250000
337     -147817.593750
338     -148184.750000
339     -148547.828125
340     -148911.687500
341     -149274.453125
342     -149634.625000
343     -149993.890625
344     -150351.343750
345     -150707.421875
346     -151063.828125
347     -151418.000000
348     -151769.593750
349     -152120.906250
350     -152469.625000
351     -152816.875000
352     -153162.421875
353     -153507.875000
354     -153851.890625
355     -154194.328125
356     -154533.656250
357     -154872.828125
358     -155211.625000
359     -155547.171875
360     -155882.593750
361     -156215.625000
362     -156546.531250
363     -156876.250000
364     -157206.609375
365     -157533.156250
366     -157860.015625
367     -158185.093750
368     -158507.968750
369     -158829.375000
370     -159149.343750
371     -159468.406250
372     -159784.718750
373     -160100.156250
374     -160415.531250
375     -160727.437500
376     -161038.812500
377     -161349.562500
378     -161658.453125
379     -161964.031250
380     -162269.687500
381     -162574.453125
382     -162878.031250
383     -163179.953125
384     -163478.875000
385     -163777.125000
386     -164074.250000
387     -164370.281250
388     -164662.609375
389     -164954.656250
390     -165244.765625
391     -165534.453125
392     -165822.265625
393     -166106.875000
394     -166391.875000
395     -166675.906250
396     -166956.078125
397     -167236.312500
398     -167515.484375
399     -167791.656250
400     -168068.312500
401     -168342.171875
402     -168614.781250
403     -168885.203125
404     -169155.046875
405     -169423.968750
406     -169689.000000
407     -169954.281250
408     -170218.937500
409     -170482.140625
410     -170740.593750
411     -171001.812500
412     -171260.000000
413     -171514.921875
414     -171769.500000
415     -172026.093750
416     -172276.437500
417     -172526.640625
418     -172774.625000
419     -173024.093750
420     -173269.187500
421     -173515.875000
422     -173758.078125
423     -174000.125000
424     -174240.906250
425     -174480.812500
426     -174719.734375
427     -174955.953125
428     -175191.015625
429     -175425.500000
430     -175657.500000
431     -175888.703125
432     -176120.390625
433     -176348.093750
434     -176573.937500
435     -176799.687500
436     -177023.687500
437     -177246.031250
438     -177467.781250
439     -177687.703125
440     -177906.843750
441     -178123.625000
442     -178339.500000
443     -178554.671875
444     -178767.437500
445     -178979.703125
446     -179189.468750
447     -179398.406250
448     -179607.593750
449     -179812.968750
450     -180017.343750
451     -180221.218750
452     -180423.343750
453     -180623.781250
454     -180824.218750
455     -181021.578125
456     -181218.968750
457     -181414.437500
458     -181608.015625
459     -181801.500000
460     -181993.687500
461     -182181.937500
462     -182369.937500
463     -182556.796875
464     -182744.734375
465     -182930.046875
466     -183113.593750
467     -183295.390625
468     -183477.062500
469     -183656.875000
470     -183835.593750
471     -184013.953125
472     -184189.609375
473     -184364.625000
474     -184538.843750
475     -184711.203125
476     -184882.359375
477     -185053.062500
478     -185221.968750
479     -185390.437500
480     -185558.328125
481     -185724.343750
482     -185888.968750
483     -186052.890625
484     -186215.781250
485     -186378.250000
486     -186537.453125
487     -186696.750000
488     -186855.968750
489     -187012.875000
490     -187169.156250
491     -187323.171875
492     -187475.578125
493     -187629.125000
494     -187780.484375
495     -187931.843750
496     -188081.000000
497     -188229.125000
498     -188376.875000
499     -188522.625000
500     -188667.718750
501     -188812.468750
502     -188953.765625
503     -189097.437500
504     -189237.500000
505     -189377.531250
506     -189515.968750
507     -189652.718750
508     -189789.656250
509     -189925.781250
510     -190060.593750
511     -190193.218750
512     -190325.937500
513     -190457.406250
514     -190589.250000
515     -190716.843750
516     -190844.906250
517     -190972.750000
518     -191098.250000
519     -191225.203125
520     -191349.156250
521     -191471.781250
522     -191594.750000
523     -191717.734375
524     -191836.703125
525     -191956.625000
526     -192075.093750
527     -192192.031250
528     -192309.000000
529     -192425.218750
530     -192538.843750
531     -192650.968750
532     -192765.000000
533     -192875.796875
534     -192986.953125
535     -193096.171875
536     -193205.312500
537     -193313.640625
538     -193420.843750
539     -193526.109375
540     -193633.281250
541     -193737.171875
542     -193841.609375
543     -193943.953125
544     -194046.906250
545     -194147.781250
546     -194248.359375
547     -194348.578125
548     -194445.906250
549     -194543.453125
550     -194640.937500
551     -194735.625000
552     -194830.000000
553     -194923.828125
554     -195017.156250
555     -195109.187500
556     -195200.718750
557     -195289.984375
558     -195380.437500
559     -195469.000000
560     -195557.281250
561     -195645.000000
562     -195729.968750
563     -195816.656250
564     -195901.093750
565     -195984.281250
566     -196068.281250
567     -196150.625000
568     -196231.562500
569     -196313.437500
570     -196393.078125
571     -196472.562500
572     -196551.281250
573     -196628.875000
574     -196706.781250
575     -196783.531250
576     -196860.390625
577     -196935.218750
578     -197009.656250
579     -197083.984375
580     -197155.984375
581     -197230.156250
582     -197302.593750
583     -197373.437500
584     -197444.562500
585     -197515.750000
586     -197585.093750
587     -197652.687500
588     -197722.078125
589     -197789.562500
590     -197856.937500
591     -197922.765625
592     -197988.750000
593     -198054.359375
594     -198118.187500
595     -198182.390625
596     -198245.000000
597     -198308.125000
598     -198370.937500
599     -198432.218750
600     -198493.109375
601     -198553.468750
602     -198613.968750
603     -198672.500000
604     -198731.359375
605     -198789.484375
606     -198847.046875
607     -198903.734375
608     -198959.593750
609     -199015.718750
610     -199070.640625
611     -199125.000000
612     -199179.609375
613     -199232.968750
614     -199285.593750
615     -199337.906250
616     -199389.718750
617     -199440.906250
618     -199492.265625
619     -199542.171875
620     -199592.328125
621     -199642.468750
622     -199690.781250
623     -199739.187500
624     -199787.875000
625     -199834.562500
626     -199882.734375
627     -199929.531250
628     -199975.125000
629     -200021.703125
630     -200066.937500
631     -200111.250000
632     -200155.515625
633     -200200.578125
634     -200242.906250
635     -200287.578125
636     -200329.593750
637     -200372.796875
638     -200415.140625
639     -200456.843750
640     -200497.906250
641     -200538.859375
642     -200579.812500
643     -200620.312500
644     -200660.187500
645     -200699.031250
646     -200738.968750
647     -200777.203125
648     -200816.000000
649     -200853.765625
650     -200891.687500
651     -200928.375000
652     -200965.656250
653     -201002.062500
654     -201038.937500
655     -201075.437500
656     -201110.828125
657     -201147.062500
658     -201182.093750
659     -201217.312500
660     -201251.859375
661     -201286.421875
662     -201320.812500
663     -201354.531250
664     -201387.953125
665     -201421.218750
666     -201454.109375
667     -201486.500000
668     -201519.125000
669     -201550.843750
670     -201582.843750
671     -201614.375000
672     -201646.296875
673     -201676.718750
674     -201708.046875
675     -201737.953125
676     -201768.500000
677     -201798.156250
678     -201827.406250
679     -201857.468750
680     -201885.968750
681     -201914.875000
682     -201943.562500
683     -201972.421875
684     -202000.062500
685     -202028.437500
686     -202055.906250
687     -202083.906250
688     -202110.296875
689     -202138.046875
690     -202164.250000
691     -202190.687500
692     -202216.687500
693     -202242.671875
694     -202268.312500
695     -202293.906250
696     -202319.046875
697     -202344.375000
698     -202369.593750
699     -202394.156250
700     -202418.765625
701     -202443.031250
702     -202466.906250
703     -202490.750000
704     -202514.656250
705     -202538.187500
706     -202561.531250
707     -202584.968750
708     -202608.171875
709     -202630.968750
710     -202653.468750
711     -202676.156250
712     -202698.453125
713     -202720.703125
714     -202742.875000
715     -202764.406250
716     -202785.828125
717     -202807.953125
718     -202829.187500
719     -202850.250000
720     -202871.437500
721     -202892.156250
722     -202912.578125
723     -202933.656250
724     -202953.593750
725     -202973.921875
726     -202993.921875
727     -203013.906250
728     -203033.750000
729     -203053.656250
730     -203072.906250
731     -203092.156250
732     -203111.531250
733     -203131.125000
734     -203149.750000
735     -203169.000000
736     -203187.562500
737     -203206.343750
738     -203224.796875
739     -203243.031250
740     -203261.234375
741     -203279.156250
742     -203296.687500
743     -203314.203125
744     -203331.718750
745     -203348.734375
746     -203365.687500
747     -203382.609375
748     -203399.593750
749     -203415.843750
750     -203433.031250
751     -203449.265625
752     -203465.953125
753     -203481.906250
754     -203498.281250
755     -203513.937500
756     -203529.468750
757     -203545.062500
758     -203560.718750
759     -203575.937500
760     -203591.437500
761     -203606.718750
762     -203621.734375
763     -203636.656250
764     -203651.687500
765     -203666.328125
766     -203681.125000
767     -203695.718750
768     -203709.921875
769     -203724.906250
770     -203738.859375
771     -203753.250000
772     -203766.937500
773     -203781.031250
774     -203794.828125
775     -203808.828125
776     -203822.406250
777     -203836.062500
778     -203849.500000
779     -203863.156250
780     -203876.015625
781     -203889.437500
782     -203902.531250
783     -203915.546875
784     -203928.343750
785     -203941.375000
786     -203954.218750
787     -203967.062500
788     -203979.406250
789     -203992.250000
790     -204004.468750
791     -204017.093750
792     -204029.203125
793     -204041.703125
794     -204053.500000
795     -204065.656250
796     -204077.843750
797     -204089.218750
798     -204101.500000
799     -204113.062500
800     -204124.718750
801     -204136.875000
802     -204148.546875
803     -204159.875000
804     -204171.484375
805     -204182.953125
806     -204194.187500
807     -204205.562500
808     -204216.625000
809     -204228.093750
810     -204239.078125
811     -204250.328125
812     -204261.187500
813     -204272.187500
814     -204283.281250
815     -204294.156250
816     -204304.843750
817     -204315.640625
818     -204326.437500
819     -204336.593750
820     -204347.500000
821     -204357.531250
822     -204368.281250
823     -204378.515625
824     -204388.828125
825     -204399.171875
826     -204409.062500
827     -204419.046875
828     -204429.000000
829     -204439.031250
830     -204448.734375
831     -204458.671875
832     -204468.000000
833     -204477.781250
834     -204487.531250
835     -204496.687500
836     -204506.343750
837     -204516.093750
838     -204525.421875
839     -204534.718750
840     -204544.000000
841     -204553.375000
842     -204562.546875
843     -204571.812500
844     -204580.953125
845     -204590.093750
846     -204598.812500
847     -204608.031250
848     -204617.156250
849     -204626.093750
850     -204634.671875
851     -204643.546875
852     -204652.281250
853     -204660.968750
854     -204669.718750
855     -204678.218750
856     -204687.031250
857     -204695.500000
858     -204703.875000
859     -204712.203125
860     -204720.593750
861     -204729.062500
862     -204737.281250
863     -204745.312500
864     -204753.656250
865     -204761.906250
866     -204769.703125
867     -204778.125000
868     -204786.109375
869     -204794.250000
870     -204802.031250
871     -204810.000000
872     -204817.937500
873     -204825.578125
874     -204833.578125
875     -204841.156250
876     -204848.765625
877     -204856.812500
878     -204864.296875
879     -204872.015625
880     -204879.609375
881     -204887.218750
882     -204894.578125
883     -204902.031250
884     -204909.593750
885     -204916.968750
886     -204924.656250
887     -204931.937500
888     -204939.296875
889     -204946.593750
890     -204953.875000
891     -204961.093750
892     -204968.250000
893     -204975.531250
894     -204982.671875
895     -204989.875000
896     -204996.937500
897     -205004.000000
898     -205011.281250
899     -205018.390625
900     -205025.109375
901     -205032.125000
902     -205038.718750
903     -205045.859375
904     -205052.656250
905     -205059.250000
906     -205066.171875
907     -205073.093750
908     -205079.750000
909     -205086.406250
910     -205093.046875
911     -205099.500000
912     -205106.218750
913     -205112.703125
914     -205119.312500
915     -205125.750000
916     -205132.093750
917     -205138.437500
918     -205144.921875
919     -205151.406250
920     -205157.718750
921     -205164.031250
922     -205170.203125
923     -205176.250000
924     -205182.468750
925     -205188.890625
926     -205195.187500
927     -205200.953125
928     -205207.187500
929     -205213.281250
930     -205219.062500
931     -205225.203125
932     -205231.250000
933     -205237.125000
934     -205243.078125
935     -205248.781250
936     -205254.640625
937     -205260.375000
938     -205266.078125
939     -205271.781250
940     -205277.531250
941     -205283.156250
942     -205288.828125
943     -205294.375000
944     -205300.078125
945     -205305.562500
946     -205311.078125
947     -205316.718750
948     -205322.125000
949     -205327.437500
950     -205332.984375
951     -205338.359375
952     -205343.781250
953     -205349.359375
954     -205354.484375
955     -205359.968750
956     -205365.250000
957     -205370.531250
958     -205375.656250
959     -205380.890625
960     -205386.109375
961     -205391.250000
962     -205396.546875
963     -205401.453125
964     -205406.718750
965     -205411.953125
966     -205417.031250
967     -205422.062500
968     -205426.937500
969     -205431.968750
970     -205437.000000
971     -205441.968750
972     -205447.046875
973     -205451.750000
974     -205456.812500
975     -205461.687500
976     -205466.375000
977     -205471.250000
978     -205476.093750
979     -205480.765625
980     -205485.531250
981     -205490.140625
982     -205495.125000
983     -205499.656250
984     -205504.312500
985     -205509.156250
986     -205513.687500
987     -205518.437500
988     -205522.921875
989     -205527.812500
990     -205532.156250
991     -205536.734375
992     -205541.281250
993     -205545.843750
994     -205550.281250
995     -205554.687500
996     -205559.281250
997     -205563.406250
998     -205568.031250
999     -205572.312500
1000    -205576.750000
1001    -205581.171875
1002    -205585.406250
1003    -205589.921875
1004    -205594.281250
1005    -205598.531250
1006    -205602.625000
1007    -205606.875000
1008    -205611.062500
1009    -205615.437500
1010    -205619.578125
1011    -205623.953125
1012    -205628.375000
1013    -205632.234375
1014    -205636.437500
1015    -205640.500000
1016    -205644.609375
1017    -205648.640625
1018    -205652.500000
1019    -205656.687500
1020    -205661.000000
1021    -205664.796875
1022    -205668.843750
1023    -205672.859375
1024    -205676.937500
1025    -205680.765625
1026    -205684.625000
1027    -205688.437500
1028    -205692.375000
1029    -205696.406250
1030    -205700.093750
1031    -205703.843750
1032    -205707.625000
1033    -205711.468750
1034    -205715.484375
1035    -205719.281250
1036    -205722.906250
1037    -205726.468750
1038    -205730.281250
1039    -205733.953125
1040    -205737.656250
1041    -205741.531250
1042    -205745.000000
1043    -205748.656250
1044    -205752.171875
1045    -205755.875000
1046    -205759.468750
1047    -205763.000000
1048    -205766.578125
1049    -205770.328125
1050    -205773.843750
1051    -205777.390625
1052    -205781.000000
1053    -205784.437500
1054    -205787.968750
1055    -205791.390625
1056    -205794.843750
1057    -205798.312500
1058    -205801.625000
1059    -205805.250000
1060    -205808.375000
1061    -205812.015625
1062    -205815.250000
1063    -205818.578125
1064    -205821.828125
1065    -205825.343750
1066    -205828.656250
1067    -205831.875000
1068    -205835.343750
1069    -205838.531250
1070    -205841.656250
1071    -205845.187500
1072    -205848.546875
1073    -205851.687500
1074    -205854.906250
1075    -205858.250000
1076    -205861.515625
1077    -205864.750000
1078    -205867.890625
1079    -205871.328125
1080    -205874.531250
1081    -205877.796875
1082    -205880.812500
1083    -205884.156250
1084    -205887.359375
1085    -205890.546875
1086    -205893.875000
1087    -205896.906250
1088    -205900.328125
1089    -205903.312500
1090    -205906.437500
1091    -205909.625000
1092    -205912.656250
1093    -205915.937500
1094    -205919.062500
1095    -205922.281250
1096    -205925.250000
1097    -205928.515625
1098    -205931.625000
1099    -205934.593750
1100    -205937.812500
1101    -205940.937500
1102    -205944.031250
1103    -205947.187500
1104    -205950.218750
1105    -205953.375000
1106    -205956.406250
1107    -205959.437500
1108    -205962.421875
1109    -205965.671875
1110    -205968.562500
1111    -205971.656250
1112    -205974.750000
1113    -205977.609375
1114    -205980.875000
1115    -205983.765625
1116    -205986.906250
1117    -205989.937500
1118    -205992.921875
1119    -205995.875000
1120    -205999.031250
1121    -206001.953125
1122    -206005.000000
1123    -206007.812500
1124    -206010.937500
1125    -206014.031250
1126    -206017.000000
1127    -206019.812500
1128    -206022.656250
1129    -206025.750000
1130    -206028.578125
1131    -206031.593750
1132    -206034.578125
1133    -206037.562500
1134    -206040.421875
1135    -206043.437500
1136    -206046.281250
1137    -206049.062500
1138    -206051.953125
1139    -206054.875000
1140    -206057.843750
1141    -206060.421875
1142    -206063.343750
1143    -206066.265625
1144    -206069.125000
1145    -206072.109375
1146    -206074.812500
1147    -206077.671875
1148    -206080.406250
1149    -206083.359375
1150    -206086.093750
1151    -206088.937500
1152    -206091.875000
1153    -206094.546875
1154    -206097.593750
1155    -206100.343750
1156    -206103.187500
1157    -206106.000000
1158    -206108.687500
1159    -206111.609375
1160    -206114.421875
1161    -206117.265625
1162    -206120.187500
1163    -206122.828125
1164    -206125.640625
1165    -206128.265625
1166    -206131.125000
1167    -206133.921875
1168    -206136.687500
1169    -206139.453125
1170    -206142.062500
1171    -206144.937500
1172    -206147.734375
1173    -206150.406250
1174    -206152.984375
1175    -206155.843750
1176    -206158.562500
1177    -206161.234375
1178    -206163.796875
1179    -206166.546875
1180    -206169.296875
1181    -206171.781250
1182    -206174.406250
1183    -206177.015625
1184    -206179.671875
1185    -206182.203125
1186    -206184.890625
1187    -206187.312500
1188    -206190.015625
1189    -206192.687500
1190    -206195.250000
1191    -206197.625000
1192    -206200.343750
1193    -206202.718750
1194    -206205.406250
1195    -206208.046875
1196    -206210.406250
1197    -206213.046875
1198    -206215.421875
1199    -206217.843750
1200    -206220.468750
1201    -206223.109375
1202    -206225.546875
1203    -206228.062500
1204    -206230.750000
1205    -206233.125000
1206    -206235.625000
1207    -206238.187500
1208    -206240.593750
1209    -206243.046875
1210    -206245.500000
1211    -206248.000000
1212    -206250.593750
1213    -206252.968750
1214    -206255.437500
1215    -206257.906250
1216    -206260.250000
1217    -206262.906250
1218    -206265.250000
1219    -206267.593750
1220    -206270.156250
1221    -206272.703125
1222    -206275.093750
1223    -206277.531250
1224    -206279.828125
1225    -206282.406250
1226    -206284.734375
1227    -206287.078125
1228    -206289.359375
1229    -206291.906250
1230    -206294.375000
1231    -206296.687500
1232    -206299.125000
1233    -206301.359375
1234    -206303.718750
1235    -206306.140625
1236    -206308.593750
1237    -206310.875000
1238    -206313.062500
1239    -206315.609375
1240    -206317.734375
1241    -206320.250000
1242    -206322.453125
1243    -206325.015625
1244    -206327.156250
1245    -206329.406250
1246    -206331.812500
1247    -206333.953125
1248    -206336.562500
1249    -206338.687500
1250    -206340.968750
1251    -206343.203125
1252    -206345.500000
1253    -206347.796875
1254    -206350.046875
1255    -206352.312500
1256    -206354.562500
1257    -206356.968750
1258    -206359.234375
1259    -206361.359375
1260    -206363.812500
1261    -206365.984375
1262    -206368.234375
1263    -206370.390625
1264    -206372.734375
1265    -206374.968750
1266    -206377.296875
1267    -206379.437500
1268    -206381.687500
1269    -206383.968750
1270    -206386.218750
1271    -206388.500000
1272    -206390.718750
1273    -206392.906250
1274    -206395.000000
1275    -206397.375000
1276    -206399.562500
1277    -206401.843750
1278    -206404.156250
1279    -206406.312500
1280    -206408.562500
1281    -206410.640625
1282    -206412.906250
1283    -206415.156250
1284    -206417.250000
1285    -206419.546875
1286    -206421.812500
1287    -206424.031250
1288    -206426.156250
1289    -206428.421875
1290    -206430.468750
1291    -206432.718750
1292    -206435.031250
1293    -206437.000000
1294    -206439.218750
1295    -206441.562500
1296    -206443.593750
1297    -206445.937500
1298    -206447.937500
1299    -206450.250000
1300    -206452.375000
1301    -206454.531250
1302    -206456.640625
1303    -206459.000000
1304    -206461.031250
1305    -206463.250000
1306    -206465.265625
1307    -206467.593750
1308    -206469.734375
1309    -206471.906250
1310    -206473.968750
1311    -206476.250000
1312    -206478.343750
1313    -206480.640625
1314    -206482.656250
1315    -206484.921875
1316    -206486.968750
1317    -206489.031250
1318    -206491.140625
1319    -206493.437500
1320    -206495.562500
1321    -206497.625000
1322    -206499.687500
1323    -206501.718750
1324    -206504.187500
1325    -206506.093750
1326    -206508.359375
1327    -206510.500000
1328    -206512.562500
1329    -206514.718750
1330    -206516.921875
1331    -206518.968750
1332    -206521.062500
1333    -206523.109375
1334    -206525.281250
1335    -206527.531250
1336    -206529.468750
1337    -206531.687500
1338    -206533.781250
1339    -206535.859375
1340    -206537.984375
1341    -206539.843750
1342    -206542.031250
1343    -206544.125000
1344    -206546.250000
1345    -206548.281250
1346    -206550.390625
1347    -206552.375000
1348    -206554.250000
1349    -206556.468750
1350    -206558.406250
1351    -206560.406250
1352    -206562.531250
1353    -206564.593750
1354    -206566.593750
1355    -206568.781250
1356    -206570.671875
1357    -206572.671875
1358    -206574.843750
1359    -206576.812500
1360    -206578.843750
1361    -206580.781250
1362    -206582.875000
1363    -206584.937500
1364    -206586.937500
1365    -206589.015625
1366    -206591.031250
1367    -206592.984375
1368    -206594.937500
1369    -206596.859375
1370    -206598.937500
1371    -206600.875000
1372    -206603.031250
1373    -206604.890625
1374    -206606.859375
1375    -206608.843750
1376    -206610.796875
1377    -206612.875000
1378    -206614.812500
1379    -206616.781250
1380    -206618.812500
1381    -206620.718750
1382    -206622.687500
1383    -206624.671875
1384    -206626.828125
1385    -206628.625000
1386    -206630.625000
1387    -206632.593750
1388    -206634.500000
1389    -206636.500000
1390    -206638.515625
1391    -206640.500000
1392    -206642.296875
1393    -206644.390625
1394    -206646.265625
1395    -206648.281250
1396    -206650.218750
1397    -206652.156250
1398    -206654.109375
1399    -206655.968750
1400    -206658.000000
1401    -206659.984375
1402    -206661.953125
1403    -206663.750000
1404    -206665.640625
1405    -206667.625000
1406    -206669.593750
1407    -206671.531250
1408    -206673.359375
