Step            Loss
--------------------
1        3639.365479
2        3241.208984
3        2844.441895
4        2447.252930
5        2050.218262
6        1653.004639
7        1255.143066
8         859.280151
9         462.095459
10         65.608154
11       -331.830200
12       -727.836731
13      -1125.302124
14      -1521.141357
15      -1918.439941
16      -2314.875000
17      -2711.557373
18      -3108.302246
19      -3505.426758
20      -3902.412842
21      -4299.307617
22      -4695.923828
23      -5093.567383
24      -5490.863281
25      -5888.239258
26      -6285.545410
27      -6683.593750
28      -7082.228516
29      -7479.805176
30      -7877.818359
31      -8277.220703
32      -8676.316406
33      -9075.119141
34      -9474.923828
35      -9874.130859
36      -10275.109375
37      -10674.454102
38      -11076.970703
39      -11477.863281
40      -11878.951172
41      -12280.839844
42      -12683.892578
43      -13086.610352
44      -13489.714844
45      -13893.078125
46      -14298.056641
47      -14702.822266
48      -15108.180664
49      -15514.884766
50      -15919.458008
51      -16328.504883
52      -16734.755859
53      -17143.277344
54      -17552.263672
55      -17961.984375
56      -18372.277344
57      -18781.335938
58      -19193.585938
59      -19604.316406
60      -20017.996094
61      -20430.707031
62      -20845.265625
63      -21259.339844
64      -21674.644531
65      -22090.835938
66      -22507.673828
67      -22925.851562
68      -23343.142578
69      -23762.828125
70      -24182.433594
71      -24602.910156
72      -25024.578125
73      -25446.046875
74      -25870.435547
75      -26293.400391
76      -26717.738281
77      -27142.482422
78      -27568.708984
79      -27995.951172
80      -28423.382812
81      -28853.224609
82      -29282.173828
83      -29711.937500
84      -30144.019531
85      -30575.816406
86      -31008.816406
87      -31442.191406
88      -31877.230469
89      -32312.722656
90      -32749.056641
91      -33186.109375
92      -33624.347656
93      -34062.359375
94      -34502.734375
95      -34943.117188
96      -35384.867188
97      -35827.593750
98      -36270.035156
99      -36715.035156
100     -37160.015625
101     -37605.093750
102     -38052.292969
103     -38500.246094
104     -38948.984375
105     -39398.070312
106     -39847.339844
107     -40299.429688
108     -40750.859375
109     -41204.148438
110     -41657.671875
111     -42113.179688
112     -42567.484375
113     -43023.726562
114     -43481.039062
115     -43938.773438
116     -44397.640625
117     -44856.953125
118     -45317.875000
119     -45778.195312
120     -46239.664062
121     -46702.859375
122     -47166.214844
123     -47630.316406
124     -48095.492188
125     -48560.878906
126     -49027.117188
127     -49494.917969
128     -49962.941406
129     -50431.882812
130     -50901.355469
131     -51372.218750
132     -51842.980469
133     -52314.550781
134     -52786.765625
135     -53259.929688
136     -53733.812500
137     -54207.546875
138     -54683.019531
139     -55158.195312
140     -55634.062500
141     -56111.847656
142     -56588.656250
143     -57067.453125
144     -57546.851562
145     -58026.437500
146     -58505.957031
147     -58986.500000
148     -59467.250000
149     -59948.367188
150     -60430.734375
151     -60914.109375
152     -61396.359375
153     -61880.910156
154     -62364.378906
155     -62848.851562
156     -63333.910156
157     -63819.000000
158     -64305.109375
159     -64791.406250
160     -65277.886719
161     -65764.914062
162     -66252.367188
163     -66740.546875
164     -67229.062500
165     -67718.273438
166     -68205.992188
167     -68694.343750
168     -69185.945312
169     -69675.218750
170     -70164.187500
171     -70654.867188
172     -71145.179688
173     -71635.921875
174     -72126.953125
175     -72618.859375
176     -73108.875000
177     -73600.828125
178     -74093.125000
179     -74583.453125
180     -75075.992188
181     -75568.890625
182     -76060.867188
183     -76552.367188
184     -77045.164062
185     -77537.125000
186     -78029.179688
187     -78522.281250
188     -79013.851562
189     -79506.171875
190     -79999.343750
191     -80491.867188
192     -80984.867188
193     -81475.593750
194     -81967.687500
195     -82461.562500
196     -82952.843750
197     -83443.554688
198     -83935.796875
199     -84427.453125
200     -84920.156250
201     -85409.765625
202     -85901.218750
203     -86391.578125
204     -86882.367188
205     -87372.539062
206     -87863.125000
207     -88352.796875
208     -88841.945312
209     -89330.796875
210     -89819.656250
211     -90309.328125
212     -90796.804688
213     -91285.593750
214     -91773.648438
215     -92259.726562
216     -92747.296875
217     -93233.000000
218     -93719.242188
219     -94205.960938
220     -94689.046875
221     -95174.921875
222     -95659.140625
223     -96142.578125
224     -96628.398438
225     -97109.750000
226     -97591.359375
227     -98073.273438
228     -98554.312500
229     -99035.406250
230     -99514.281250
231     -99994.937500
232     -100472.781250
233     -100950.929688
234     -101428.515625
235     -101906.796875
236     -102381.687500
237     -102857.976562
238     -103331.617188
239     -103806.921875
240     -104280.632812
241     -104753.054688
242     -105225.421875
243     -105696.757812
244     -106167.929688
245     -106636.750000
246     -107107.671875
247     -107574.671875
248     -108041.984375
249     -108509.078125
250     -108976.304688
251     -109440.468750
252     -109904.203125
253     -110366.898438
254     -110830.093750
255     -111292.257812
256     -111751.679688
257     -112212.906250
258     -112670.914062
259     -113127.796875
260     -113585.601562
261     -114042.484375
262     -114496.523438
263     -114951.312500
264     -115404.351562
265     -115856.046875
266     -116307.515625
267     -116757.359375
268     -117207.335938
269     -117654.250000
270     -118100.187500
271     -118547.140625
272     -118992.343750
273     -119437.515625
274     -119880.750000
275     -120321.984375
276     -120762.562500
277     -121201.992188
278     -121640.656250
279     -122079.562500
280     -122516.320312
281     -122951.046875
282     -123386.453125
283     -123819.062500
284     -124250.226562
285     -124681.539062
286     -125111.125000
287     -125540.507812
288     -125967.609375
289     -126394.421875
290     -126818.851562
291     -127243.750000
292     -127665.742188
293     -128087.804688
294     -128507.953125
295     -128926.718750
296     -129343.234375
297     -129760.515625
298     -130175.570312
299     -130591.234375
300     -131004.343750
301     -131415.703125
302     -131827.125000
303     -132235.781250
304     -132642.703125
305     -133050.562500
306     -133456.000000
307     -133860.437500
308     -134263.593750
309     -134664.875000
310     -135065.593750
311     -135465.250000
312     -135863.812500
313     -136260.031250
314     -136655.687500
315     -137048.500000
316     -137441.500000
317     -137834.453125
318     -138224.593750
319     -138612.093750
320     -138998.796875
321     -139386.062500
322     -139772.031250
323     -140156.468750
324     -140536.312500
325     -140917.468750
326     -141296.765625
327     -141676.187500
328     -142052.343750
329     -142427.250000
330     -142801.796875
331     -143174.093750
332     -143544.406250
333     -143915.671875
334     -144282.281250
335     -144651.687500
336     -145016.968750
337     -145381.250000
338     -145743.875000
339     -146106.375000
340     -146466.703125
341     -146825.906250
342     -147182.937500
343     -147540.468750
344     -147894.812500
345     -148249.062500
346     -148599.968750
347     -148950.375000
348     -149298.468750
349     -149646.062500
350     -149992.406250
351     -150337.218750
352     -150678.546875
353     -151019.953125
354     -151359.843750
355     -151697.875000
356     -152034.187500
357     -152369.390625
358     -152703.187500
359     -153034.953125
360     -153365.796875
361     -153695.406250
362     -154022.437500
363     -154348.937500
364     -154674.906250
365     -154998.312500
366     -155318.671875
367     -155640.250000
368     -155960.218750
369     -156277.906250
370     -156594.625000
371     -156908.437500
372     -157220.687500
373     -157533.312500
374     -157843.687500
375     -158153.500000
376     -158461.421875
377     -158766.921875
378     -159072.531250
379     -159376.062500
380     -159679.828125
381     -159980.093750
382     -160278.359375
383     -160576.312500
384     -160871.875000
385     -161165.890625
386     -161461.093750
387     -161752.093750
388     -162042.468750
389     -162332.156250
390     -162618.656250
391     -162905.765625
392     -163191.218750
393     -163474.375000
394     -163757.031250
395     -164038.500000
396     -164317.406250
397     -164595.375000
398     -164872.500000
399     -165146.625000
400     -165422.156250
401     -165695.296875
402     -165964.656250
403     -166234.656250
404     -166504.062500
405     -166769.890625
406     -167035.375000
407     -167301.312500
408     -167562.718750
409     -167823.906250
410     -168082.906250
411     -168342.375000
412     -168599.546875
413     -168855.718750
414     -169110.531250
415     -169363.812500
416     -169616.093750
417     -169865.687500
418     -170114.968750
419     -170360.578125
420     -170607.781250
421     -170851.250000
422     -171094.218750
423     -171334.890625
424     -171574.812500
425     -171813.281250
426     -172050.687500
427     -172286.656250
428     -172520.843750
429     -172752.828125
430     -172985.421875
431     -173216.718750
432     -173445.687500
433     -173672.281250
434     -173900.203125
435     -174123.812500
436     -174346.468750
437     -174569.375000
438     -174790.375000
439     -175009.406250
440     -175226.765625
441     -175443.406250
442     -175659.046875
443     -175872.281250
444     -176084.328125
445     -176294.750000
446     -176503.953125
447     -176711.359375
448     -176917.906250
449     -177122.875000
450     -177326.218750
451     -177531.406250
452     -177733.281250
453     -177935.218750
454     -178133.250000
455     -178332.031250
456     -178530.109375
457     -178727.265625
458     -178922.000000
459     -179115.906250
460     -179308.734375
461     -179499.187500
462     -179689.328125
463     -179878.890625
464     -180067.500000
465     -180253.562500
466     -180439.312500
467     -180624.500000
468     -180807.625000
469     -180988.234375
470     -181169.843750
471     -181349.968750
472     -181527.843750
473     -181705.781250
474     -181882.218750
475     -182057.390625
476     -182230.937500
477     -182404.031250
478     -182575.000000
479     -182744.781250
480     -182913.937500
481     -183081.000000
482     -183248.609375
483     -183413.281250
484     -183575.593750
485     -183738.187500
486     -183899.796875
487     -184061.484375
488     -184220.406250
489     -184379.500000
490     -184536.843750
491     -184692.250000
492     -184845.515625
493     -185000.187500
494     -185152.781250
495     -185301.656250
496     -185452.343750
497     -185600.000000
498     -185746.500000
499     -185893.468750
500     -186038.953125
501     -186182.000000
502     -186326.093750
503     -186468.281250
504     -186609.031250
505     -186749.734375
506     -186888.406250
507     -187025.515625
508     -187162.937500
509     -187299.218750
510     -187433.468750
511     -187566.281250
512     -187698.187500
513     -187829.671875
514     -187960.281250
515     -188089.062500
516     -188217.593750
517     -188345.156250
518     -188471.531250
519     -188595.875000
520     -188722.062500
521     -188845.250000
522     -188967.828125
523     -189090.500000
524     -189210.625000
525     -189331.015625
526     -189450.875000
527     -189569.437500
528     -189686.437500
529     -189802.765625
530     -189919.093750
531     -190033.843750
532     -190147.078125
533     -190258.718750
534     -190371.906250
535     -190483.109375
536     -190592.312500
537     -190701.984375
538     -190810.015625
539     -190916.562500
540     -191023.968750
541     -191129.187500
542     -191233.750000
543     -191338.703125
544     -191441.734375
545     -191545.468750
546     -191646.140625
547     -191747.437500
548     -191848.390625
549     -191947.468750
550     -192046.500000
551     -192143.750000
552     -192240.937500
553     -192337.562500
554     -192431.687500
555     -192526.250000
556     -192619.578125
557     -192710.781250
558     -192802.812500
559     -192893.718750
560     -192982.640625
561     -193072.468750
562     -193160.343750
563     -193248.140625
564     -193333.968750
565     -193419.734375
566     -193505.281250
567     -193589.593750
568     -193673.343750
569     -193756.218750
570     -193839.312500
571     -193919.843750
572     -194001.000000
573     -194081.156250
574     -194159.906250
575     -194238.500000
576     -194316.750000
577     -194393.750000
578     -194470.718750
579     -194546.968750
580     -194622.031250
581     -194698.078125
582     -194771.843750
583     -194845.843750
584     -194918.875000
585     -194990.515625
586     -195062.390625
587     -195132.812500
588     -195203.343750
589     -195273.156250
590     -195342.687500
591     -195410.875000
592     -195479.781250
593     -195545.718750
594     -195612.546875
595     -195677.906250
596     -195743.156250
597     -195807.046875
598     -195870.984375
599     -195934.953125
600     -195996.031250
601     -196057.953125
602     -196120.062500
603     -196180.312500
604     -196240.640625
605     -196300.984375
606     -196359.515625
607     -196418.750000
608     -196477.296875
609     -196533.859375
610     -196591.546875
611     -196647.140625
612     -196703.734375
613     -196759.218750
614     -196813.843750
615     -196868.578125
616     -196922.156250
617     -196976.031250
618     -197028.421875
619     -197081.281250
620     -197132.562500
621     -197184.171875
622     -197235.312500
623     -197285.312500
624     -197335.937500
625     -197384.187500
626     -197433.312500
627     -197481.625000
628     -197529.718750
629     -197577.843750
630     -197624.875000
631     -197672.250000
632     -197718.796875
633     -197764.750000
634     -197811.031250
635     -197855.828125
636     -197901.031250
637     -197945.031250
638     -197989.718750
639     -198033.250000
640     -198077.109375
641     -198120.343750
642     -198163.343750
643     -198206.000000
644     -198248.500000
645     -198290.859375
646     -198332.453125
647     -198374.687500
648     -198415.093750
649     -198455.968750
650     -198496.734375
651     -198536.968750
652     -198577.687500
653     -198617.390625
654     -198656.421875
655     -198696.062500
656     -198734.843750
657     -198773.593750
658     -198812.734375
659     -198850.281250
660     -198887.812500
661     -198925.093750
662     -198962.375000
663     -198998.656250
664     -199035.531250
665     -199071.250000
666     -199107.406250
667     -199142.875000
668     -199178.843750
669     -199213.531250
670     -199248.078125
671     -199282.812500
672     -199316.656250
673     -199350.609375
674     -199384.125000
675     -199417.812500
676     -199450.906250
677     -199484.031250
678     -199516.703125
679     -199548.546875
680     -199581.062500
681     -199612.890625
682     -199644.562500
683     -199675.968750
684     -199707.281250
685     -199737.750000
686     -199768.437500
687     -199799.406250
688     -199829.515625
689     -199859.593750
690     -199889.250000
691     -199919.125000
692     -199948.281250
693     -199977.531250
694     -200006.500000
695     -200035.281250
696     -200063.859375
697     -200092.031250
698     -200120.687500
699     -200148.125000
700     -200176.343750
701     -200204.000000
702     -200231.156250
703     -200258.218750
704     -200285.359375
705     -200311.656250
706     -200338.250000
707     -200364.656250
708     -200390.921875
709     -200416.890625
710     -200442.562500
711     -200468.250000
712     -200493.937500
713     -200519.437500
714     -200544.812500
715     -200569.703125
716     -200595.031250
717     -200619.906250
718     -200644.218750
719     -200668.890625
720     -200693.203125
721     -200717.593750
722     -200741.125000
723     -200765.187500
724     -200788.703125
725     -200812.406250
726     -200836.078125
727     -200859.328125
728     -200882.953125
729     -200905.781250
730     -200928.578125
731     -200951.312500
732     -200974.031250
733     -200996.750000
734     -201019.093750
735     -201041.375000
736     -201063.484375
737     -201085.812500
738     -201107.328125
739     -201129.421875
740     -201151.250000
741     -201172.843750
742     -201193.812500
743     -201214.906250
744     -201236.281250
745     -201257.187500
746     -201278.000000
747     -201298.406250
748     -201318.859375
749     -201339.281250
750     -201359.312500
751     -201379.656250
752     -201399.500000
753     -201419.343750
754     -201438.765625
755     -201458.500000
756     -201477.843750
757     -201497.625000
758     -201517.000000
759     -201535.984375
760     -201555.125000
761     -201573.968750
762     -201593.000000
763     -201611.781250
764     -201630.453125
765     -201649.093750
766     -201667.234375
767     -201685.921875
768     -201704.218750
769     -201722.375000
770     -201740.281250
771     -201758.062500
772     -201776.078125
773     -201793.671875
774     -201811.781250
775     -201829.000000
776     -201846.468750
777     -201863.875000
778     -201880.609375
779     -201897.937500
780     -201914.859375
781     -201931.828125
782     -201948.281250
783     -201964.734375
784     -201981.359375
785     -201997.656250
786     -202013.859375
787     -202030.125000
788     -202045.937500
789     -202062.593750
790     -202078.281250
791     -202094.281250
792     -202109.890625
793     -202125.375000
794     -202141.500000
795     -202156.906250
796     -202172.328125
797     -202187.500000
798     -202202.859375
799     -202217.921875
800     -202233.015625
801     -202247.953125
802     -202262.906250
803     -202277.906250
804     -202292.437500
805     -202307.515625
806     -202321.937500
807     -202336.890625
808     -202351.234375
809     -202365.671875
810     -202379.875000
811     -202394.500000
812     -202408.703125
813     -202422.671875
814     -202436.875000
815     -202450.781250
816     -202464.359375
817     -202478.453125
818     -202492.031250
819     -202506.125000
820     -202519.531250
821     -202533.125000
822     -202546.750000
823     -202560.453125
824     -202573.609375
825     -202586.937500
826     -202600.156250
827     -202613.375000
828     -202626.625000
829     -202639.750000
830     -202652.906250
831     -202665.781250
832     -202678.609375
833     -202691.343750
834     -202704.343750
835     -202716.765625
836     -202729.453125
837     -202742.296875
838     -202754.968750
839     -202767.546875
840     -202779.781250
841     -202792.125000
842     -202804.281250
843     -202816.687500
844     -202828.593750
845     -202840.796875
846     -202853.171875
847     -202864.781250
848     -202876.781250
849     -202888.968750
850     -202900.796875
851     -202912.453125
852     -202924.156250
853     -202935.562500
854     -202947.250000
855     -202959.015625
856     -202970.296875
857     -202981.843750
858     -202993.062500
859     -203004.640625
860     -203016.031250
861     -203027.187500
862     -203038.265625
863     -203049.671875
864     -203060.750000
865     -203071.906250
866     -203083.093750
867     -203093.843750
868     -203104.843750
869     -203115.671875
870     -203126.140625
871     -203137.234375
872     -203148.046875
873     -203158.718750
874     -203169.031250
875     -203179.750000
876     -203190.281250
877     -203200.843750
878     -203211.281250
879     -203221.718750
880     -203232.046875
881     -203242.390625
882     -203252.718750
883     -203263.078125
884     -203273.218750
885     -203283.531250
886     -203293.625000
887     -203303.718750
888     -203313.781250
889     -203323.953125
890     -203334.000000
891     -203344.187500
892     -203353.875000
893     -203363.812500
894     -203373.812500
895     -203383.765625
896     -203393.687500
897     -203403.218750
898     -203412.750000
899     -203422.937500
900     -203432.390625
901     -203441.937500
902     -203451.656250
903     -203461.250000
904     -203470.656250
905     -203479.968750
906     -203489.296875
907     -203498.812500
908     -203508.125000
909     -203517.531250
910     -203526.562500
911     -203535.718750
912     -203544.875000
913     -203554.015625
914     -203563.140625
915     -203571.968750
916     -203580.921875
917     -203589.468750
918     -203598.406250
919     -203606.765625
920     -203615.515625
921     -203624.156250
922     -203632.656250
923     -203641.234375
924     -203649.515625
925     -203658.000000
926     -203666.531250
927     -203675.109375
928     -203683.296875
929     -203691.578125
930     -203700.046875
931     -203708.125000
932     -203716.375000
933     -203724.875000
934     -203732.843750
935     -203740.843750
936     -203748.937500
937     -203757.046875
938     -203765.062500
939     -203772.625000
940     -203780.906250
941     -203788.781250
942     -203796.828125
943     -203804.703125
944     -203812.312500
945     -203820.187500
946     -203828.031250
947     -203835.796875
948     -203843.296875
949     -203851.062500
950     -203858.593750
951     -203866.296875
952     -203873.546875
953     -203881.312500
954     -203888.718750
955     -203896.265625
956     -203903.828125
957     -203911.218750
958     -203918.609375
959     -203925.968750
960     -203933.328125
961     -203940.578125
962     -203947.875000
963     -203955.156250
964     -203962.484375
965     -203969.750000
966     -203976.921875
967     -203984.031250
968     -203991.250000
969     -203998.656250
970     -204005.546875
971     -204012.406250
972     -204019.718750
973     -204026.593750
974     -204033.609375
975     -204040.421875
976     -204047.656250
977     -204054.453125
978     -204061.328125
979     -204068.312500
980     -204075.031250
981     -204081.687500
982     -204088.765625
983     -204095.406250
984     -204102.031250
985     -204108.812500
986     -204115.531250
987     -204122.375000
988     -204128.875000
989     -204135.718750
990     -204142.218750
991     -204148.843750
992     -204155.500000
993     -204162.093750
994     -204168.593750
995     -204175.218750
996     -204181.687500
997     -204188.250000
998     -204194.812500
999     -204201.109375
1000    -204207.437500
1001    -204213.937500
1002    -204220.343750
1003    -204226.812500
1004    -204233.187500
1005    -204239.468750
1006    -204245.796875
1007    -204251.953125
1008    -204258.250000
1009    -204264.500000
1010    -204270.875000
1011    -204276.875000
1012    -204283.093750
1013    -204289.468750
1014    -204295.671875
1015    -204301.656250
1016    -204308.000000
1017    -204313.921875
1018    -204320.171875
1019    -204326.406250
1020    -204332.218750
1021    -204338.437500
1022    -204344.531250
1023    -204350.718750
1024    -204356.562500
1025    -204362.562500
1026    -204368.781250
1027    -204374.718750
1028    -204380.640625
1029    -204386.406250
1030    -204392.515625
1031    -204398.406250
1032    -204404.234375
1033    -204410.031250
1034    -204415.968750
1035    -204421.625000
1036    -204427.468750
1037    -204433.234375
1038    -204438.906250
1039    -204444.812500
1040    -204450.437500
1041    -204456.218750
1042    -204461.953125
1043    -204467.625000
1044    -204473.187500
1045    -204478.625000
1046    -204484.703125
1047    -204490.031250
1048    -204495.640625
1049    -204501.187500
1050    -204506.765625
1051    -204512.437500
1052    -204517.906250
1053    -204523.500000
1054    -204528.890625
1055    -204534.500000
1056    -204540.046875
1057    -204545.562500
1058    -204550.890625
1059    -204556.406250
1060    -204561.796875
1061    -204567.265625
1062    -204572.515625
1063    -204577.937500
1064    -204583.171875
1065    -204588.562500
1066    -204593.875000
1067    -204599.203125
1068    -204604.531250
1069    -204609.734375
1070    -204615.203125
1071    -204620.468750
1072    -204625.484375
1073    -204630.687500
1074    -204635.968750
1075    -204641.078125
1076    -204646.593750
1077    -204651.296875
1078    -204656.562500
1079    -204661.812500
1080    -204666.750000
1081    -204671.671875
1082    -204677.046875
1083    -204682.015625
1084    -204687.062500
1085    -204691.968750
1086    -204697.000000
1087    -204702.109375
1088    -204707.218750
1089    -204712.078125
1090    -204717.265625
1091    -204722.000000
1092    -204726.843750
1093    -204731.500000
1094    -204736.656250
1095    -204741.515625
1096    -204746.375000
1097    -204751.109375
1098    -204755.921875
1099    -204760.687500
1100    -204765.312500
1101    -204770.234375
1102    -204775.078125
1103    -204779.593750
1104    -204784.593750
1105    -204789.406250
1106    -204793.921875
1107    -204798.406250
1108    -204803.218750
1109    -204807.953125
1110    -204812.250000
1111    -204817.031250
1112    -204821.750000
1113    -204826.218750
1114    -204831.015625
1115    -204835.437500
1116    -204839.875000
1117    -204844.531250
1118    -204849.281250
1119    -204853.484375
1120    -204858.218750
1121    -204862.687500
1122    -204867.031250
1123    -204871.640625
1124    -204875.875000
1125    -204880.406250
1126    -204884.937500
1127    -204889.375000
1128    -204893.750000
1129    -204898.156250
1130    -204902.625000
1131    -204906.921875
1132    -204911.343750
1133    -204915.656250
1134    -204920.000000
1135    -204924.265625
1136    -204928.656250
1137    -204933.125000
1138    -204937.171875
1139    -204941.750000
1140    -204945.968750
1141    -204950.281250
1142    -204954.625000
1143    -204958.734375
1144    -204963.078125
1145    -204967.187500
1146    -204971.500000
1147    -204975.687500
1148    -204979.812500
1149    -204983.937500
1150    -204988.093750
1151    -204992.250000
1152    -204996.328125
1153    -205000.312500
1154    -205004.500000
1155    -205008.468750
1156    -205012.593750
1157    -205016.796875
1158    -205020.781250
1159    -205024.843750
1160    -205028.703125
1161    -205032.515625
1162    -205036.734375
1163    -205040.781250
1164    -205044.625000
1165    -205048.593750
1166    -205052.468750
1167    -205056.484375
1168    -205060.562500
1169    -205064.500000
1170    -205068.484375
1171    -205072.312500
1172    -205076.171875
1173    -205080.015625
1174    -205083.906250
1175    -205087.687500
1176    -205091.562500
1177    -205095.312500
1178    -205099.296875
1179    -205103.093750
1180    -205106.843750
1181    -205110.781250
1182    -205114.593750
1183    -205118.375000
1184    -205122.140625
1185    -205126.093750
1186    -205129.812500
1187    -205133.625000
1188    -205137.296875
1189    -205141.140625
1190    -205144.734375
1191    -205148.531250
1192    -205152.062500
1193    -205155.937500
1194    -205159.531250
1195    -205163.250000
1196    -205166.921875
1197    -205170.593750
1198    -205174.281250
1199    -205177.953125
1200    -205181.593750
1201    -205185.093750
1202    -205188.812500
1203    -205192.437500
1204    -205195.937500
1205    -205199.625000
1206    -205203.140625
1207    -205206.656250
1208    -205210.406250
1209    -205214.000000
1210    -205217.656250
1211    -205220.968750
1212    -205224.687500
1213    -205228.031250
1214    -205231.515625
1215    -205234.750000
1216    -205238.593750
1217    -205241.781250
1218    -205245.250000
1219    -205248.750000
1220    -205251.812500
1221    -205255.390625
1222    -205258.609375
1223    -205262.171875
1224    -205265.421875
1225    -205268.812500
1226    -205272.031250
1227    -205275.406250
1228    -205278.625000
1229    -205281.921875
1230    -205285.281250
1231    -205288.468750
1232    -205291.656250
1233    -205294.875000
1234    -205298.000000
1235    -205301.109375
1236    -205304.296875
1237    -205307.531250
1238    -205310.640625
1239    -205313.859375
1240    -205317.062500
1241    -205320.093750
1242    -205323.093750
1243    -205326.250000
1244    -205329.312500
1245    -205332.468750
1246    -205335.406250
1247    -205338.531250
1248    -205341.531250
1249    -205344.593750
1250    -205347.640625
1251    -205350.656250
1252    -205353.812500
1253    -205356.718750
1254    -205359.875000
1255    -205362.781250
1256    -205365.750000
1257    -205368.718750
1258    -205371.687500
1259    -205374.656250
1260    -205377.656250
1261    -205380.453125
1262    -205383.437500
1263    -205386.375000
1264    -205389.156250
1265    -205392.093750
1266    -205394.953125
1267    -205397.734375
1268    -205400.593750
1269    -205403.671875
1270    -205406.500000
1271    -205408.968750
1272    -205411.937500
1273    -205414.859375
1274    -205417.718750
1275    -205420.375000
1276    -205423.406250
1277    -205425.984375
1278    -205428.890625
1279    -205431.531250
1280    -205434.375000
1281    -205437.078125
1282    -205439.812500
1283    -205442.687500
1284    -205445.359375
1285    -205448.031250
1286    -205450.671875
1287    -205453.531250
1288    -205456.093750
1289    -205458.750000
1290    -205461.328125
1291    -205464.093750
1292    -205466.718750
1293    -205469.265625
1294    -205472.062500
1295    -205474.812500
1296    -205477.218750
1297    -205479.843750
1298    -205482.343750
1299    -205484.906250
1300    -205487.500000
1301    -205490.109375
1302    -205492.687500
1303    -205495.250000
1304    -205497.687500
1305    -205500.234375
1306    -205502.671875
1307    -205505.328125
1308    -205507.843750
1309    -205510.437500
1310    -205512.921875
1311    -205515.468750
1312    -205517.937500
1313    -205520.515625
1314    -205522.875000
1315    -205525.343750
1316    -205527.593750
1317    -205530.062500
1318    -205532.625000
1319    -205535.125000
1320    -205537.468750
1321    -205539.750000
1322    -205542.312500
1323    -205544.671875
1324    -205547.078125
1325    -205549.546875
1326    -205551.781250
1327    -205554.187500
1328    -205556.406250
1329    -205558.781250
1330    -205560.984375
1331    -205563.468750
1332    -205565.718750
1333    -205568.000000
1334    -205570.453125
1335    -205572.609375
1336    -205574.937500
1337    -205577.218750
1338    -205579.484375
1339    -205581.718750
1340    -205584.062500
1341    -205586.375000
1342    -205588.484375
1343    -205590.859375
1344    -205593.015625
1345    -205595.187500
1346    -205597.515625
1347    -205599.765625
1348    -205601.984375
1349    -205604.187500
1350    -205606.375000
1351    -205608.546875
1352    -205610.812500
1353    -205613.031250
1354    -205615.265625
1355    -205617.468750
1356    -205619.453125
1357    -205621.718750
1358    -205623.875000
1359    -205626.156250
1360    -205628.296875
1361    -205630.437500
1362    -205632.531250
1363    -205634.812500
1364    -205636.953125
1365    -205638.984375
1366    -205641.031250
1367    -205643.250000
1368    -205645.359375
1369    -205647.375000
1370    -205649.593750
1371    -205651.625000
1372    -205653.921875
1373    -205655.843750
1374    -205658.093750
1375    -205659.953125
1376    -205661.937500
1377    -205664.156250
1378    -205666.281250
1379    -205668.359375
1380    -205670.468750
1381    -205672.281250
1382    -205674.484375
1383    -205676.390625
1384    -205678.562500
1385    -205680.562500
1386    -205682.546875
1387    -205684.718750
1388    -205686.656250
1389    -205688.562500
1390    -205690.593750
1391    -205692.562500
1392    -205694.671875
1393    -205696.531250
1394    -205698.515625
1395    -205700.531250
1396    -205702.671875
1397    -205704.500000
1398    -205706.406250
1399    -205708.546875
1400    -205710.531250
1401    -205712.437500
1402    -205714.484375
1403    -205716.437500
1404    -205718.421875
1405    -205720.140625
1406    -205722.187500
1407    -205724.062500
1408    -205726.000000
1409    -205728.031250
1410    -205729.906250
1411    -205732.000000
1412    -205733.796875
1413    -205735.703125
1414    -205737.546875
1415    -205739.625000
1416    -205741.375000
1417    -205743.375000
1418    -205745.125000
1419    -205747.234375
1420    -205749.218750
1421    -205750.984375
1422    -205752.656250
1423    -205754.593750
1424    -205756.593750
1425    -205758.343750
1426    -205760.406250
1427    -205762.062500
1428    -205764.015625
1429    -205765.906250
1430    -205767.718750
1431    -205769.609375
1432    -205771.265625
1433    -205773.203125
1434    -205774.890625
1435    -205776.718750
1436    -205778.718750
1437    -205780.531250
1438    -205782.406250
1439    -205784.093750
1440    -205785.921875
1441    -205787.531250
1442    -205789.562500
1443    -205791.312500
1444    -205792.921875
1445    -205794.906250
1446    -205796.687500
1447    -205798.375000
1448    -205800.062500
1449    -205801.968750
1450    -205803.750000
1451    -205805.718750
1452    -205807.281250
