Step            Loss
--------------------
1        2360.010986
2        1956.946411
3        1553.794434
4        1151.130859
5         748.260742
6         346.547577
7         -56.288147
8        -458.753052
9        -861.184937
10      -1262.910889
11      -1665.126221
12      -2067.609131
13      -2469.222900
14      -2871.492188
15      -3273.537109
16      -3675.743652
17      -4077.763184
18      -4479.842773
19      -4882.239258
20      -5284.402344
21      -5686.710938
22      -6088.737793
23      -6492.186523
24      -6893.703613
25      -7296.576172
26      -7699.945312
27      -8102.654297
28      -8505.258789
29      -8908.058594
30      -9311.593750
31      -9715.410156
32      -10120.104492
33      -10523.685547
34      -10928.484375
35      -11332.721680
36      -11737.855469
37      -12143.208984
38      -12548.173828
39      -12953.439453
40      -13360.664062
41      -13766.650391
42      -14174.330078
43      -14580.940430
44      -14989.222656
45      -15396.457031
46      -15804.965820
47      -16214.884766
48      -16623.773438
49      -17034.851562
50      -17444.699219
51      -17856.140625
52      -18266.904297
53      -18679.533203
54      -19092.654297
55      -19505.648438
56      -19919.548828
57      -20332.843750
58      -20748.792969
59      -21163.080078
60      -21580.486328
61      -21996.921875
62      -22414.234375
63      -22833.138672
64      -23251.876953
65      -23671.630859
66      -24090.554688
67      -24512.134766
68      -24934.550781
69      -25355.882812
70      -25779.605469
71      -26202.767578
72      -26627.435547
73      -27053.058594
74      -27479.662109
75      -27905.755859
76      -28334.279297
77      -28761.878906
78      -29191.253906
79      -29620.925781
80      -30053.134766
81      -30483.265625
82      -30916.488281
83      -31349.486328
84      -31783.710938
85      -32218.109375
86      -32654.064453
87      -33091.460938
88      -33528.320312
89      -33966.238281
90      -34404.859375
91      -34845.757812
92      -35286.859375
93      -35727.773438
94      -36170.226562
95      -36613.027344
96      -37058.265625
97      -37502.605469
98      -37948.765625
99      -38395.726562
100     -38843.539062
101     -39291.328125
102     -39740.484375
103     -40191.429688
104     -40642.597656
105     -41094.390625
106     -41545.714844
107     -42000.300781
108     -42454.339844
109     -42909.941406
110     -43365.414062
111     -43823.015625
112     -44280.835938
113     -44738.101562
114     -45198.007812
115     -45657.972656
116     -46119.843750
117     -46581.781250
118     -47044.234375
119     -47506.230469
120     -47970.031250
121     -48435.890625
122     -48902.054688
123     -49367.820312
124     -49835.628906
125     -50304.593750
126     -50772.382812
127     -51241.921875
128     -51712.042969
129     -52184.019531
130     -52654.273438
131     -53127.585938
132     -53600.312500
133     -54074.335938
134     -54547.656250
135     -55023.390625
136     -55500.386719
137     -55976.570312
138     -56452.953125
139     -56932.304688
140     -57410.882812
141     -57889.625000
142     -58370.105469
143     -58849.812500
144     -59331.812500
145     -59812.570312
146     -60295.812500
147     -60777.984375
148     -61259.667969
149     -61744.632812
150     -62228.960938
151     -62713.804688
152     -63199.734375
153     -63685.628906
154     -64172.476562
155     -64658.507812
156     -65145.347656
157     -65634.015625
158     -66122.250000
159     -66610.640625
160     -67098.906250
161     -67590.218750
162     -68079.078125
163     -68569.687500
164     -69060.335938
165     -69550.757812
166     -70042.265625
167     -70533.984375
168     -71026.601562
169     -71518.023438
170     -72010.679688
171     -72504.148438
172     -72996.093750
173     -73490.273438
174     -73981.429688
175     -74477.148438
176     -74970.750000
177     -75464.945312
178     -75959.789062
179     -76453.421875
180     -76947.968750
181     -77443.453125
182     -77937.984375
183     -78432.484375
184     -78928.109375
185     -79422.234375
186     -79916.781250
187     -80413.656250
188     -80908.515625
189     -81403.617188
190     -81899.445312
191     -82393.390625
192     -82889.312500
193     -83383.406250
194     -83878.898438
195     -84373.281250
196     -84868.726562
197     -85363.632812
198     -85858.773438
199     -86352.062500
200     -86847.656250
201     -87341.546875
202     -87835.218750
203     -88329.734375
204     -88822.867188
205     -89316.851562
206     -89808.796875
207     -90301.523438
208     -90795.085938
209     -91287.546875
210     -91778.656250
211     -92269.890625
212     -92763.093750
213     -93254.140625
214     -93745.335938
215     -94235.625000
216     -94726.718750
217     -95215.203125
218     -95705.101562
219     -96193.359375
220     -96681.453125
221     -97170.171875
222     -97659.031250
223     -98145.500000
224     -98631.953125
225     -99117.171875
226     -99603.562500
227     -100089.054688
228     -100574.265625
229     -101058.875000
230     -101541.062500
231     -102024.093750
232     -102506.296875
233     -102989.312500
234     -103470.140625
235     -103950.921875
236     -104430.546875
237     -104909.125000
238     -105387.398438
239     -105866.398438
240     -106341.953125
241     -106819.953125
242     -107295.781250
243     -107770.796875
244     -108244.703125
245     -108719.218750
246     -109191.531250
247     -109663.609375
248     -110136.335938
249     -110606.109375
250     -111075.187500
251     -111543.937500
252     -112014.117188
253     -112478.843750
254     -112947.671875
255     -113410.812500
256     -113875.546875
257     -114340.250000
258     -114803.812500
259     -115263.960938
260     -115727.148438
261     -116186.296875
262     -116644.078125
263     -117104.625000
264     -117562.125000
265     -118019.125000
266     -118474.351562
267     -118929.765625
268     -119382.281250
269     -119835.734375
270     -120287.140625
271     -120737.093750
272     -121189.500000
273     -121636.250000
274     -122083.265625
275     -122528.718750
276     -122976.406250
277     -123419.515625
278     -123861.523438
279     -124303.851562
280     -124744.921875
281     -125184.695312
282     -125624.140625
283     -126061.203125
284     -126496.046875
285     -126930.671875
286     -127365.398438
287     -127797.718750
288     -128229.984375
289     -128659.500000
290     -129089.296875
291     -129517.203125
292     -129943.976562
293     -130368.460938
294     -130793.265625
295     -131216.593750
296     -131639.265625
297     -132060.484375
298     -132478.359375
299     -132896.421875
300     -133312.843750
301     -133728.031250
302     -134143.593750
303     -134556.000000
304     -134969.031250
305     -135379.062500
306     -135788.468750
307     -136197.375000
308     -136602.687500
309     -137010.218750
310     -137414.437500
311     -137817.062500
312     -138217.640625
313     -138619.078125
314     -139018.968750
315     -139415.687500
316     -139810.687500
317     -140206.906250
318     -140598.875000
319     -140992.281250
320     -141383.218750
321     -141770.593750
322     -142160.125000
323     -142546.421875
324     -142931.312500
325     -143316.062500
326     -143697.406250
327     -144080.531250
328     -144460.437500
329     -144839.375000
330     -145216.687500
331     -145591.531250
332     -145965.875000
333     -146339.156250
334     -146711.187500
335     -147082.156250
336     -147451.250000
337     -147817.593750
338     -148184.750000
339     -148547.828125
340     -148911.687500
341     -149274.453125
342     -149634.625000
343     -149993.890625
344     -150351.343750
345     -150707.421875
346     -151063.828125
347     -151418.000000
348     -151769.593750
349     -152120.906250
350     -152469.625000
351     -152816.875000
352     -153162.421875
353     -153507.875000
354     -153851.890625
355     -154194.328125
356     -154533.656250
357     -154872.828125
358     -155211.625000
359     -155547.171875
360     -155882.593750
361     -156215.625000
362     -156546.531250
363     -156876.250000
364     -157206.609375
365     -157533.156250
366     -157860.015625
367     -158185.093750
368     -158507.968750
369     -158829.375000
370     -159149.343750
371     -159468.406250
372     -159784.718750
373     -160100.156250
374     -160415.531250
375     -160727.437500
376     -161038.812500
377     -161349.562500
378     -161658.453125
379     -161964.031250
380     -162269.687500
381     -162574.453125
382     -162878.031250
383     -163179.953125
384     -163478.875000
385     -163777.125000
386     -164074.250000
387     -164370.281250
388     -164662.609375
389     -164954.656250
390     -165244.765625
391     -165534.453125
392     -165822.265625
393     -166106.875000
394     -166391.875000
395     -166675.906250
396     -166956.078125
397     -167236.312500
398     -167515.484375
399     -167791.656250
400     -168068.312500
401     -168342.171875
402     -168614.781250
403     -168885.203125
404     -169155.046875
405     -169423.968750
406     -169689.000000
407     -169954.281250
408     -170218.937500
409     -170482.140625
410     -170740.593750
411     -171001.812500
412     -171260.000000
413     -171514.921875
414     -171769.500000
415     -172026.093750
416     -172276.437500
417     -172526.640625
418     -172774.625000
419     -173024.093750
420     -173269.187500
421     -173515.875000
422     -173758.078125
423     -174000.125000
424     -174240.906250
425     -174480.812500
426     -174719.734375
427     -174955.953125
428     -175191.015625
429     -175425.500000
430     -175657.500000
431     -175888.703125
432     -176120.390625
433     -176348.093750
434     -176573.937500
435     -176799.687500
436     -177023.687500
437     -177246.031250
438     -177467.781250
439     -177687.703125
440     -177906.843750
441     -178123.625000
442     -178339.500000
443     -178554.671875
444     -178767.437500
445     -178979.703125
446     -179189.468750
447     -179398.406250
448     -179607.593750
449     -179812.968750
450     -180017.343750
451     -180221.218750
452     -180423.343750
453     -180623.781250
454     -180824.218750
455     -181021.578125
456     -181218.968750
457     -181414.437500
458     -181608.015625
459     -181801.500000
460     -181993.687500
461     -182181.937500
462     -182369.937500
463     -182556.796875
464     -182744.734375
465     -182930.046875
466     -183113.593750
467     -183295.390625
468     -183477.062500
469     -183656.875000
470     -183835.593750
471     -184013.953125
472     -184189.609375
473     -184364.625000
474     -184538.843750
475     -184711.203125
476     -184882.359375
477     -185053.062500
478     -185221.968750
479     -185390.437500
480     -185558.328125
481     -185724.343750
482     -185888.968750
483     -186052.890625
484     -186215.781250
485     -186378.250000
486     -186537.453125
487     -186696.750000
488     -186855.968750
489     -187012.875000
490     -187169.156250
491     -187323.171875
492     -187475.578125
493     -187629.125000
494     -187780.484375
495     -187931.843750
496     -188081.000000
497     -188229.125000
498     -188376.875000
499     -188522.625000
500     -188667.718750
501     -188812.468750
502     -188953.765625
503     -189097.437500
504     -189237.500000
505     -189377.531250
506     -189515.968750
507     -189652.718750
508     -189789.656250
509     -189925.781250
510     -190060.593750
511     -190193.218750
512     -190325.937500
513     -190457.406250
514     -190589.250000
515     -190716.843750
516     -190844.906250
517     -190972.750000
518     -191098.250000
519     -191225.203125
520     -191349.156250
521     -191471.781250
522     -191594.750000
523     -191717.734375
524     -191836.703125
525     -191956.625000
526     -192075.093750
527     -192192.031250
528     -192309.000000
529     -192425.218750
530     -192538.843750
531     -192650.968750
532     -192765.000000
533     -192875.796875
534     -192986.953125
535     -193096.171875
536     -193205.312500
537     -193313.640625
538     -193420.843750
539     -193526.109375
540     -193633.281250
541     -193737.171875
542     -193841.609375
543     -193943.953125
544     -194046.906250
545     -194147.781250
546     -194248.359375
547     -194348.578125
548     -194445.906250
549     -194543.453125
550     -194640.937500
551     -194735.625000
552     -194830.000000
553     -194923.828125
554     -195017.156250
555     -195109.187500
556     -195200.718750
557     -195289.984375
558     -195380.437500
559     -195469.000000
560     -195557.281250
561     -195645.000000
562     -195729.968750
563     -195816.656250
564     -195901.093750
565     -195984.281250
566     -196068.281250
567     -196150.625000
568     -196231.562500
569     -196313.437500
570     -196393.078125
571     -196472.562500
572     -196551.281250
573     -196628.875000
574     -196706.781250
575     -196783.531250
576     -196860.390625
577     -196935.218750
578     -197009.656250
579     -197083.984375
580     -197155.984375
581     -197230.156250
582     -197302.593750
583     -197373.437500
584     -197444.562500
585     -197515.750000
586     -197585.093750
587     -197652.687500
588     -197722.078125
589     -197789.562500
590     -197856.937500
591     -197922.765625
592     -197988.750000
593     -198054.359375
594     -198118.187500
595     -198182.390625
596     -198245.000000
597     -198308.125000
598     -198370.937500
599     -198432.218750
600     -198493.109375
601     -198553.468750
602     -198613.968750
603     -198672.500000
604     -198731.359375
605     -198789.484375
606     -198847.046875
607     -198903.734375
608     -198959.593750
609     -199015.718750
610     -199070.640625
611     -199125.000000
612     -199179.609375
613     -199232.968750
614     -199285.593750
615     -199337.906250
616     -199389.718750
617     -199440.906250
618     -199492.265625
619     -199542.171875
620     -199592.328125
621     -199642.468750
622     -199690.781250
623     -199739.187500
624     -199787.875000
625     -199834.562500
626     -199882.734375
627     -199929.531250
628     -199975.125000
629     -200021.703125
630     -200066.937500
631     -200111.250000
632     -200155.515625
633     -200200.578125
634     -200242.906250
635     -200287.578125
636     -200329.593750
637     -200372.796875
638     -200415.140625
639     -200456.843750
640     -200497.906250
641     -200538.859375
642     -200579.812500
643     -200620.312500
644     -200660.187500
645     -200699.031250
646     -200738.968750
647     -200777.203125
648     -200816.000000
649     -200853.765625
650     -200891.687500
651     -200928.375000
652     -200965.656250
653     -201002.062500
654     -201038.937500
655     -201075.437500
656     -201110.828125
657     -201147.062500
658     -201182.093750
659     -201217.312500
660     -201251.859375
661     -201286.421875
662     -201320.812500
663     -201354.531250
664     -201387.953125
665     -201421.218750
666     -201454.109375
667     -201486.500000
668     -201519.125000
669     -201550.843750
670     -201582.843750
671     -201614.375000
672     -201646.296875
673     -201676.718750
674     -201708.046875
675     -201737.953125
676     -201768.500000
677     -201798.156250
678     -201827.406250
679     -201857.468750
680     -201885.968750
681     -201914.875000
682     -201943.562500
683     -201972.421875
684     -202000.062500
685     -202028.437500
686     -202055.906250
687     -202083.906250
688     -202110.296875
689     -202138.046875
690     -202164.250000
691     -202190.687500
692     -202216.687500
693     -202242.671875
694     -202268.312500
695     -202293.906250
696     -202319.046875
697     -202344.375000
698     -202369.593750
699     -202394.156250
700     -202418.765625
701     -202443.031250
702     -202466.906250
703     -202490.750000
704     -202514.656250
705     -202538.187500
706     -202561.531250
707     -202584.968750
708     -202608.171875
709     -202630.968750
710     -202653.468750
711     -202676.156250
712     -202698.453125
713     -202720.703125
714     -202742.875000
715     -202764.406250
716     -202785.828125
717     -202807.953125
718     -202829.187500
719     -202850.250000
720     -202871.437500
721     -202892.156250
722     -202912.578125
723     -202933.656250
724     -202953.593750
725     -202973.921875
726     -202993.921875
727     -203013.906250
728     -203033.750000
729     -203053.656250
730     -203072.906250
731     -203092.156250
732     -203111.531250
733     -203131.125000
734     -203149.750000
735     -203169.000000
736     -203187.562500
737     -203206.343750
738     -203224.796875
739     -203243.031250
740     -203261.234375
741     -203279.156250
742     -203296.687500
743     -203314.203125
744     -203331.718750
745     -203348.734375
746     -203365.687500
747     -203382.609375
748     -203399.593750
749     -203415.843750
750     -203433.031250
751     -203449.265625
752     -203465.953125
753     -203481.906250
754     -203498.281250
755     -203513.937500
756     -203529.468750
757     -203545.062500
758     -203560.718750
759     -203575.937500
760     -203591.437500
761     -203606.718750
762     -203621.734375
763     -203636.656250
764     -203651.687500
765     -203666.328125
766     -203681.125000
767     -203695.718750
768     -203709.921875
769     -203724.906250
770     -203738.859375
771     -203753.250000
772     -203766.937500
773     -203781.031250
774     -203794.828125
775     -203808.828125
776     -203822.406250
777     -203836.062500
778     -203849.500000
779     -203863.156250
780     -203876.015625
781     -203889.437500
782     -203902.531250
783     -203915.546875
784     -203928.343750
785     -203941.375000
786     -203954.218750
787     -203967.062500
788     -203979.406250
789     -203992.250000
790     -204004.468750
791     -204017.093750
792     -204029.203125
793     -204041.703125
794     -204053.500000
795     -204065.656250
796     -204077.843750
797     -204089.218750
798     -204101.500000
799     -204113.062500
800     -204124.718750
801     -204136.875000
802     -204148.546875
803     -204159.875000
804     -204171.484375
805     -204182.953125
806     -204194.187500
807     -204205.562500
808     -204216.625000
809     -204228.093750
810     -204239.078125
811     -204250.328125
812     -204261.187500
813     -204272.187500
814     -204283.281250
815     -204294.156250
816     -204304.843750
817     -204315.640625
818     -204326.437500
819     -204336.593750
820     -204347.500000
821     -204357.531250
822     -204368.281250
823     -204378.515625
824     -204388.828125
825     -204399.171875
826     -204409.062500
827     -204419.046875
828     -204429.000000
829     -204439.031250
830     -204448.734375
831     -204458.671875
832     -204468.000000
833     -204477.781250
834     -204487.531250
835     -204496.687500
836     -204506.343750
837     -204516.093750
838     -204525.421875
839     -204534.718750
840     -204544.000000
841     -204553.375000
842     -204562.546875
843     -204571.812500
844     -204580.953125
845     -204590.093750
846     -204598.812500
847     -204608.031250
848     -204617.156250
849     -204626.093750
850     -204634.671875
851     -204643.546875
852     -204652.281250
853     -204660.968750
854     -204669.718750
855     -204678.218750
856     -204687.031250
857     -204695.500000
858     -204703.875000
859     -204712.203125
860     -204720.593750
861     -204729.062500
862     -204737.281250
863     -204745.312500
864     -204753.656250
865     -204761.906250
866     -204769.703125
867     -204778.125000
868     -204786.109375
869     -204794.250000
870     -204802.031250
871     -204810.000000
872     -204817.937500
873     -204825.578125
874     -204833.578125
875     -204841.156250
876     -204848.765625
877     -204856.812500
878     -204864.296875
879     -204872.015625
880     -204879.609375
881     -204887.218750
882     -204894.578125
883     -204902.031250
884     -204909.593750
885     -204916.968750
886     -204924.656250
887     -204931.937500
888     -204939.296875
889     -204946.593750
890     -204953.875000
891     -204961.093750
892     -204968.250000
893     -204975.531250
894     -204982.671875
895     -204989.875000
896     -204996.937500
897     -205004.000000
898     -205011.281250
899     -205018.390625
900     -205025.109375
901     -205032.125000
902     -205038.718750
903     -205045.859375
904     -205052.656250
905     -205059.250000
906     -205066.171875
907     -205073.093750
908     -205079.750000
909     -205086.406250
910     -205093.046875
911     -205099.500000
912     -205106.218750
913     -205112.703125
914     -205119.312500
915     -205125.750000
916     -205132.093750
917     -205138.437500
918     -205144.921875
919     -205151.406250
920     -205157.718750
921     -205164.031250
922     -205170.203125
923     -205176.250000
924     -205182.468750
925     -205188.890625
926     -205195.187500
927     -205200.953125
928     -205207.187500
929     -205213.281250
930     -205219.062500
931     -205225.203125
932     -205231.250000
933     -205237.125000
934     -205243.078125
935     -205248.781250
936     -205254.640625
937     -205260.375000
938     -205266.078125
939     -205271.781250
940     -205277.531250
941     -205283.156250
942     -205288.828125
943     -205294.375000
944     -205300.078125
945     -205305.562500
946     -205311.078125
947     -205316.718750
948     -205322.125000
949     -205327.437500
950     -205332.984375
951     -205338.359375
952     -205343.781250
953     -205349.359375
954     -205354.484375
955     -205359.968750
956     -205365.250000
957     -205370.531250
958     -205375.656250
959     -205380.890625
960     -205386.109375
961     -205391.250000
962     -205396.546875
963     -205401.453125
964     -205406.718750
965     -205411.953125
966     -205417.031250
967     -205422.062500
968     -205426.937500
969     -205431.968750
970     -205437.000000
971     -205441.968750
972     -205447.046875
973     -205451.750000
974     -205456.812500
975     -205461.687500
976     -205466.375000
977     -205471.250000
978     -205476.093750
979     -205480.765625
980     -205485.531250
981     -205490.140625
982     -205495.125000
983     -205499.656250
984     -205504.312500
985     -205509.156250
986     -205513.687500
987     -205518.437500
988     -205522.921875
989     -205527.812500
990     -205532.156250
991     -205536.734375
992     -205541.281250
993     -205545.843750
994     -205550.281250
995     -205554.687500
996     -205559.281250
997     -205563.406250
998     -205568.031250
999     -205572.312500
1000    -205576.750000
1001    -205581.171875
1002    -205585.406250
1003    -205589.921875
1004    -205594.281250
1005    -205598.531250
1006    -205602.625000
1007    -205606.875000
1008    -205611.062500
1009    -205615.437500
1010    -205619.578125
1011    -205623.953125
1012    -205628.375000
1013    -205632.234375
1014    -205636.437500
1015    -205640.500000
1016    -205644.609375
1017    -205648.640625
1018    -205652.500000
1019    -205656.687500
1020    -205661.000000
1021    -205664.796875
1022    -205668.843750
1023    -205672.859375
1024    -205676.937500
1025    -205680.765625
1026    -205684.625000
1027    -205688.437500
1028    -205692.375000
1029    -205696.406250
1030    -205700.093750
1031    -205703.843750
1032    -205707.625000
1033    -205711.468750
1034    -205715.484375
1035    -205719.281250
1036    -205722.906250
1037    -205726.468750
1038    -205730.281250
1039    -205733.953125
1040    -205737.656250
1041    -205741.531250
1042    -205745.000000
1043    -205748.656250
1044    -205752.171875
1045    -205755.875000
1046    -205759.468750
1047    -205763.000000
1048    -205766.578125
1049    -205770.328125
1050    -205773.843750
1051    -205777.390625
1052    -205781.000000
1053    -205784.437500
1054    -205787.968750
1055    -205791.390625
1056    -205794.843750
1057    -205798.312500
1058    -205801.625000
1059    -205805.250000
1060    -205808.375000
1061    -205812.015625
1062    -205815.250000
1063    -205818.578125
1064    -205821.828125
1065    -205825.343750
1066    -205828.656250
1067    -205831.875000
1068    -205835.343750
1069    -205838.531250
1070    -205841.656250
1071    -205845.187500
1072    -205848.546875
1073    -205851.687500
1074    -205854.906250
1075    -205858.250000
1076    -205861.515625
1077    -205864.750000
1078    -205867.890625
1079    -205871.328125
1080    -205874.531250
1081    -205877.796875
1082    -205880.812500
1083    -205884.156250
1084    -205887.359375
1085    -205890.546875
1086    -205893.875000
1087    -205896.906250
1088    -205900.328125
1089    -205903.312500
1090    -205906.437500
1091    -205909.625000
1092    -205912.656250
1093    -205915.937500
1094    -205919.062500
1095    -205922.281250
1096    -205925.250000
1097    -205928.515625
1098    -205931.625000
1099    -205934.593750
1100    -205937.812500
1101    -205940.937500
1102    -205944.031250
1103    -205947.187500
1104    -205950.218750
1105    -205953.375000
1106    -205956.406250
1107    -205959.437500
1108    -205962.421875
1109    -205965.671875
1110    -205968.562500
1111    -205971.656250
1112    -205974.750000
1113    -205977.609375
1114    -205980.875000
1115    -205983.765625
1116    -205986.906250
1117    -205989.937500
1118    -205992.921875
1119    -205995.875000
1120    -205999.031250
1121    -206001.953125
1122    -206005.000000
1123    -206007.812500
1124    -206010.937500
1125    -206014.031250
1126    -206017.000000
1127    -206019.812500
1128    -206022.656250
1129    -206025.750000
1130    -206028.578125
1131    -206031.593750
1132    -206034.578125
1133    -206037.562500
1134    -206040.421875
1135    -206043.437500
1136    -206046.281250
1137    -206049.062500
1138    -206051.953125
1139    -206054.875000
1140    -206057.843750
1141    -206060.421875
1142    -206063.343750
1143    -206066.265625
1144    -206069.125000
1145    -206072.109375
1146    -206074.812500
1147    -206077.671875
1148    -206080.406250
1149    -206083.359375
1150    -206086.093750
1151    -206088.937500
1152    -206091.875000
1153    -206094.546875
1154    -206097.593750
1155    -206100.343750
1156    -206103.187500
1157    -206106.000000
1158    -206108.687500
1159    -206111.609375
1160    -206114.421875
1161    -206117.265625
1162    -206120.187500
1163    -206122.828125
1164    -206125.640625
1165    -206128.265625
1166    -206131.125000
1167    -206133.921875
1168    -206136.687500
1169    -206139.453125
1170    -206142.062500
1171    -206144.937500
1172    -206147.734375
1173    -206150.406250
1174    -206152.984375
1175    -206155.843750
1176    -206158.562500
1177    -206161.234375
1178    -206163.796875
1179    -206166.546875
1180    -206169.296875
1181    -206171.781250
1182    -206174.406250
1183    -206177.015625
1184    -206179.671875
1185    -206182.203125
1186    -206184.890625
1187    -206187.312500
1188    -206190.015625
1189    -206192.687500
1190    -206195.250000
1191    -206197.625000
1192    -206200.343750
1193    -206202.718750
1194    -206205.406250
1195    -206208.046875
1196    -206210.406250
1197    -206213.046875
1198    -206215.421875
1199    -206217.843750
1200    -206220.468750
1201    -206223.109375
1202    -206225.546875
1203    -206228.062500
1204    -206230.750000
1205    -206233.125000
1206    -206235.625000
1207    -206238.187500
1208    -206240.593750
1209    -206243.046875
1210    -206245.500000
1211    -206248.000000
1212    -206250.593750
1213    -206252.968750
1214    -206255.437500
1215    -206257.906250
1216    -206260.250000
1217    -206262.906250
1218    -206265.250000
1219    -206267.593750
1220    -206270.156250
1221    -206272.703125
1222    -206275.093750
1223    -206277.531250
1224    -206279.828125
1225    -206282.406250
1226    -206284.734375
1227    -206287.078125
1228    -206289.359375
1229    -206291.906250
1230    -206294.375000
1231    -206296.687500
1232    -206299.125000
1233    -206301.359375
1234    -206303.718750
1235    -206306.140625
1236    -206308.593750
1237    -206310.875000
1238    -206313.062500
1239    -206315.609375
1240    -206317.734375
1241    -206320.250000
1242    -206322.453125
1243    -206325.015625
1244    -206327.156250
1245    -206329.406250
1246    -206331.812500
1247    -206333.953125
1248    -206336.562500
1249    -206338.687500
1250    -206340.968750
1251    -206343.203125
1252    -206345.500000
1253    -206347.796875
1254    -206350.046875
1255    -206352.312500
1256    -206354.562500
1257    -206356.968750
1258    -206359.234375
1259    -206361.359375
1260    -206363.812500
1261    -206365.984375
1262    -206368.234375
1263    -206370.390625
1264    -206372.734375
1265    -206374.968750
1266    -206377.296875
1267    -206379.437500
1268    -206381.687500
1269    -206383.968750
1270    -206386.218750
1271    -206388.500000
1272    -206390.718750
1273    -206392.906250
1274    -206395.000000
1275    -206397.375000
1276    -206399.562500
1277    -206401.843750
1278    -206404.156250
1279    -206406.312500
1280    -206408.562500
1281    -206410.640625
1282    -206412.906250
1283    -206415.156250
1284    -206417.250000
1285    -206419.546875
1286    -206421.812500
1287    -206424.031250
1288    -206426.156250
1289    -206428.421875
1290    -206430.468750
1291    -206432.718750
1292    -206435.031250
1293    -206437.000000
1294    -206439.218750
1295    -206441.562500
1296    -206443.593750
1297    -206445.937500
1298    -206447.937500
1299    -206450.250000
1300    -206452.375000
1301    -206454.531250
1302    -206456.640625
1303    -206459.000000
1304    -206461.031250
1305    -206463.250000
1306    -206465.265625
1307    -206467.593750
1308    -206469.734375
1309    -206471.906250
1310    -206473.968750
1311    -206476.250000
1312    -206478.343750
1313    -206480.640625
1314    -206482.656250
1315    -206484.921875
1316    -206486.968750
1317    -206489.031250
1318    -206491.140625
1319    -206493.437500
1320    -206495.562500
1321    -206497.625000
1322    -206499.687500
1323    -206501.718750
1324    -206504.187500
1325    -206506.093750
1326    -206508.359375
1327    -206510.500000
1328    -206512.562500
1329    -206514.718750
1330    -206516.921875
1331    -206518.968750
1332    -206521.062500
1333    -206523.109375
1334    -206525.281250
1335    -206527.531250
1336    -206529.468750
1337    -206531.687500
1338    -206533.781250
1339    -206535.859375
1340    -206537.984375
1341    -206539.843750
1342    -206542.031250
1343    -206544.125000
1344    -206546.250000
1345    -206548.281250
1346    -206550.390625
1347    -206552.375000
1348    -206554.250000
1349    -206556.468750
1350    -206558.406250
1351    -206560.406250
1352    -206562.531250
1353    -206564.593750
1354    -206566.593750
1355    -206568.781250
1356    -206570.671875
1357    -206572.671875
1358    -206574.843750
1359    -206576.812500
1360    -206578.843750
1361    -206580.781250
1362    -206582.875000
1363    -206584.937500
1364    -206586.937500
1365    -206589.015625
1366    -206591.031250
1367    -206592.984375
1368    -206594.937500
1369    -206596.859375
1370    -206598.937500
1371    -206600.875000
1372    -206603.031250
1373    -206604.890625
1374    -206606.859375
1375    -206608.843750
1376    -206610.796875
1377    -206612.875000
1378    -206614.812500
1379    -206616.781250
1380    -206618.812500
1381    -206620.718750
1382    -206622.687500
1383    -206624.671875
1384    -206626.828125
1385    -206628.625000
1386    -206630.625000
1387    -206632.593750
1388    -206634.500000
1389    -206636.500000
1390    -206638.515625
1391    -206640.500000
1392    -206642.296875
1393    -206644.390625
1394    -206646.265625
1395    -206648.281250
1396    -206650.218750
1397    -206652.156250
1398    -206654.109375
1399    -206655.968750
1400    -206658.000000
1401    -206659.984375
1402    -206661.953125
1403    -206663.750000
1404    -206665.640625
1405    -206667.625000
1406    -206669.593750
1407    -206671.531250
1408    -206673.359375
1409    -206675.375000
1410    -206677.343750
1411    -206679.156250
1412    -206681.156250
1413    -206682.875000
1414    -206684.875000
1415    -206686.859375
1416    -206688.687500
1417    -206690.562500
1418    -206692.500000
1419    -206694.375000
1420    -206696.218750
1421    -206698.093750
1422    -206700.156250
1423    -206701.906250
1424    -206703.843750
1425    -206705.687500
1426    -206707.593750
1427    -206709.375000
1428    -206711.250000
1429    -206713.000000
1430    -206714.937500
1431    -206716.843750
1432    -206718.656250
1433    -206720.609375
1434    -206722.218750
1435    -206724.093750
1436    -206725.843750
1437    -206727.906250
1438    -206729.625000
1439    -206731.468750
1440    -206733.406250
1441    -206735.062500
1442    -206736.953125
1443    -206738.750000
1444    -206740.562500
1445    -206742.359375
1446    -206744.218750
1447    -206745.937500
1448    -206747.843750
1449    -206749.656250
1450    -206751.437500
1451    -206753.187500
1452    -206754.953125
1453    -206756.843750
1454    -206758.593750
1455    -206760.218750
1456    -206762.187500
1457    -206763.843750
1458    -206765.703125
1459    -206767.593750
1460    -206769.406250
1461    -206770.906250
1462    -206772.859375
1463    -206774.562500
1464    -206776.312500
1465    -206778.031250
1466    -206779.828125
1467    -206781.687500
1468    -206783.437500
1469    -206785.000000
1470    -206786.890625
1471    -206788.781250
1472    -206790.312500
1473    -206792.125000
1474    -206793.937500
1475    -206795.718750
1476    -206797.375000
1477    -206799.000000
1478    -206800.937500
1479    -206802.625000
1480    -206804.406250
1481    -206806.156250
1482    -206807.828125
1483    -206809.468750
1484    -206811.406250
1485    -206812.984375
1486    -206814.968750
1487    -206816.578125
1488    -206818.281250
1489    -206820.062500
1490    -206821.812500
1491    -206823.656250
1492    -206825.281250
1493    -206827.093750
1494    -206828.796875
1495    -206830.593750
1496    -206832.281250
1497    -206834.031250
1498    -206835.562500
1499    -206837.515625
1500    -206839.062500
1501    -206840.937500
1502    -206842.718750
1503    -206844.343750
1504    -206846.046875
1505    -206847.593750
1506    -206849.484375
1507    -206851.000000
1508    -206852.937500
1509    -206854.531250
1510    -206856.218750
1511    -206857.968750
1512    -206859.593750
1513    -206861.375000
1514    -206863.000000
1515    -206864.687500
1516    -206866.312500
1517    -206867.984375
1518    -206869.750000
1519    -206871.468750
1520    -206873.078125
1521    -206874.750000
1522    -206876.343750
1523    -206878.062500
1524    -206879.718750
1525    -206881.375000
1526    -206883.015625
1527    -206884.812500
1528    -206886.562500
1529    -206888.156250
1530    -206889.843750
1531    -206891.406250
1532    -206893.015625
1533    -206894.687500
1534    -206896.437500
1535    -206898.125000
1536    -206899.625000
1537    -206901.312500
1538    -206903.046875
1539    -206904.656250
1540    -206906.281250
1541    -206907.968750
1542    -206909.656250
1543    -206911.156250
1544    -206912.937500
1545    -206914.468750
1546    -206916.062500
1547    -206917.687500
1548    -206919.359375
1549    -206920.968750
1550    -206922.656250
1551    -206924.203125
1552    -206925.750000
1553    -206927.453125
1554    -206929.062500
1555    -206930.609375
1556    -206932.187500
1557    -206933.937500
1558    -206935.437500
1559    -206937.156250
1560    -206938.718750
1561    -206940.343750
1562    -206941.937500
1563    -206943.500000
1564    -206945.125000
1565    -206946.812500
1566    -206948.437500
1567    -206950.031250
1568    -206951.453125
1569    -206953.125000
1570    -206954.687500
1571    -206956.250000
1572    -206957.750000
1573    -206959.500000
1574    -206960.968750
1575    -206962.593750
1576    -206964.171875
1577    -206965.765625
1578    -206967.343750
1579    -206968.828125
1580    -206970.546875
1581    -206972.031250
1582    -206973.453125
1583    -206975.062500
1584    -206976.734375
1585    -206978.187500
1586    -206979.843750
1587    -206981.359375
1588    -206982.875000
1589    -206984.437500
1590    -206985.937500
1591    -206987.500000
1592    -206989.000000
1593    -206990.656250
1594    -206992.140625
1595    -206993.593750
1596    -206995.218750
1597    -206996.875000
1598    -206998.296875
1599    -206999.843750
1600    -207001.343750
1601    -207002.968750
1602    -207004.437500
1603    -207006.031250
1604    -207007.593750
1605    -207009.078125
1606    -207010.625000
1607    -207012.187500
1608    -207013.687500
1609    -207015.218750
1610    -207016.718750
1611    -207018.218750
1612    -207019.656250
1613    -207021.265625
1614    -207022.750000
1615    -207024.265625
1616    -207025.687500
1617    -207027.156250
1618    -207028.656250
1619    -207030.187500
1620    -207031.562500
1621    -207033.109375
1622    -207034.562500
1623    -207036.140625
1624    -207037.687500
1625    -207039.140625
1626    -207040.640625
1627    -207042.000000
1628    -207043.625000
1629    -207045.000000
1630    -207046.531250
1631    -207048.000000
1632    -207049.593750
1633    -207050.968750
1634    -207052.500000
1635    -207054.000000
1636    -207055.437500
1637    -207056.796875
1638    -207058.250000
1639    -207059.859375
1640    -207061.390625
1641    -207062.781250
1642    -207064.250000
1643    -207065.781250
1644    -207067.109375
1645    -207068.750000
1646    -207070.125000
1647    -207071.625000
1648    -207073.015625
1649    -207074.500000
1650    -207075.906250
1651    -207077.343750
1652    -207078.953125
1653    -207080.234375
1654    -207081.734375
1655    -207083.250000
1656    -207084.750000
1657    -207085.968750
1658    -207087.703125
1659    -207089.031250
1660    -207090.500000
1661    -207092.062500
1662    -207093.359375
1663    -207094.828125
1664    -207096.343750
1665    -207097.765625
1666    -207099.250000
1667    -207100.718750
1668    -207102.093750
1669    -207103.671875
1670    -207104.906250
1671    -207106.437500
1672    -207107.921875
1673    -207109.281250
1674    -207110.468750
1675    -207111.953125
1676    -207113.453125
1677    -207114.750000
1678    -207116.265625
1679    -207117.687500
1680    -207119.171875
1681    -207120.437500
1682    -207121.875000
1683    -207123.375000
1684    -207124.750000
1685    -207126.062500
1686    -207127.593750
1687    -207128.890625
1688    -207130.437500
1689    -207131.750000
1690    -207133.250000
1691    -207134.578125
1692    -207135.906250
1693    -207137.390625
1694    -207138.781250
1695    -207139.937500
1696    -207141.468750
1697    -207142.687500
1698    -207144.109375
1699    -207145.578125
1700    -207146.906250
1701    -207148.312500
1702    -207149.781250
1703    -207151.156250
1704    -207152.437500
1705    -207153.812500
1706    -207155.281250
1707    -207156.500000
1708    -207157.890625
1709    -207159.250000
1710    -207160.562500
1711    -207162.000000
1712    -207163.312500
1713    -207164.718750
1714    -207166.093750
1715    -207167.437500
1716    -207168.703125
1717    -207170.156250
1718    -207171.484375
1719    -207172.859375
1720    -207174.093750
1721    -207175.468750
1722    -207176.796875
1723    -207178.156250
1724    -207179.562500
1725    -207180.781250
1726    -207182.187500
1727    -207183.375000
1728    -207184.750000
1729    -207186.031250
1730    -207187.453125
1731    -207188.625000
1732    -207190.000000
1733    -207191.375000
1734    -207192.656250
1735    -207193.906250
1736    -207195.281250
1737    -207196.562500
1738    -207197.968750
1739    -207199.281250
1740    -207200.437500
1741    -207201.734375
1742    -207203.000000
1743    -207204.375000
1744    -207205.656250
1745    -207206.859375
1746    -207208.296875
1747    -207209.515625
1748    -207210.718750
1749    -207212.140625
1750    -207213.281250
1751    -207214.593750
1752    -207215.875000
1753    -207217.312500
1754    -207218.562500
1755    -207219.875000
1756    -207221.156250
1757    -207222.343750
1758    -207223.640625
1759    -207225.031250
1760    -207226.218750
1761    -207227.484375
1762    -207228.718750
1763    -207230.062500
1764    -207231.203125
1765    -207232.421875
1766    -207233.750000
1767    -207234.968750
1768    -207236.312500
1769    -207237.531250
1770    -207238.843750
1771    -207239.937500
1772    -207241.250000
1773    -207242.562500
1774    -207243.734375
1775    -207245.015625
1776    -207246.250000
1777    -207247.500000
1778    -207248.687500
1779    -207249.875000
1780    -207251.218750
1781    -207252.468750
1782    -207253.750000
1783    -207255.000000
1784    -207256.187500
1785    -207257.296875
1786    -207258.578125
1787    -207259.781250
1788    -207261.125000
1789    -207262.234375
1790    -207263.593750
1791    -207264.718750
1792    -207265.937500
1793    -207267.171875
1794    -207268.390625
1795    -207269.546875
1796    -207270.718750
1797    -207271.968750
1798    -207273.093750
1799    -207274.406250
1800    -207275.500000
1801    -207276.734375
1802    -207277.875000
1803    -207278.984375
1804    -207280.296875
1805    -207281.437500
1806    -207282.656250
1807    -207283.812500
1808    -207284.921875
1809    -207286.218750
1810    -207287.390625
1811    -207288.656250
1812    -207289.703125
1813    -207290.812500
1814    -207291.968750
1815    -207293.265625
1816    -207294.375000
1817    -207295.609375
1818    -207296.609375
1819    -207297.750000
1820    -207299.031250
1821    -207300.250000
1822    -207301.359375
1823    -207302.578125
1824    -207303.593750
1825    -207304.843750
1826    -207306.000000
1827    -207307.156250
1828    -207308.328125
1829    -207309.500000
1830    -207310.640625
1831    -207311.765625
1832    -207312.875000
1833    -207314.046875
1834    -207315.171875
1835    -207316.375000
1836    -207317.562500
1837    -207318.812500
1838    -207319.781250
1839    -207320.953125
1840    -207322.125000
1841    -207323.250000
1842    -207324.468750
1843    -207325.437500
1844    -207326.640625
1845    -207327.781250
1846    -207328.875000
1847    -207330.109375
1848    -207331.156250
1849    -207332.156250
1850    -207333.343750
1851    -207334.593750
1852    -207335.625000
1853    -207336.734375
1854    -207337.843750
1855    -207338.968750
1856    -207340.109375
1857    -207341.156250
1858    -207342.250000
1859    -207343.312500
1860    -207344.437500
1861    -207345.531250
1862    -207346.796875
1863    -207347.812500
1864    -207348.875000
1865    -207350.000000
1866    -207351.000000
1867    -207352.187500
1868    -207353.265625
1869    -207354.328125
1870    -207355.406250
1871    -207356.515625
1872    -207357.609375
1873    -207358.843750
1874    -207359.750000
1875    -207360.921875
1876    -207362.093750
1877    -207363.093750
1878    -207364.156250
1879    -207365.187500
1880    -207366.312500
1881    -207367.500000
1882    -207368.593750
1883    -207369.609375
1884    -207370.718750
1885    -207371.812500
1886    -207372.859375
1887    -207373.906250
1888    -207375.062500
1889    -207376.171875
1890    -207377.250000
1891    -207378.359375
1892    -207379.218750
1893    -207380.484375
1894    -207381.531250
1895    -207382.578125
1896    -207383.687500
1897    -207384.843750
1898    -207385.843750
1899    -207386.953125
1900    -207388.125000
1901    -207389.125000
1902    -207390.156250
1903    -207391.156250
1904    -207392.375000
1905    -207393.312500
1906    -207394.375000
1907    -207395.421875
1908    -207396.656250
1909    -207397.578125
1910    -207398.593750
1911    -207399.796875
1912    -207400.796875
1913    -207401.765625
1914    -207402.875000
1915    -207404.015625
1916    -207405.046875
1917    -207406.015625
1918    -207407.125000
1919    -207408.187500
1920    -207409.203125
1921    -207410.218750
1922    -207411.296875
1923    -207412.484375
1924    -207413.468750
1925    -207414.546875
1926    -207415.531250
1927    -207416.718750
1928    -207417.625000
1929    -207418.765625
1930    -207419.796875
1931    -207420.875000
1932    -207421.906250
1933    -207422.906250
1934    -207424.000000
1935    -207425.062500
1936    -207426.031250
1937    -207427.250000
1938    -207428.062500
1939    -207429.265625
1940    -207430.343750
1941    -207431.468750
1942    -207432.468750
1943    -207433.437500
1944    -207434.640625
1945    -207435.578125
1946    -207436.671875
1947    -207437.750000
1948    -207438.812500
1949    -207439.765625
1950    -207440.937500
1951    -207441.937500
1952    -207443.093750
1953    -207444.125000
1954    -207445.250000
1955    -207446.312500
1956    -207447.250000
1957    -207448.375000
1958    -207449.390625
1959    -207450.593750
1960    -207451.656250
1961    -207452.687500
1962    -207453.781250
1963    -207454.734375
1964    -207455.718750
1965    -207457.000000
1966    -207457.937500
1967    -207458.984375
1968    -207460.203125
1969    -207461.187500
1970    -207462.265625
1971    -207463.406250
1972    -207464.578125
1973    -207465.500000
1974    -207466.578125
1975    -207467.750000
1976    -207468.859375
1977    -207469.859375
1978    -207471.000000
1979    -207472.109375
1980    -207473.187500
1981    -207474.281250
1982    -207475.312500
1983    -207476.359375
1984    -207477.437500
1985    -207478.546875
1986    -207479.625000
1987    -207480.812500
1988    -207481.859375
1989    -207483.015625
1990    -207484.015625
1991    -207485.125000
1992    -207486.281250
1993    -207487.281250
1994    -207488.468750
1995    -207489.562500
1996    -207490.500000
1997    -207491.703125
1998    -207492.859375
1999    -207494.031250
2000    -207495.125000
2001    -207496.234375
2002    -207497.328125
2003    -207498.437500
2004    -207499.531250
2005    -207500.734375
2006    -207501.796875
2007    -207502.890625
2008    -207504.140625
2009    -207505.125000
2010    -207506.343750
2011    -207507.421875
2012    -207508.687500
2013    -207509.718750
2014    -207510.906250
2015    -207512.093750
2016    -207513.125000
2017    -207514.312500
2018    -207515.500000
2019    -207516.593750
2020    -207517.781250
2021    -207518.984375
2022    -207520.093750
2023    -207521.218750
2024    -207522.406250
2025    -207523.593750
2026    -207524.812500
2027    -207525.906250
2028    -207527.062500
2029    -207528.312500
2030    -207529.515625
2031    -207530.656250
2032    -207531.781250
2033    -207533.000000
2034    -207534.250000
2035    -207535.375000
2036    -207536.562500
2037    -207537.796875
2038    -207538.937500
2039    -207540.187500
2040    -207541.343750
2041    -207542.484375
2042    -207543.687500
2043    -207544.937500
2044    -207546.125000
2045    -207547.250000
2046    -207548.546875
2047    -207549.625000
2048    -207550.875000
2049    -207552.234375
2050    -207553.281250
2051    -207554.609375
2052    -207555.875000
2053    -207557.000000
2054    -207558.187500
2055    -207559.531250
2056    -207560.640625
2057    -207561.921875
2058    -207563.187500
2059    -207564.375000
2060    -207565.656250
2061    -207566.812500
2062    -207568.062500
2063    -207569.312500
2064    -207570.531250
2065    -207571.812500
2066    -207573.031250
2067    -207574.234375
2068    -207575.453125
2069    -207576.687500
2070    -207577.906250
2071    -207579.109375
2072    -207580.421875
2073    -207581.593750
2074    -207582.859375
2075    -207584.031250
2076    -207585.281250
2077    -207586.562500
2078    -207587.750000
2079    -207588.968750
2080    -207590.265625
2081    -207591.421875
2082    -207592.687500
2083    -207593.921875
2084    -207595.109375
2085    -207596.531250
2086    -207597.562500
2087    -207598.937500
2088    -207600.062500
2089    -207601.343750
2090    -207602.734375
2091    -207603.765625
2092    -207605.015625
2093    -207606.187500
2094    -207607.515625
2095    -207608.765625
2096    -207609.953125
2097    -207611.156250
2098    -207612.375000
2099    -207613.546875
2100    -207614.875000
2101    -207616.062500
2102    -207617.312500
2103    -207618.421875
2104    -207619.687500
2105    -207620.812500
2106    -207622.140625
2107    -207623.312500
2108    -207624.531250
2109    -207625.656250
2110    -207626.812500
2111    -207628.125000
2112    -207629.312500
2113    -207630.453125
2114    -207631.718750
2115    -207632.781250
2116    -207634.093750
2117    -207635.250000
2118    -207636.421875
2119    -207637.609375
2120    -207638.812500
2121    -207639.890625
2122    -207641.125000
2123    -207642.312500
2124    -207643.437500
2125    -207644.625000
2126    -207645.781250
2127    -207646.953125
2128    -207648.062500
2129    -207649.281250
2130    -207650.453125
2131    -207651.593750
2132    -207652.765625
2133    -207653.859375
2134    -207654.968750
2135    -207656.171875
2136    -207657.218750
2137    -207658.281250
2138    -207659.375000
2139    -207660.484375
2140    -207661.750000
2141    -207662.718750
2142    -207663.921875
2143    -207665.015625
2144    -207666.109375
2145    -207667.156250
2146    -207668.390625
2147    -207669.437500
2148    -207670.437500
2149    -207671.468750
2150    -207672.640625
2151    -207673.656250
2152    -207674.687500
2153    -207675.906250
2154    -207676.875000
2155    -207677.968750
2156    -207679.031250
2157    -207680.125000
2158    -207681.218750
2159    -207682.125000
2160    -207683.296875
2161    -207684.250000
2162    -207685.375000
2163    -207686.390625
2164    -207687.406250
2165    -207688.468750
2166    -207689.468750
2167    -207690.578125
2168    -207691.609375
2169    -207692.656250
2170    -207693.718750
2171    -207694.593750
2172    -207695.750000
2173    -207696.734375
2174    -207697.718750
2175    -207698.796875
2176    -207699.843750
2177    -207700.750000
2178    -207701.781250
2179    -207702.781250
2180    -207703.687500
2181    -207704.750000
2182    -207705.734375
2183    -207706.656250
2184    -207707.765625
2185    -207708.656250
2186    -207709.531250
2187    -207710.625000
2188    -207711.500000
2189    -207712.468750
2190    -207713.437500
2191    -207714.343750
2192    -207715.343750
2193    -207716.296875
2194    -207717.312500
2195    -207718.093750
2196    -207719.156250
2197    -207720.000000
2198    -207721.062500
2199    -207721.937500
2200    -207722.781250
2201    -207723.718750
2202    -207724.734375
2203    -207725.640625
2204    -207726.531250
2205    -207727.468750
2206    -207728.265625
2207    -207729.265625
2208    -207730.093750
2209    -207731.000000
2210    -207731.875000
2211    -207732.687500
2212    -207733.640625
2213    -207734.593750
2214    -207735.437500
2215    -207736.296875
2216    -207737.156250
2217    -207738.078125
2218    -207738.937500
2219    -207739.796875
2220    -207740.656250
2221    -207741.468750
2222    -207742.312500
2223    -207743.234375
2224    -207744.078125
2225    -207744.937500
2226    -207745.750000
2227    -207746.578125
2228    -207747.562500
2229    -207748.390625
2230    -207749.218750
2231    -207750.046875
2232    -207750.875000
2233    -207751.671875
2234    -207752.515625
2235    -207753.421875
2236    -207754.218750
2237    -207755.062500
2238    -207755.906250
2239    -207756.718750
2240    -207757.484375
2241    -207758.406250
2242    -207759.187500
2243    -207760.062500
2244    -207760.937500
2245    -207761.750000
2246    -207762.562500
2247    -207763.375000
2248    -207764.156250
2249    -207765.031250
2250    -207765.875000
2251    -207766.671875
2252    -207767.468750
2253    -207768.328125
2254    -207769.125000
2255    -207769.843750
2256    -207770.656250
2257    -207771.531250
2258    -207772.281250
2259    -207773.093750
2260    -207773.906250
2261    -207774.796875
2262    -207775.578125
2263    -207776.281250
2264    -207777.109375
2265    -207777.968750
2266    -207778.703125
2267    -207779.562500
2268    -207780.265625
2269    -207781.000000
2270    -207781.906250
2271    -207782.796875
2272    -207783.531250
2273    -207784.281250
2274    -207785.000000
2275    -207785.859375
2276    -207786.609375
2277    -207787.437500
2278    -207788.187500
2279    -207788.984375
2280    -207789.703125
2281    -207790.500000
2282    -207791.203125
2283    -207791.984375
2284    -207792.781250
2285    -207793.546875
2286    -207794.312500
2287    -207795.109375
2288    -207795.812500
2289    -207796.531250
2290    -207797.437500
2291    -207798.046875
2292    -207798.843750
2293    -207799.718750
2294    -207800.406250
2295    -207801.015625
2296    -207801.906250
2297    -207802.812500
2298    -207803.406250
2299    -207804.234375
2300    -207804.984375
2301    -207805.718750
2302    -207806.484375
2303    -207807.109375
2304    -207808.078125
2305    -207808.718750
2306    -207809.546875
2307    -207810.234375
2308    -207811.031250
2309    -207811.750000
2310    -207812.531250
2311    -207813.328125
2312    -207813.968750
2313    -207814.718750
2314    -207815.562500
2315    -207816.265625
2316    -207817.078125
2317    -207817.812500
2318    -207818.437500
2319    -207819.281250
2320    -207820.031250
2321    -207820.781250
2322    -207821.625000
2323    -207822.265625
2324    -207823.062500
2325    -207823.828125
2326    -207824.593750
2327    -207825.468750
2328    -207826.250000
2329    -207826.875000
2330    -207827.625000
2331    -207828.437500
2332    -207829.156250
2333    -207829.890625
2334    -207830.640625
2335    -207831.343750
2336    -207832.125000
2337    -207832.953125
2338    -207833.562500
2339    -207834.328125
2340    -207835.109375
2341    -207835.796875
2342    -207836.578125
2343    -207837.312500
2344    -207838.031250
2345    -207838.781250
2346    -207839.593750
2347    -207840.187500
2348    -207840.921875
2349    -207841.750000
2350    -207842.468750
2351    -207843.218750
2352    -207843.796875
2353    -207844.578125
2354    -207845.328125
2355    -207846.203125
2356    -207846.781250
2357    -207847.484375
2358    -207848.281250
2359    -207848.968750
2360    -207849.718750
2361    -207850.515625
2362    -207851.171875
2363    -207851.906250
2364    -207852.656250
2365    -207853.359375
2366    -207854.031250
2367    -207854.890625
2368    -207855.656250
2369    -207856.296875
2370    -207856.953125
2371    -207857.765625
2372    -207858.500000
2373    -207859.187500
2374    -207859.937500
2375    -207860.703125
2376    -207861.375000
2377    -207862.125000
2378    -207862.843750
2379    -207863.562500
2380    -207864.281250
2381    -207865.031250
2382    -207865.750000
2383    -207866.531250
2384    -207867.281250
2385    -207867.984375
2386    -207868.828125
2387    -207869.484375
2388    -207870.187500
2389    -207870.921875
2390    -207871.718750
2391    -207872.375000
2392    -207873.062500
2393    -207873.718750
2394    -207874.500000
2395    -207875.296875
2396    -207875.906250
2397    -207876.687500
2398    -207877.390625
2399    -207878.156250
2400    -207878.859375
2401    -207879.640625
2402    -207880.281250
2403    -207881.031250
2404    -207881.703125
2405    -207882.437500
2406    -207883.093750
2407    -207883.843750
2408    -207884.546875
2409    -207885.218750
2410    -207886.031250
2411    -207886.750000
2412    -207887.484375
2413    -207888.125000
2414    -207888.906250
2415    -207889.515625
2416    -207890.265625
2417    -207891.031250
2418    -207891.750000
2419    -207892.500000
2420    -207893.125000
2421    -207893.875000
2422    -207894.500000
2423    -207895.281250
2424    -207895.937500
2425    -207896.718750
2426    -207897.390625
2427    -207898.046875
2428    -207898.843750
2429    -207899.500000
2430    -207900.218750
2431    -207901.000000
2432    -207901.593750
2433    -207902.406250
2434    -207903.156250
2435    -207903.828125
2436    -207904.500000
2437    -207905.187500
2438    -207905.843750
2439    -207906.671875
2440    -207907.375000
2441    -207908.171875
2442    -207908.843750
2443    -207909.484375
2444    -207910.281250
2445    -207910.937500
2446    -207911.656250
2447    -207912.328125
2448    -207913.093750
2449    -207913.781250
2450    -207914.562500
2451    -207915.234375
2452    -207915.859375
2453    -207916.562500
2454    -207917.281250
2455    -207918.015625
2456    -207918.734375
2457    -207919.406250
2458    -207920.093750
2459    -207920.812500
2460    -207921.515625
2461    -207922.125000
2462    -207922.781250
2463    -207923.562500
2464    -207924.296875
2465    -207924.984375
2466    -207925.656250
2467    -207926.312500
2468    -207927.062500
2469    -207927.765625
2470    -207928.296875
2471    -207929.062500
2472    -207929.781250
2473    -207930.375000
2474    -207931.000000
2475    -207931.687500
2476    -207932.437500
2477    -207933.000000
2478    -207933.765625
2479    -207934.437500
2480    -207935.078125
2481    -207935.796875
2482    -207936.406250
2483    -207937.062500
2484    -207937.781250
2485    -207938.468750
2486    -207939.125000
2487    -207939.796875
2488    -207940.437500
2489    -207941.093750
2490    -207941.734375
2491    -207942.421875
2492    -207943.062500
2493    -207943.796875
2494    -207944.453125
2495    -207945.031250
2496    -207945.750000
2497    -207946.281250
2498    -207947.000000
2499    -207947.703125
2500    -207948.375000
2501    -207949.015625
2502    -207949.593750
2503    -207950.296875
2504    -207950.906250
2505    -207951.593750
2506    -207952.296875
2507    -207952.937500
2508    -207953.500000
2509    -207954.218750
2510    -207954.937500
2511    -207955.500000
2512    -207956.109375
2513    -207956.875000
2514    -207957.390625
2515    -207958.109375
2516    -207958.796875
2517    -207959.437500
2518    -207960.031250
2519    -207960.640625
2520    -207961.375000
2521    -207961.906250
2522    -207962.578125
2523    -207963.125000
2524    -207963.875000
2525    -207964.468750
2526    -207965.093750
2527    -207965.687500
2528    -207966.328125
2529    -207966.906250
2530    -207967.562500
2531    -207968.140625
2532    -207968.781250
2533    -207969.406250
2534    -207970.031250
2535    -207970.625000
2536    -207971.312500
2537    -207971.875000
2538    -207972.562500
2539    -207973.093750
2540    -207973.687500
2541    -207974.421875
2542    -207974.921875
2543    -207975.546875
2544    -207976.218750
2545    -207976.875000
2546    -207977.375000
2547    -207978.015625
2548    -207978.593750
2549    -207979.171875
2550    -207979.812500
2551    -207980.453125
2552    -207981.046875
2553    -207981.593750
2554    -207982.187500
2555    -207982.781250
2556    -207983.421875
2557    -207984.015625
2558    -207984.625000
2559    -207985.359375
2560    -207985.921875
2561    -207986.531250
2562    -207987.031250
2563    -207987.765625
2564    -207988.328125
2565    -207989.046875
2566    -207989.546875
2567    -207990.093750
2568    -207990.687500
2569    -207991.328125
2570    -207991.890625
2571    -207992.531250
2572    -207993.187500
2573    -207993.656250
2574    -207994.312500
2575    -207994.921875
2576    -207995.531250
2577    -207996.156250
2578    -207996.750000
2579    -207997.437500
2580    -207997.968750
2581    -207998.625000
2582    -207999.265625
2583    -207999.859375
2584    -208000.406250
2585    -208000.921875
2586    -208001.562500
2587    -208002.203125
2588    -208002.750000
2589    -208003.375000
2590    -208004.000000
2591    -208004.640625
2592    -208005.218750
2593    -208005.703125
2594    -208006.281250
2595    -208007.046875
2596    -208007.546875
2597    -208008.140625
2598    -208008.750000
2599    -208009.343750
2600    -208010.000000
2601    -208010.750000
2602    -208011.125000
2603    -208011.750000
2604    -208012.375000
2605    -208012.968750
2606    -208013.625000
2607    -208014.171875
2608    -208014.671875
2609    -208015.375000
2610    -208015.953125
2611    -208016.593750
2612    -208017.156250
2613    -208017.765625
2614    -208018.343750
2615    -208018.875000
2616    -208019.468750
2617    -208020.171875
2618    -208020.781250
2619    -208021.312500
2620    -208021.937500
2621    -208022.515625
2622    -208023.218750
2623    -208023.781250
2624    -208024.406250
2625    -208024.968750
2626    -208025.625000
2627    -208026.125000
2628    -208026.718750
2629    -208027.296875
2630    -208028.109375
2631    -208028.656250
2632    -208029.171875
2633    -208029.750000
2634    -208030.468750
2635    -208031.000000
2636    -208031.531250
2637    -208032.156250
2638    -208032.875000
2639    -208033.453125
2640    -208033.937500
2641    -208034.578125
2642    -208035.203125
2643    -208035.750000
2644    -208036.406250
2645    -208036.984375
2646    -208037.546875
2647    -208038.187500
2648    -208038.703125
2649    -208039.343750
2650    -208039.968750
2651    -208040.531250
2652    -208041.125000
2653    -208041.718750
2654    -208042.343750
2655    -208042.906250
2656    -208043.562500
2657    -208044.046875
2658    -208044.750000
2659    -208045.281250
2660    -208045.796875
2661    -208046.453125
2662    -208047.062500
2663    -208047.640625
2664    -208048.234375
2665    -208048.843750
2666    -208049.375000
2667    -208049.875000
2668    -208050.500000
2669    -208051.125000
2670    -208051.671875
2671    -208052.234375
2672    -208052.812500
2673    -208053.375000
2674    -208053.937500
2675    -208054.500000
2676    -208055.109375
2677    -208055.625000
2678    -208056.156250
2679    -208056.750000
2680    -208057.281250
2681    -208057.875000
2682    -208058.500000
2683    -208059.000000
2684    -208059.593750
2685    -208060.125000
2686    -208060.718750
2687    -208061.250000
2688    -208061.687500
2689    -208062.375000
2690    -208062.875000
2691    -208063.453125
2692    -208064.015625
2693    -208064.593750
2694    -208065.062500
2695    -208065.546875
2696    -208066.171875
2697    -208066.593750
2698    -208067.156250
2699    -208067.750000
2700    -208068.265625
2701    -208068.750000
2702    -208069.406250
2703    -208069.906250
2704    -208070.375000
2705    -208070.953125
2706    -208071.468750
2707    -208072.000000
2708    -208072.609375
2709    -208073.093750
2710    -208073.562500
2711    -208074.171875
2712    -208074.765625
2713    -208075.187500
2714    -208075.687500
2715    -208076.250000
2716    -208076.781250
2717    -208077.390625
2718    -208077.765625
2719    -208078.265625
2720    -208078.875000
2721    -208079.375000
2722    -208079.875000
2723    -208080.406250
2724    -208080.875000
2725    -208081.343750
2726    -208081.921875
2727    -208082.437500
2728    -208082.937500
2729    -208083.359375
2730    -208083.968750
2731    -208084.515625
2732    -208085.000000
2733    -208085.515625
2734    -208086.015625
2735    -208086.468750
2736    -208087.000000
2737    -208087.531250
2738    -208088.046875
2739    -208088.562500
2740    -208088.953125
2741    -208089.437500
2742    -208089.968750
2743    -208090.468750
2744    -208091.000000
2745    -208091.468750
2746    -208091.968750
2747    -208092.375000
2748    -208092.890625
2749    -208093.390625
2750    -208093.812500
2751    -208094.375000
2752    -208094.781250
2753    -208095.093750
2754    -208095.718750
2755    -208096.156250
2756    -208096.718750
2757    -208097.187500
2758    -208097.656250
2759    -208098.156250
2760    -208098.625000
2761    -208099.000000
2762    -208099.500000
2763    -208099.937500
2764    -208100.468750
2765    -208100.953125
2766    -208101.390625
2767    -208101.875000
2768    -208102.406250
2769    -208102.812500
2770    -208103.375000
2771    -208103.812500
2772    -208104.234375
2773    -208104.718750
2774    -208105.218750
2775    -208105.593750
2776    -208106.031250
2777    -208106.546875
2778    -208107.015625
2779    -208107.515625
2780    -208107.953125
2781    -208108.375000
2782    -208108.875000
2783    -208109.328125
2784    -208109.750000
2785    -208110.250000
2786    -208110.781250
2787    -208111.234375
2788    -208111.625000
2789    -208112.062500
2790    -208112.531250
2791    -208112.984375
2792    -208113.437500
2793    -208114.000000
2794    -208114.406250
2795    -208114.859375
2796    -208115.296875
2797    -208115.765625
2798    -208116.171875
2799    -208116.640625
2800    -208117.171875
2801    -208117.640625
2802    -208118.031250
2803    -208118.531250
2804    -208118.890625
2805    -208119.375000
2806    -208119.875000
2807    -208120.343750
2808    -208120.750000
2809    -208121.250000
2810    -208121.687500
2811    -208122.234375
2812    -208122.625000
2813    -208123.015625
2814    -208123.500000
2815    -208123.921875
2816    -208124.421875
2817    -208124.843750
2818    -208125.312500
2819    -208125.781250
2820    -208126.203125
2821    -208126.718750
2822    -208127.187500
2823    -208127.609375
2824    -208128.031250
2825    -208128.531250
2826    -208128.968750
2827    -208129.375000
2828    -208129.750000
2829    -208130.296875
2830    -208130.671875
2831    -208131.125000
2832    -208131.562500
2833    -208132.078125
2834    -208132.375000
2835    -208132.906250
2836    -208133.250000
2837    -208133.875000
2838    -208134.265625
2839    -208134.703125
2840    -208135.156250
2841    -208135.593750
2842    -208136.031250
2843    -208136.453125
2844    -208136.937500
2845    -208137.328125
2846    -208137.781250
2847    -208138.218750
2848    -208138.640625
2849    -208139.187500
2850    -208139.562500
2851    -208140.031250
2852    -208140.421875
2853    -208140.953125
2854    -208141.296875
2855    -208141.734375
2856    -208142.296875
2857    -208142.656250
2858    -208143.125000
2859    -208143.578125
2860    -208143.921875
2861    -208144.250000
2862    -208144.750000
2863    -208145.109375
2864    -208145.609375
2865    -208145.984375
2866    -208146.453125
2867    -208146.843750
2868    -208147.218750
2869    -208147.671875
2870    -208148.078125
2871    -208148.500000
2872    -208148.953125
2873    -208149.312500
2874    -208149.750000
2875    -208150.171875
2876    -208150.593750
2877    -208151.031250
2878    -208151.375000
2879    -208151.843750
2880    -208152.281250
2881    -208152.656250
2882    -208153.093750
2883    -208153.500000
2884    -208153.953125
2885    -208154.312500
2886    -208154.734375
2887    -208155.187500
2888    -208155.562500
2889    -208155.968750
2890    -208156.500000
2891    -208156.843750
2892    -208157.281250
2893    -208157.750000
2894    -208158.218750
2895    -208158.468750
2896    -208158.921875
2897    -208159.296875
2898    -208159.718750
2899    -208160.171875
2900    -208160.625000
2901    -208161.000000
2902    -208161.437500
2903    -208161.828125
2904    -208162.218750
2905    -208162.562500
2906    -208162.953125
2907    -208163.390625
2908    -208163.781250
2909    -208164.250000
2910    -208164.671875
2911    -208165.046875
2912    -208165.406250
2913    -208165.812500
2914    -208166.265625
2915    -208166.593750
2916    -208166.953125
2917    -208167.421875
2918    -208167.859375
2919    -208168.343750
2920    -208168.671875
2921    -208169.062500
2922    -208169.468750
2923    -208169.843750
2924    -208170.234375
2925    -208170.640625
2926    -208171.078125
2927    -208171.421875
2928    -208171.875000
2929    -208172.265625
2930    -208172.593750
2931    -208173.093750
2932    -208173.453125
2933    -208173.781250
2934    -208174.218750
2935    -208174.593750
2936    -208175.000000
2937    -208175.375000
2938    -208175.781250
2939    -208176.171875
2940    -208176.562500
2941    -208176.937500
2942    -208177.375000
2943    -208177.734375
2944    -208178.093750
2945    -208178.437500
2946    -208178.859375
2947    -208179.281250
2948    -208179.687500
2949    -208180.015625
2950    -208180.375000
2951    -208180.750000
2952    -208181.234375
2953    -208181.625000
2954    -208182.031250
2955    -208182.359375
2956    -208182.718750
2957    -208183.078125
2958    -208183.453125
2959    -208183.875000
2960    -208184.281250
2961    -208184.640625
2962    -208185.031250
2963    -208185.453125
2964    -208185.781250
2965    -208186.125000
2966    -208186.531250
2967    -208186.953125
2968    -208187.281250
2969    -208187.687500
2970    -208188.000000
2971    -208188.421875
2972    -208188.796875
2973    -208189.187500
2974    -208189.593750
2975    -208189.906250
2976    -208190.234375
2977    -208190.625000
2978    -208191.078125
2979    -208191.468750
2980    -208191.796875
2981    -208192.187500
2982    -208192.531250
2983    -208192.937500
2984    -208193.250000
2985    -208193.671875
2986    -208194.062500
2987    -208194.359375
2988    -208194.875000
2989    -208195.187500
2990    -208195.484375
2991    -208195.937500
2992    -208196.281250
2993    -208196.640625
2994    -208197.031250
2995    -208197.453125
2996    -208197.828125
2997    -208198.218750
2998    -208198.578125
2999    -208198.937500
3000    -208199.250000
3001    -208199.640625
3002    -208199.968750
3003    -208200.390625
3004    -208200.781250
3005    -208201.156250
3006    -208201.468750
3007    -208201.843750
3008    -208202.250000
3009    -208202.578125
3010    -208202.906250
3011    -208203.312500
3012    -208203.687500
3013    -208204.093750
3014    -208204.406250
3015    -208204.718750
3016    -208205.187500
3017    -208205.484375
3018    -208205.875000
3019    -208206.218750
3020    -208206.562500
3021    -208206.984375
3022    -208207.296875
3023    -208207.640625
3024    -208208.093750
3025    -208208.390625
3026    -208208.812500
3027    -208209.156250
3028    -208209.531250
3029    -208209.875000
3030    -208210.265625
3031    -208210.609375
3032    -208210.921875
3033    -208211.359375
3034    -208211.687500
3035    -208212.062500
3036    -208212.421875
3037    -208212.781250
3038    -208213.125000
3039    -208213.484375
3040    -208213.812500
3041    -208214.156250
3042    -208214.531250
3043    -208214.875000
3044    -208215.171875
3045    -208215.593750
3046    -208215.921875
3047    -208216.312500
3048    -208216.640625
3049    -208216.984375
3050    -208217.359375
3051    -208217.718750
3052    -208218.140625
3053    -208218.468750
3054    -208218.843750
3055    -208219.187500
3056    -208219.562500
3057    -208219.875000
3058    -208220.187500
3059    -208220.562500
3060    -208220.953125
3061    -208221.296875
3062    -208221.640625
3063    -208222.031250
3064    -208222.375000
3065    -208222.750000
3066    -208223.031250
3067    -208223.390625
3068    -208223.828125
3069    -208224.140625
3070    -208224.531250
3071    -208224.812500
3072    -208225.234375
3073    -208225.640625
3074    -208225.937500
3075    -208226.234375
3076    -208226.687500
3077    -208227.062500
3078    -208227.343750
3079    -208227.750000
3080    -208228.125000
3081    -208228.437500
3082    -208228.796875
3083    -208229.078125
3084    -208229.562500
3085    -208229.890625
3086    -208230.250000
3087    -208230.656250
3088    -208231.031250
3089    -208231.343750
3090    -208231.687500
3091    -208232.062500
3092    -208232.437500
3093    -208232.875000
3094    -208233.140625
3095    -208233.562500
3096    -208233.796875
3097    -208234.218750
3098    -208234.531250
3099    -208234.937500
3100    -208235.281250
3101    -208235.593750
3102    -208235.937500
3103    -208236.343750
3104    -208236.687500
3105    -208237.062500
3106    -208237.437500
3107    -208237.718750
3108    -208238.093750
3109    -208238.531250
3110    -208238.812500
3111    -208239.187500
3112    -208239.562500
3113    -208239.843750
3114    -208240.312500
3115    -208240.656250
3116    -208241.015625
3117    -208241.312500
3118    -208241.687500
3119    -208242.078125
3120    -208242.437500
3121    -208242.781250
3122    -208243.187500
3123    -208243.515625
3124    -208243.843750
3125    -208244.281250
3126    -208244.609375
3127    -208244.968750
3128    -208245.312500
3129    -208245.671875
3130    -208246.125000
3131    -208246.375000
3132    -208246.687500
3133    -208247.093750
3134    -208247.468750
3135    -208247.843750
3136    -208248.203125
3137    -208248.546875
3138    -208248.984375
3139    -208249.281250
3140    -208249.625000
3141    -208250.031250
3142    -208250.437500
3143    -208250.734375
3144    -208251.031250
3145    -208251.390625
3146    -208251.906250
3147    -208252.125000
3148    -208252.562500
3149    -208252.921875
3150    -208253.203125
3151    -208253.546875
3152    -208254.015625
3153    -208254.359375
3154    -208254.718750
3155    -208255.031250
3156    -208255.421875
3157    -208255.750000
3158    -208256.140625
3159    -208256.437500
3160    -208256.828125
3161    -208257.156250
3162    -208257.562500
3163    -208257.875000
3164    -208258.281250
3165    -208258.625000
3166    -208259.031250
3167    -208259.375000
3168    -208259.718750
3169    -208260.125000
3170    -208260.453125
3171    -208260.734375
3172    -208261.171875
3173    -208261.546875
3174    -208261.843750
3175    -208262.140625
3176    -208262.562500
3177    -208262.875000
3178    -208263.250000
3179    -208263.625000
3180    -208263.937500
3181    -208264.281250
3182    -208264.656250
3183    -208265.000000
3184    -208265.390625
3185    -208265.718750
3186    -208266.125000
3187    -208266.375000
3188    -208266.750000
3189    -208267.093750
3190    -208267.468750
3191    -208267.796875
3192    -208268.125000
3193    -208268.453125
3194    -208268.875000
3195    -208269.156250
3196    -208269.500000
3197    -208269.859375
3198    -208270.171875
3199    -208270.593750
3200    -208270.859375
3201    -208271.187500
3202    -208271.515625
3203    -208271.875000
3204    -208272.125000
3205    -208272.562500
3206    -208272.812500
3207    -208273.203125
3208    -208273.593750
3209    -208273.890625
3210    -208274.187500
3211    -208274.484375
3212    -208274.875000
3213    -208275.187500
3214    -208275.593750
3215    -208275.843750
3216    -208276.156250
3217    -208276.500000
3218    -208276.812500
3219    -208277.140625
3220    -208277.468750
3221    -208277.734375
3222    -208278.046875
3223    -208278.328125
3224    -208278.750000
3225    -208279.000000
3226    -208279.375000
3227    -208279.640625
3228    -208279.968750
3229    -208280.250000
3230    -208280.625000
3231    -208280.859375
3232    -208281.203125
3233    -208281.437500
3234    -208281.781250
3235    -208282.093750
3236    -208282.421875
3237    -208282.687500
3238    -208283.000000
3239    -208283.343750
3240    -208283.593750
3241    -208283.906250
3242    -208284.187500
3243    -208284.500000
3244    -208284.765625
3245    -208285.125000
3246    -208285.421875
3247    -208285.687500
3248    -208286.000000
3249    -208286.343750
3250    -208286.593750
3251    -208286.843750
3252    -208287.187500
3253    -208287.500000
3254    -208287.781250
3255    -208288.031250
3256    -208288.437500
3257    -208288.609375
3258    -208288.875000
3259    -208289.125000
3260    -208289.500000
3261    -208289.812500
3262    -208290.031250
3263    -208290.312500
3264    -208290.687500
3265    -208290.968750
3266    -208291.203125
3267    -208291.453125
3268    -208291.781250
3269    -208292.062500
3270    -208292.312500
3271    -208292.656250
3272    -208292.937500
3273    -208293.218750
3274    -208293.500000
3275    -208293.812500
3276    -208294.062500
3277    -208294.312500
3278    -208294.625000
3279    -208294.937500
3280    -208295.125000
3281    -208295.437500
3282    -208295.718750
3283    -208296.031250
3284    -208296.312500
3285    -208296.625000
3286    -208296.875000
3287    -208297.109375
3288    -208297.421875
3289    -208297.718750
3290    -208297.953125
3291    -208298.281250
3292    -208298.578125
3293    -208298.718750
3294    -208299.062500
3295    -208299.375000
3296    -208299.625000
3297    -208299.875000
3298    -208300.093750
3299    -208300.343750
3300    -208300.625000
3301    -208300.937500
3302    -208301.218750
3303    -208301.453125
3304    -208301.718750
3305    -208302.000000
3306    -208302.218750
3307    -208302.500000
3308    -208302.781250
3309    -208303.031250
3310    -208303.250000
3311    -208303.546875
3312    -208303.812500
3313    -208304.078125
3314    -208304.312500
3315    -208304.562500
3316    -208304.843750
3317    -208305.140625
3318    -208305.343750
3319    -208305.656250
3320    -208305.937500
3321    -208306.109375
3322    -208306.375000
3323    -208306.625000
3324    -208306.968750
3325    -208307.171875
3326    -208307.453125
3327    -208307.687500
3328    -208307.968750
3329    -208308.187500
3330    -208308.453125
3331    -208308.750000
3332    -208308.968750
3333    -208309.250000
3334    -208309.468750
3335    -208309.781250
3336    -208309.984375
3337    -208310.218750
3338    -208310.531250
3339    -208310.765625
3340    -208311.062500
3341    -208311.328125
3342    -208311.593750
3343    -208311.812500
3344    -208312.125000
3345    -208312.312500
3346    -208312.578125
3347    -208312.843750
3348    -208313.125000
3349    -208313.468750
3350    -208313.609375
3351    -208313.906250
3352    -208314.171875
3353    -208314.421875
3354    -208314.718750
3355    -208314.937500
3356    -208315.156250
3357    -208315.453125
3358    -208315.765625
3359    -208316.046875
3360    -208316.265625
3361    -208316.531250
3362    -208316.796875
3363    -208317.031250
3364    -208317.234375
3365    -208317.578125
3366    -208317.812500
3367    -208318.015625
3368    -208318.312500
3369    -208318.609375
3370    -208318.890625
3371    -208319.093750
3372    -208319.375000
3373    -208319.593750
3374    -208319.843750
3375    -208320.140625
3376    -208320.375000
3377    -208320.640625
3378    -208320.968750
3379    -208321.187500
3380    -208321.421875
3381    -208321.718750
3382    -208321.890625
3383    -208322.140625
3384    -208322.468750
3385    -208322.703125
3386    -208322.937500
3387    -208323.156250
3388    -208323.468750
3389    -208323.703125
3390    -208323.968750
3391    -208324.265625
3392    -208324.484375
3393    -208324.765625
3394    -208325.000000
3395    -208325.328125
3396    -208325.515625
3397    -208325.781250
3398    -208326.031250
3399    -208326.296875
3400    -208326.500000
3401    -208326.796875
3402    -208327.093750
3403    -208327.281250
3404    -208327.578125
3405    -208327.828125
3406    -208328.031250
3407    -208328.328125
3408    -208328.531250
3409    -208328.812500
3410    -208329.109375
3411    -208329.312500
3412    -208329.656250
3413    -208329.859375
3414    -208330.125000
3415    -208330.296875
3416    -208330.625000
3417    -208330.843750
3418    -208331.140625
3419    -208331.359375
3420    -208331.593750
3421    -208331.906250
3422    -208332.156250
3423    -208332.406250
3424    -208332.625000
3425    -208332.890625
3426    -208333.125000
3427    -208333.375000
3428    -208333.656250
3429    -208333.906250
3430    -208334.187500
3431    -208334.468750
3432    -208334.703125
3433    -208335.015625
3434    -208335.218750
3435    -208335.531250
3436    -208335.812500
3437    -208336.062500
3438    -208336.281250
3439    -208336.546875
3440    -208336.812500
3441    -208337.062500
3442    -208337.328125
3443    -208337.656250
3444    -208337.968750
3445    -208338.187500
3446    -208338.453125
3447    -208338.656250
3448    -208338.953125
3449    -208339.265625
3450    -208339.500000
3451    -208339.750000
3452    -208340.031250
3453    -208340.328125
3454    -208340.578125
3455    -208340.906250
3456    -208341.187500
3457    -208341.500000
3458    -208341.656250
3459    -208342.000000
3460    -208342.234375
3461    -208342.531250
3462    -208342.875000
3463    -208343.125000
3464    -208343.406250
3465    -208343.687500
3466    -208343.937500
3467    -208344.234375
3468    -208344.531250
3469    -208344.812500
3470    -208345.093750
3471    -208345.375000
3472    -208345.656250
3473    -208346.000000
3474    -208346.218750
3475    -208346.562500
3476    -208346.843750
3477    -208347.125000
3478    -208347.437500
3479    -208347.687500
3480    -208348.031250
3481    -208348.281250
3482    -208348.593750
3483    -208348.890625
3484    -208349.125000
3485    -208349.500000
3486    -208349.718750
3487    -208350.078125
3488    -208350.312500
3489    -208350.656250
3490    -208350.921875
3491    -208351.203125
3492    -208351.562500
3493    -208351.859375
3494    -208352.156250
3495    -208352.406250
3496    -208352.750000
3497    -208353.031250
3498    -208353.343750
3499    -208353.640625
3500    -208353.953125
3501    -208354.281250
3502    -208354.593750
3503    -208354.906250
3504    -208355.171875
3505    -208355.500000
3506    -208355.781250
3507    -208356.062500
3508    -208356.406250
3509    -208356.687500
3510    -208356.984375
3511    -208357.343750
3512    -208357.656250
3513    -208357.937500
3514    -208358.250000
3515    -208358.593750
3516    -208358.906250
3517    -208359.093750
3518    -208359.546875
3519    -208359.781250
3520    -208360.093750
3521    -208360.437500
3522    -208360.687500
3523    -208361.062500
3524    -208361.281250
3525    -208361.687500
3526    -208361.968750
3527    -208362.296875
3528    -208362.578125
3529    -208362.859375
3530    -208363.187500
3531    -208363.500000
3532    -208363.750000
3533    -208364.125000
3534    -208364.390625
3535    -208364.718750
3536    -208364.953125
3537    -208365.328125
3538    -208365.687500
3539    -208365.906250
3540    -208366.250000
3541    -208366.531250
3542    -208366.812500
3543    -208367.171875
3544    -208367.453125
3545    -208367.765625
3546    -208368.062500
3547    -208368.375000
3548    -208368.718750
3549    -208369.046875
3550    -208369.296875
3551    -208369.593750
3552    -208369.875000
3553    -208370.203125
3554    -208370.531250
3555    -208370.843750
3556    -208371.125000
3557    -208371.406250
3558    -208371.750000
3559    -208372.062500
3560    -208372.312500
3561    -208372.718750
3562    -208372.953125
3563    -208373.312500
3564    -208373.562500
3565    -208373.875000
3566    -208374.156250
3567    -208374.484375
3568    -208374.796875
3569    -208375.109375
3570    -208375.343750
3571    -208375.718750
3572    -208375.968750
3573    -208376.250000
3574    -208376.593750
3575    -208376.906250
3576    -208377.218750
3577    -208377.437500
3578    -208377.750000
3579    -208378.109375
3580    -208378.375000
3581    -208378.625000
3582    -208378.953125
3583    -208379.250000
3584    -208379.515625
3585    -208379.796875
3586    -208380.125000
3587    -208380.375000
3588    -208380.671875
3589    -208380.906250
3590    -208381.250000
3591    -208381.500000
3592    -208381.765625
3593    -208382.031250
3594    -208382.375000
3595    -208382.578125
3596    -208382.906250
3597    -208383.234375
3598    -208383.500000
3599    -208383.781250
3600    -208383.968750
3601    -208384.375000
3602    -208384.593750
3603    -208384.843750
3604    -208385.187500
3605    -208385.421875
3606    -208385.656250
3607    -208386.000000
3608    -208386.296875
3609    -208386.515625
3610    -208386.781250
3611    -208387.046875
3612    -208387.265625
3613    -208387.625000
3614    -208387.843750
3615    -208388.093750
3616    -208388.375000
3617    -208388.625000
3618    -208388.906250
3619    -208389.250000
3620    -208389.468750
3621    -208389.718750
3622    -208389.968750
3623    -208390.234375
3624    -208390.578125
3625    -208390.765625
3626    -208391.031250
3627    -208391.296875
3628    -208391.609375
3629    -208391.812500
3630    -208392.015625
3631    -208392.343750
3632    -208392.562500
3633    -208392.843750
3634    -208393.125000
3635    -208393.343750
3636    -208393.546875
3637    -208393.875000
3638    -208394.078125
3639    -208394.250000
3640    -208394.640625
3641    -208394.843750
3642    -208395.125000
3643    -208395.406250
3644    -208395.578125
3645    -208395.890625
3646    -208396.125000
3647    -208396.390625
3648    -208396.625000
3649    -208396.843750
3650    -208397.078125
3651    -208397.343750
3652    -208397.562500
3653    -208397.843750
3654    -208398.093750
3655    -208398.312500
3656    -208398.546875
3657    -208398.796875
3658    -208399.031250
3659    -208399.281250
3660    -208399.546875
3661    -208399.781250
3662    -208400.000000
3663    -208400.250000
3664    -208400.500000
3665    -208400.687500
3666    -208400.968750
3667    -208401.156250
3668    -208401.375000
3669    -208401.625000
3670    -208401.890625
3671    -208402.078125
3672    -208402.328125
3673    -208402.625000
3674    -208402.812500
3675    -208403.031250
3676    -208403.343750
3677    -208403.500000
3678    -208403.718750
3679    -208403.921875
3680    -208404.187500
3681    -208404.406250
3682    -208404.656250
3683    -208404.843750
3684    -208405.078125
3685    -208405.296875
3686    -208405.500000
3687    -208405.718750
3688    -208406.000000
3689    -208406.187500
3690    -208406.390625
3691    -208406.609375
3692    -208406.875000
3693    -208407.031250
3694    -208407.265625
3695    -208407.500000
3696    -208407.718750
3697    -208407.953125
3698    -208408.156250
3699    -208408.375000
3700    -208408.609375
3701    -208408.843750
3702    -208409.062500
3703    -208409.218750
3704    -208409.437500
3705    -208409.625000
3706    -208409.875000
3707    -208410.093750
3708    -208410.250000
3709    -208410.468750
3710    -208410.718750
3711    -208410.906250
3712    -208411.109375
3713    -208411.281250
3714    -208411.500000
3715    -208411.750000
3716    -208411.921875
3717    -208412.125000
3718    -208412.328125
3719    -208412.500000
3720    -208412.734375
3721    -208412.875000
3722    -208413.125000
3723    -208413.359375
3724    -208413.515625
3725    -208413.703125
3726    -208413.875000
3727    -208414.062500
3728    -208414.250000
3729    -208414.500000
3730    -208414.656250
3731    -208414.890625
3732    -208415.093750
3733    -208415.250000
3734    -208415.515625
3735    -208415.640625
3736    -208415.812500
3737    -208416.000000
3738    -208416.187500
3739    -208416.437500
3740    -208416.593750
3741    -208416.812500
3742    -208417.000000
3743    -208417.187500
3744    -208417.343750
3745    -208417.578125
3746    -208417.734375
3747    -208417.937500
3748    -208418.125000
3749    -208418.265625
3750    -208418.500000
3751    -208418.625000
3752    -208418.843750
3753    -208419.000000
3754    -208419.156250
3755    -208419.421875
3756    -208419.578125
3757    -208419.781250
3758    -208419.953125
3759    -208420.078125
3760    -208420.312500
3761    -208420.468750
3762    -208420.687500
3763    -208420.843750
3764    -208421.031250
3765    -208421.203125
3766    -208421.406250
3767    -208421.562500
3768    -208421.765625
3769    -208421.906250
3770    -208422.093750
3771    -208422.281250
3772    -208422.437500
3773    -208422.656250
3774    -208422.843750
3775    -208423.046875
3776    -208423.187500
3777    -208423.343750
