Step            Loss
--------------------
1        2022.145630
2        1621.496826
3        1220.220825
4         820.283508
5         419.343689
6          18.808456
7        -382.011841
8        -782.077026
9       -1182.707642
10      -1582.523682
11      -1983.656494
12      -2383.688232
13      -2784.494141
14      -3184.323242
15      -3585.227783
16      -3984.858398
17      -4386.090332
18      -4786.227539
19      -5186.964355
20      -5587.145996
21      -5988.545898
22      -6388.469727
23      -6789.723633
24      -7191.707031
25      -7592.256836
26      -7993.646484
27      -8394.707031
28      -8796.421875
29      -9197.966797
30      -9600.495117
31      -10003.460938
32      -10406.123047
33      -10808.541016
34      -11212.781250
35      -11616.535156
36      -12019.514648
37      -12424.349609
38      -12828.854492
39      -13234.351562
40      -13639.622070
41      -14045.089844
42      -14451.632812
43      -14857.998047
44      -15265.703125
45      -15673.275391
46      -16081.568359
47      -16490.611328
48      -16899.460938
49      -17308.763672
50      -17720.037109
51      -18130.234375
52      -18540.601562
53      -18953.417969
54      -19364.949219
55      -19778.892578
56      -20193.562500
57      -20607.281250
58      -21022.234375
59      -21437.683594
60      -21854.210938
61      -22271.871094
62      -22689.503906
63      -23106.699219
64      -23527.041016
65      -23946.533203
66      -24367.128906
67      -24788.480469
68      -25209.968750
69      -25633.007812
70      -26056.304688
71      -26481.207031
72      -26905.253906
73      -27332.101562
74      -27758.664062
75      -28185.203125
76      -28613.607422
77      -29042.728516
78      -29472.712891
79      -29902.964844
80      -30334.585938
81      -30766.457031
82      -31199.990234
83      -31633.335938
84      -32068.500000
85      -32503.214844
86      -32939.984375
87      -33377.250000
88      -33815.296875
89      -34254.199219
90      -34693.484375
91      -35134.453125
92      -35575.390625
93      -36018.402344
94      -36460.828125
95      -36905.035156
96      -37350.832031
97      -37795.703125
98      -38242.109375
99      -38689.984375
100     -39137.906250
101     -39586.523438
102     -40036.585938
103     -40487.062500
104     -40939.320312
105     -41391.167969
106     -41844.031250
107     -42298.906250
108     -42754.375000
109     -43209.414062
110     -43666.996094
111     -44123.519531
112     -44582.062500
113     -45040.042969
114     -45500.476562
115     -45961.195312
116     -46422.617188
117     -46885.535156
118     -47348.546875
119     -47812.699219
120     -48277.660156
121     -48742.847656
122     -49208.839844
123     -49675.976562
124     -50143.570312
125     -50611.492188
126     -51081.636719
127     -51550.753906
128     -52021.843750
129     -52492.773438
130     -52965.359375
131     -53437.605469
132     -53911.585938
133     -54385.500000
134     -54859.210938
135     -55334.542969
136     -55811.335938
137     -56288.609375
138     -56766.210938
139     -57244.554688
140     -57723.531250
141     -58202.976562
142     -58682.398438
143     -59163.042969
144     -59644.468750
145     -60126.117188
146     -60607.710938
147     -61091.015625
148     -61574.867188
149     -62057.503906
150     -62542.062500
151     -63026.921875
152     -63511.500000
153     -63997.460938
154     -64484.179688
155     -64968.492188
156     -65456.320312
157     -65944.890625
158     -66431.820312
159     -66920.546875
160     -67409.835938
161     -67898.914062
162     -68387.031250
163     -68877.187500
164     -69366.671875
165     -69857.609375
166     -70348.101562
167     -70838.921875
168     -71331.031250
169     -71821.375000
170     -72313.398438
171     -72804.585938
172     -73297.179688
173     -73789.609375
174     -74283.000000
175     -74774.937500
176     -75269.375000
177     -75759.882812
178     -76253.031250
179     -76747.031250
180     -77240.000000
181     -77734.937500
182     -78227.468750
183     -78720.312500
184     -79214.500000
185     -79707.593750
186     -80201.578125
187     -80694.765625
188     -81188.421875
189     -81681.257812
190     -82175.523438
191     -82669.195312
192     -83162.984375
193     -83655.664062
194     -84149.359375
195     -84642.562500
196     -85134.734375
197     -85628.203125
198     -86119.914062
199     -86613.015625
200     -87105.250000
201     -87597.250000
202     -88088.796875
203     -88580.406250
204     -89071.656250
205     -89563.125000
206     -90053.109375
207     -90544.281250
208     -91034.609375
209     -91523.945312
210     -92013.476562
211     -92502.679688
212     -92991.593750
213     -93480.609375
214     -93967.906250
215     -94454.437500
216     -94941.234375
217     -95428.062500
218     -95914.914062
219     -96400.179688
220     -96885.484375
221     -97370.515625
222     -97854.429688
223     -98339.039062
224     -98821.343750
225     -99303.984375
226     -99785.546875
227     -100267.968750
228     -100748.828125
229     -101229.351562
230     -101709.710938
231     -102187.679688
232     -102666.203125
233     -103143.921875
234     -103621.804688
235     -104098.125000
236     -104573.890625
237     -105049.218750
238     -105523.750000
239     -105997.015625
240     -106469.843750
241     -106942.296875
242     -107413.921875
243     -107883.812500
244     -108353.859375
245     -108822.265625
246     -109291.140625
247     -109758.609375
248     -110224.289062
249     -110691.093750
250     -111155.218750
251     -111619.531250
252     -112084.437500
253     -112545.203125
254     -113008.296875
255     -113468.875000
256     -113927.101562
257     -114386.937500
258     -114844.875000
259     -115300.929688
260     -115758.765625
261     -116212.632812
262     -116667.570312
263     -117121.523438
264     -117573.781250
265     -118023.562500
266     -118475.500000
267     -118924.273438
268     -119371.640625
269     -119819.476562
270     -120265.812500
271     -120710.054688
272     -121155.820312
273     -121598.484375
274     -122041.078125
275     -122481.101562
276     -122920.835938
277     -123360.570312
278     -123797.234375
279     -124235.085938
280     -124670.101562
281     -125104.804688
282     -125538.710938
283     -125970.171875
284     -126401.750000
285     -126831.109375
286     -127260.437500
287     -127686.984375
288     -128112.429688
289     -128539.210938
290     -128961.750000
291     -129384.843750
292     -129805.062500
293     -130227.257812
294     -130645.640625
295     -131063.234375
296     -131478.687500
297     -131895.312500
298     -132309.687500
299     -132720.859375
300     -133132.937500
301     -133542.718750
302     -133952.250000
303     -134360.421875
304     -134766.781250
305     -135171.828125
306     -135574.843750
307     -135977.609375
308     -136378.031250
309     -136778.531250
310     -137176.687500
311     -137573.296875
312     -137970.343750
313     -138364.687500
314     -138757.843750
315     -139149.859375
316     -139537.968750
317     -139927.000000
318     -140316.343750
319     -140700.843750
320     -141087.437500
321     -141472.171875
322     -141853.281250
323     -142235.250000
324     -142614.531250
325     -142993.453125
326     -143371.125000
327     -143746.093750
328     -144120.375000
329     -144492.375000
330     -144863.609375
331     -145232.562500
332     -145601.531250
333     -145968.468750
334     -146334.468750
335     -146699.812500
336     -147061.015625
337     -147422.625000
338     -147782.890625
339     -148140.625000
340     -148498.468750
341     -148852.781250
342     -149207.031250
343     -149561.953125
344     -149911.000000
345     -150261.343750
346     -150608.546875
347     -150956.062500
348     -151300.296875
349     -151644.125000
350     -151986.218750
351     -152324.812500
352     -152666.218750
353     -153003.687500
354     -153341.125000
355     -153675.375000
356     -154008.718750
357     -154339.937500
358     -154670.312500
359     -155001.906250
360     -155327.984375
361     -155654.468750
362     -155979.500000
363     -156304.062500
364     -156624.250000
365     -156945.687500
366     -157264.296875
367     -157582.031250
368     -157898.000000
369     -158211.562500
370     -158525.109375
371     -158837.484375
372     -159147.468750
373     -159455.812500
374     -159763.625000
375     -160067.843750
376     -160371.703125
377     -160673.859375
378     -160975.828125
379     -161276.250000
380     -161573.281250
381     -161870.625000
382     -162166.093750
383     -162460.546875
384     -162752.406250
385     -163044.468750
386     -163334.125000
387     -163623.093750
388     -163909.875000
389     -164194.828125
390     -164479.375000
391     -164762.468750
392     -165042.312500
393     -165322.234375
394     -165601.671875
395     -165877.843750
396     -166154.468750
397     -166428.156250
398     -166702.046875
399     -166974.062500
400     -167244.593750
401     -167513.312500
402     -167780.375000
403     -168046.218750
404     -168310.734375
405     -168573.656250
406     -168835.343750
407     -169094.265625
408     -169354.187500
409     -169610.093750
410     -169867.937500
411     -170120.359375
412     -170372.734375
413     -170623.859375
414     -170873.750000
415     -171121.796875
416     -171368.750000
417     -171613.343750
418     -171858.515625
419     -172100.546875
420     -172342.343750
421     -172582.406250
422     -172821.875000
423     -173058.718750
424     -173295.093750
425     -173530.375000
426     -173764.078125
427     -173994.765625
428     -174226.406250
429     -174455.906250
430     -174682.656250
431     -174909.156250
432     -175134.562500
433     -175358.343750
434     -175579.687500
435     -175801.250000
436     -176019.562500
437     -176239.218750
438     -176456.125000
439     -176671.125000
440     -176885.359375
441     -177098.859375
442     -177310.062500
443     -177520.375000
444     -177728.687500
445     -177936.187500
446     -178142.984375
447     -178348.312500
448     -178551.687500
449     -178754.500000
450     -178955.328125
451     -179153.718750
452     -179351.671875
453     -179548.687500
454     -179744.125000
455     -179938.859375
456     -180132.531250
457     -180323.875000
458     -180513.531250
459     -180703.468750
460     -180891.890625
461     -181079.093750
462     -181263.625000
463     -181448.281250
464     -181630.140625
465     -181810.609375
466     -181990.156250
467     -182169.187500
468     -182345.312500
469     -182522.406250
470     -182696.843750
471     -182870.156250
472     -183041.781250
473     -183212.687500
474     -183383.343750
475     -183551.375000
476     -183720.937500
477     -183886.843750
478     -184051.500000
479     -184214.968750
480     -184377.906250
481     -184539.484375
482     -184699.234375
483     -184858.578125
484     -185017.296875
485     -185175.625000
486     -185329.984375
487     -185486.218750
488     -185640.515625
489     -185794.031250
490     -185945.968750
491     -186096.843750
492     -186246.609375
493     -186396.796875
494     -186542.562500
495     -186688.968750
496     -186833.687500
497     -186978.093750
498     -187121.359375
499     -187264.781250
500     -187405.281250
501     -187547.218750
502     -187686.546875
503     -187825.109375
504     -187963.156250
505     -188100.281250
506     -188233.531250
507     -188368.250000
508     -188503.281250
509     -188634.046875
510     -188767.296875
511     -188896.390625
512     -189026.296875
513     -189155.000000
514     -189282.156250
515     -189409.125000
516     -189533.500000
517     -189657.468750
518     -189781.500000
519     -189904.750000
520     -190026.171875
521     -190146.281250
522     -190266.250000
523     -190384.687500
524     -190503.015625
525     -190620.218750
526     -190734.937500
527     -190849.312500
528     -190962.812500
529     -191075.875000
530     -191186.500000
531     -191298.453125
532     -191408.171875
533     -191518.156250
534     -191625.921875
535     -191733.062500
536     -191840.609375
537     -191945.500000
538     -192050.218750
539     -192154.296875
540     -192257.562500
541     -192360.234375
542     -192461.515625
543     -192563.218750
544     -192662.031250
545     -192761.484375
546     -192859.781250
547     -192957.265625
548     -193053.343750
549     -193150.140625
550     -193245.500000
551     -193339.156250
552     -193434.093750
553     -193526.828125
554     -193618.062500
555     -193711.062500
556     -193800.437500
557     -193890.359375
558     -193979.156250
559     -194067.281250
560     -194155.250000
561     -194240.656250
562     -194326.437500
563     -194411.140625
564     -194496.500000
565     -194580.359375
566     -194662.859375
567     -194743.484375
568     -194826.171875
569     -194906.171875
570     -194986.375000
571     -195065.125000
572     -195143.046875
573     -195220.656250
574     -195297.125000
575     -195372.843750
576     -195448.171875
577     -195522.406250
578     -195596.953125
579     -195670.203125
580     -195743.437500
581     -195815.015625
582     -195887.375000
583     -195958.125000
584     -196029.187500
585     -196099.250000
586     -196168.296875
587     -196235.953125
588     -196304.875000
589     -196373.250000
590     -196440.656250
591     -196506.343750
592     -196573.218750
593     -196639.062500
594     -196704.468750
595     -196769.625000
596     -196832.781250
597     -196896.656250
598     -196958.843750
599     -197021.093750
600     -197082.578125
601     -197144.062500
602     -197204.609375
603     -197264.625000
604     -197324.203125
605     -197383.156250
606     -197441.906250
607     -197499.453125
608     -197556.875000
609     -197614.875000
610     -197669.406250
611     -197725.500000
612     -197781.281250
613     -197834.953125
614     -197890.218750
615     -197944.437500
616     -197997.593750
617     -198050.359375
618     -198103.093750
619     -198154.687500
620     -198207.000000
621     -198257.562500
622     -198308.062500
623     -198358.312500
624     -198407.953125
625     -198457.218750
626     -198505.906250
627     -198553.937500
628     -198601.546875
629     -198648.687500
630     -198695.781250
631     -198741.406250
632     -198788.250000
633     -198833.078125
634     -198877.968750
635     -198923.140625
636     -198966.437500
637     -199010.250000
638     -199053.875000
639     -199096.609375
640     -199139.765625
641     -199182.687500
642     -199224.156250
643     -199266.156250
644     -199307.734375
645     -199348.406250
646     -199388.593750
647     -199429.031250
648     -199469.000000
649     -199508.593750
650     -199548.343750
651     -199586.812500
652     -199625.125000
653     -199663.406250
654     -199701.125000
655     -199739.046875
656     -199776.406250
657     -199813.765625
658     -199850.000000
659     -199886.390625
660     -199922.781250
661     -199958.578125
662     -199994.406250
663     -200029.718750
664     -200064.203125
665     -200099.000000
666     -200133.375000
667     -200167.750000
668     -200201.937500
669     -200235.296875
670     -200268.781250
671     -200301.718750
672     -200334.562500
673     -200366.718750
674     -200399.000000
675     -200431.000000
676     -200462.343750
677     -200494.281250
678     -200525.656250
679     -200556.984375
680     -200588.125000
681     -200618.312500
682     -200648.906250
683     -200679.625000
684     -200709.156250
685     -200738.531250
686     -200768.625000
687     -200797.468750
688     -200827.031250
689     -200855.156250
690     -200884.000000
691     -200912.031250
692     -200940.265625
693     -200968.062500
694     -200995.828125
695     -201022.937500
696     -201050.343750
697     -201076.828125
698     -201103.937500
699     -201130.390625
700     -201156.156250
701     -201182.562500
702     -201208.156250
703     -201233.671875
704     -201259.062500
705     -201284.437500
706     -201308.968750
707     -201333.906250
708     -201358.906250
709     -201382.812500
710     -201407.312500
711     -201431.265625
712     -201455.359375
713     -201478.843750
714     -201502.203125
715     -201525.546875
716     -201548.687500
717     -201571.593750
718     -201594.171875
719     -201616.875000
720     -201639.437500
721     -201661.312500
722     -201683.312500
723     -201705.093750
724     -201726.500000
725     -201748.156250
726     -201769.828125
727     -201791.281250
728     -201812.437500
729     -201833.734375
730     -201854.562500
731     -201875.312500
732     -201896.593750
733     -201917.078125
734     -201937.609375
735     -201957.921875
736     -201978.281250
737     -201998.796875
738     -202018.375000
739     -202038.531250
740     -202057.937500
741     -202077.609375
742     -202097.125000
743     -202116.500000
744     -202135.750000
745     -202154.718750
746     -202173.671875
747     -202192.718750
748     -202211.312500
749     -202229.984375
750     -202248.421875
751     -202266.875000
752     -202285.218750
753     -202303.437500
754     -202321.531250
755     -202339.703125
756     -202357.406250
757     -202375.046875
758     -202392.562500
759     -202410.218750
760     -202427.562500
761     -202444.937500
762     -202462.015625
763     -202478.718750
764     -202495.859375
765     -202512.718750
766     -202529.125000
767     -202545.531250
768     -202562.031250
769     -202578.125000
770     -202594.484375
771     -202610.093750
772     -202626.250000
773     -202642.156250
774     -202657.843750
775     -202673.343750
776     -202689.375000
777     -202704.734375
778     -202720.109375
779     -202735.718750
780     -202751.062500
781     -202766.187500
782     -202781.343750
783     -202796.296875
784     -202811.250000
785     -202826.234375
786     -202840.625000
787     -202855.312500
788     -202869.796875
789     -202884.250000
790     -202898.468750
791     -202912.843750
792     -202926.843750
793     -202940.937500
794     -202955.375000
795     -202969.468750
796     -202983.312500
797     -202997.078125
798     -203011.000000
799     -203024.812500
800     -203037.968750
801     -203051.812500
802     -203065.093750
803     -203078.578125
804     -203091.781250
805     -203105.031250
806     -203118.234375
807     -203131.156250
808     -203144.171875
809     -203157.593750
810     -203169.968750
811     -203183.046875
812     -203195.687500
813     -203208.500000
814     -203220.703125
815     -203233.421875
816     -203245.906250
817     -203258.046875
818     -203270.125000
819     -203282.437500
820     -203294.734375
821     -203306.687500
822     -203318.625000
823     -203330.500000
824     -203342.531250
825     -203354.218750
826     -203366.109375
827     -203377.656250
828     -203389.312500
829     -203400.781250
830     -203412.156250
831     -203423.609375
832     -203434.437500
833     -203445.843750
834     -203457.421875
835     -203468.546875
836     -203479.593750
837     -203490.953125
838     -203502.156250
839     -203512.781250
840     -203523.953125
841     -203535.031250
842     -203545.734375
843     -203556.531250
844     -203567.062500
845     -203577.750000
846     -203588.125000
847     -203598.812500
848     -203609.218750
849     -203619.500000
850     -203630.000000
851     -203639.859375
852     -203649.875000
853     -203660.375000
854     -203670.437500
855     -203680.468750
856     -203690.375000
857     -203700.406250
858     -203710.656250
859     -203720.468750
860     -203730.437500
861     -203740.171875
862     -203749.937500
863     -203759.812500
864     -203769.468750
865     -203779.625000
866     -203788.906250
867     -203798.625000
868     -203808.187500
869     -203817.687500
870     -203827.062500
871     -203836.828125
872     -203846.156250
873     -203855.593750
874     -203864.812500
875     -203874.406250
876     -203883.562500
877     -203892.703125
878     -203901.875000
879     -203911.343750
880     -203920.484375
881     -203929.171875
882     -203937.984375
883     -203947.468750
884     -203956.296875
885     -203965.234375
886     -203974.046875
887     -203982.875000
888     -203991.687500
889     -204000.531250
890     -204009.375000
891     -204018.187500
892     -204026.546875
893     -204035.281250
894     -204044.000000
895     -204052.515625
896     -204060.937500
897     -204069.625000
898     -204078.062500
899     -204086.468750
900     -204094.875000
901     -204103.328125
902     -204111.593750
903     -204120.062500
904     -204128.359375
905     -204136.625000
906     -204144.703125
907     -204153.078125
908     -204161.046875
909     -204169.187500
910     -204177.500000
911     -204185.656250
912     -204193.625000
913     -204201.437500
914     -204209.281250
915     -204217.218750
916     -204225.093750
917     -204232.500000
918     -204240.484375
919     -204248.437500
920     -204256.125000
921     -204264.078125
922     -204271.531250
923     -204279.531250
924     -204287.062500
925     -204294.609375
926     -204301.953125
927     -204309.593750
928     -204317.250000
929     -204324.546875
930     -204332.093750
931     -204339.500000
932     -204346.375000
933     -204353.843750
934     -204361.375000
935     -204368.625000
936     -204376.000000
937     -204383.343750
938     -204390.218750
939     -204397.609375
940     -204404.703125
941     -204411.875000
942     -204418.906250
943     -204426.000000
944     -204432.906250
945     -204439.843750
946     -204447.000000
947     -204453.843750
948     -204460.875000
949     -204467.968750
950     -204474.703125
951     -204481.671875
952     -204488.718750
953     -204495.468750
954     -204502.187500
955     -204509.171875
956     -204516.062500
957     -204522.750000
958     -204529.593750
959     -204536.046875
960     -204542.796875
961     -204549.281250
962     -204555.953125
963     -204562.843750
964     -204569.375000
965     -204575.968750
966     -204582.312500
967     -204589.125000
968     -204595.500000
969     -204602.250000
970     -204608.375000
971     -204614.828125
972     -204621.484375
973     -204627.625000
974     -204634.375000
975     -204640.781250
976     -204647.093750
977     -204653.593750
978     -204659.640625
979     -204666.031250
980     -204672.359375
981     -204678.765625
982     -204684.937500
983     -204691.250000
984     -204697.437500
985     -204703.625000
986     -204709.812500
987     -204716.062500
988     -204722.437500
989     -204728.375000
990     -204734.359375
991     -204740.750000
992     -204746.781250
993     -204752.937500
994     -204759.218750
995     -204765.187500
996     -204771.406250
997     -204777.312500
998     -204783.250000
999     -204789.656250
1000    -204795.500000
1001    -204801.421875
1002    -204807.531250
1003    -204813.312500
1004    -204819.296875
1005    -204825.218750
1006    -204831.328125
1007    -204836.968750
1008    -204842.937500
1009    -204848.968750
1010    -204854.656250
1011    -204860.656250
1012    -204866.437500
1013    -204872.312500
1014    -204877.984375
1015    -204883.968750
1016    -204889.562500
1017    -204895.546875
1018    -204901.250000
1019    -204907.187500
1020    -204912.812500
1021    -204918.656250
1022    -204924.406250
1023    -204930.187500
1024    -204935.890625
1025    -204941.750000
1026    -204947.218750
1027    -204952.875000
1028    -204958.734375
1029    -204964.375000
1030    -204969.921875
1031    -204975.406250
1032    -204981.140625
1033    -204986.562500
1034    -204992.343750
1035    -204997.859375
1036    -205003.531250
1037    -205009.093750
1038    -205014.734375
1039    -205020.250000
1040    -205025.562500
1041    -205031.140625
1042    -205036.859375
1043    -205042.015625
1044    -205047.718750
1045    -205053.265625
1046    -205058.687500
1047    -205063.968750
1048    -205069.250000
1049    -205074.656250
1050    -205079.953125
1051    -205085.359375
1052    -205091.015625
1053    -205096.281250
1054    -205101.625000
1055    -205107.000000
1056    -205112.125000
1057    -205117.578125
1058    -205122.906250
1059    -205128.093750
1060    -205133.531250
1061    -205138.640625
1062    -205143.812500
1063    -205148.968750
1064    -205154.062500
1065    -205159.562500
1066    -205164.687500
1067    -205169.906250
1068    -205174.906250
1069    -205180.281250
1070    -205185.453125
1071    -205190.562500
1072    -205195.750000
1073    -205200.640625
1074    -205205.828125
1075    -205210.687500
1076    -205215.984375
1077    -205220.906250
1078    -205225.921875
1079    -205230.968750
1080    -205236.093750
1081    -205241.250000
1082    -205245.953125
1083    -205250.968750
1084    -205256.000000
1085    -205261.062500
1086    -205265.921875
1087    -205270.843750
1088    -205275.687500
1089    -205280.625000
1090    -205285.468750
1091    -205290.453125
1092    -205295.000000
1093    -205300.156250
1094    -205304.812500
1095    -205309.718750
1096    -205314.593750
1097    -205319.203125
1098    -205323.968750
1099    -205328.875000
1100    -205333.875000
1101    -205338.421875
1102    -205343.312500
1103    -205348.000000
1104    -205352.781250
1105    -205357.796875
1106    -205362.218750
1107    -205367.031250
1108    -205371.812500
1109    -205376.421875
1110    -205381.156250
1111    -205385.828125
1112    -205390.546875
1113    -205395.218750
1114    -205400.015625
1115    -205404.531250
1116    -205409.125000
1117    -205413.718750
1118    -205418.250000
1119    -205423.031250
1120    -205427.468750
1121    -205432.187500
1122    -205436.500000
1123    -205441.093750
1124    -205445.937500
1125    -205450.328125
1126    -205454.937500
1127    -205459.421875
1128    -205463.984375
1129    -205468.562500
1130    -205472.968750
1131    -205477.750000
1132    -205482.187500
1133    -205486.531250
1134    -205490.953125
1135    -205495.296875
1136    -205499.796875
1137    -205504.046875
1138    -205508.531250
1139    -205512.734375
1140    -205517.312500
1141    -205521.500000
1142    -205525.890625
1143    -205530.312500
1144    -205534.640625
1145    -205539.093750
1146    -205543.250000
1147    -205547.500000
1148    -205551.687500
1149    -205556.125000
1150    -205560.375000
1151    -205564.781250
1152    -205568.906250
1153    -205573.031250
1154    -205577.109375
1155    -205581.437500
1156    -205585.828125
1157    -205589.937500
1158    -205593.906250
1159    -205598.171875
1160    -205602.343750
1161    -205606.453125
1162    -205610.531250
1163    -205614.687500
1164    -205618.656250
1165    -205622.796875
1166    -205626.875000
1167    -205630.968750
1168    -205634.859375
1169    -205638.750000
1170    -205642.718750
1171    -205646.828125
1172    -205650.812500
1173    -205654.781250
1174    -205658.765625
1175    -205662.750000
1176    -205666.703125
1177    -205670.781250
1178    -205674.687500
1179    -205678.765625
1180    -205682.578125
1181    -205686.734375
1182    -205690.468750
1183    -205694.250000
1184    -205698.093750
1185    -205701.812500
1186    -205705.625000
1187    -205709.593750
1188    -205713.437500
1189    -205717.062500
1190    -205720.937500
1191    -205724.718750
1192    -205728.437500
1193    -205732.312500
1194    -205735.984375
1195    -205739.593750
1196    -205743.390625
1197    -205746.875000
1198    -205750.734375
1199    -205754.265625
1200    -205757.984375
1201    -205761.671875
1202    -205765.296875
1203    -205768.750000
1204    -205772.546875
1205    -205776.125000
1206    -205779.687500
1207    -205783.468750
1208    -205787.000000
1209    -205790.406250
1210    -205794.218750
1211    -205797.546875
1212    -205801.250000
1213    -205804.718750
1214    -205808.093750
1215    -205811.671875
1216    -205815.140625
1217    -205818.687500
1218    -205822.125000
1219    -205825.593750
1220    -205829.046875
1221    -205832.578125
1222    -205835.875000
1223    -205839.093750
1224    -205842.500000
1225    -205845.843750
1226    -205849.437500
1227    -205852.593750
1228    -205855.953125
1229    -205859.125000
1230    -205862.406250
1231    -205865.875000
1232    -205869.187500
1233    -205872.500000
1234    -205875.546875
1235    -205878.906250
1236    -205882.296875
1237    -205885.656250
1238    -205888.781250
1239    -205891.937500
1240    -205895.375000
1241    -205898.437500
1242    -205901.781250
1243    -205904.921875
1244    -205908.046875
1245    -205911.250000
1246    -205914.578125
1247    -205917.781250
1248    -205920.906250
1249    -205924.125000
1250    -205927.062500
1251    -205930.421875
1252    -205933.406250
1253    -205936.500000
1254    -205939.750000
1255    -205942.625000
1256    -205945.781250
1257    -205948.750000
1258    -205951.906250
1259    -205955.093750
1260    -205958.187500
1261    -205961.078125
1262    -205964.156250
1263    -205967.343750
1264    -205970.250000
1265    -205973.250000
1266    -205976.140625
1267    -205979.218750
1268    -205982.359375
1269    -205985.296875
1270    -205988.250000
1271    -205991.187500
1272    -205994.171875
1273    -205997.109375
1274    -205999.906250
1275    -206002.968750
1276    -206005.781250
1277    -206008.859375
1278    -206011.687500
1279    -206014.578125
1280    -206017.562500
1281    -206020.500000
1282    -206023.281250
1283    -206025.984375
1284    -206029.000000
1285    -206031.843750
1286    -206034.812500
1287    -206037.375000
1288    -206040.406250
1289    -206043.125000
1290    -206046.125000
1291    -206048.843750
1292    -206051.671875
1293    -206054.500000
1294    -206057.281250
1295    -206060.062500
1296    -206062.812500
1297    -206065.500000
1298    -206068.359375
1299    -206071.046875
1300    -206073.843750
1301    -206076.500000
1302    -206079.312500
1303    -206081.875000
1304    -206084.468750
1305    -206087.171875
1306    -206089.671875
1307    -206092.531250
1308    -206095.125000
1309    -206097.843750
1310    -206100.375000
1311    -206103.031250
1312    -206105.625000
1313    -206108.250000
1314    -206110.750000
1315    -206113.218750
1316    -206115.781250
1317    -206118.375000
1318    -206120.875000
1319    -206123.406250
1320    -206125.984375
1321    -206128.531250
1322    -206130.968750
1323    -206133.468750
1324    -206135.984375
1325    -206138.468750
1326    -206141.046875
1327    -206143.421875
1328    -206146.000000
1329    -206148.406250
1330    -206150.765625
1331    -206153.312500
1332    -206155.656250
1333    -206158.187500
1334    -206160.484375
1335    -206162.843750
1336    -206165.468750
1337    -206167.734375
1338    -206170.062500
1339    -206172.484375
1340    -206174.906250
1341    -206177.187500
1342    -206179.406250
1343    -206181.953125
1344    -206184.125000
1345    -206186.546875
1346    -206188.937500
1347    -206191.156250
1348    -206193.468750
1349    -206195.687500
1350    -206198.031250
1351    -206200.281250
1352    -206202.593750
1353    -206204.765625
1354    -206207.062500
1355    -206209.406250
1356    -206211.484375
1357    -206213.937500
1358    -206215.875000
1359    -206218.343750
1360    -206220.437500
1361    -206222.781250
1362    -206224.906250
1363    -206227.093750
1364    -206229.187500
1365    -206231.656250
1366    -206233.656250
1367    -206235.937500
1368    -206238.000000
1369    -206240.218750
1370    -206242.343750
1371    -206244.453125
1372    -206246.781250
1373    -206248.875000
1374    -206251.140625
1375    -206253.093750
1376    -206255.218750
1377    -206257.406250
1378    -206259.546875
1379    -206261.562500
1380    -206263.765625
1381    -206265.828125
1382    -206268.062500
1383    -206270.140625
1384    -206272.171875
1385    -206274.156250
1386    -206276.343750
1387    -206278.390625
1388    -206280.656250
1389    -206282.593750
1390    -206284.703125
1391    -206286.593750
1392    -206288.625000
1393    -206290.796875
1394    -206292.953125
1395    -206294.937500
1396    -206297.031250
1397    -206299.000000
1398    -206301.187500
1399    -206302.875000
1400    -206305.062500
1401    -206307.156250
1402    -206309.140625
1403    -206311.281250
1404    -206313.250000
1405    -206315.171875
1406    -206317.125000
1407    -206319.312500
1408    -206321.265625
1409    -206323.265625
1410    -206325.281250
1411    -206327.125000
1412    -206329.156250
1413    -206331.093750
1414    -206332.859375
1415    -206335.156250
1416    -206336.968750
1417    -206338.968750
1418    -206340.921875
1419    -206342.781250
1420    -206344.906250
1421    -206346.765625
1422    -206348.546875
1423    -206350.609375
1424    -206352.437500
1425    -206354.359375
1426    -206356.250000
1427    -206358.156250
1428    -206360.156250
1429    -206362.078125
1430    -206363.968750
1431    -206365.765625
1432    -206367.843750
1433    -206369.734375
1434    -206371.531250
1435    -206373.343750
1436    -206375.265625
1437    -206376.968750
1438    -206378.906250
1439    -206380.843750
1440    -206382.453125
1441    -206384.281250
1442    -206386.296875
1443    -206387.906250
1444    -206389.781250
1445    -206391.593750
1446    -206393.437500
1447    -206395.406250
1448    -206397.125000
1449    -206399.000000
1450    -206400.734375
1451    -206402.468750
1452    -206404.312500
1453    -206406.187500
1454    -206408.000000
1455    -206409.562500
1456    -206411.390625
1457    -206413.234375
1458    -206415.062500
1459    -206416.765625
1460    -206418.515625
1461    -206420.312500
1462    -206421.968750
1463    -206423.875000
1464    -206425.468750
1465    -206427.218750
1466    -206428.875000
1467    -206430.687500
1468    -206432.406250
1469    -206434.156250
1470    -206435.781250
1471    -206437.531250
1472    -206439.296875
1473    -206440.921875
1474    -206442.734375
1475    -206444.375000
1476    -206446.125000
1477    -206447.843750
1478    -206449.546875
1479    -206451.312500
1480    -206452.875000
1481    -206454.625000
1482    -206456.343750
1483    -206457.921875
1484    -206459.687500
1485    -206461.281250
1486    -206463.109375
1487    -206464.796875
1488    -206466.281250
1489    -206468.078125
1490    -206469.734375
1491    -206471.406250
1492    -206472.843750
1493    -206474.593750
1494    -206476.312500
1495    -206477.875000
1496    -206479.718750
1497    -206481.234375
1498    -206482.953125
1499    -206484.562500
1500    -206486.375000
1501    -206487.843750
1502    -206489.484375
1503    -206491.125000
1504    -206492.750000
1505    -206494.500000
1506    -206496.078125
1507    -206497.609375
1508    -206499.312500
1509    -206501.000000
1510    -206502.578125
1511    -206504.093750
1512    -206505.578125
1513    -206507.250000
1514    -206508.781250
1515    -206510.406250
1516    -206511.890625
1517    -206513.484375
1518    -206515.140625
1519    -206516.609375
1520    -206518.187500
1521    -206519.906250
1522    -206521.406250
1523    -206522.953125
1524    -206524.484375
1525    -206526.062500
1526    -206527.609375
1527    -206529.031250
1528    -206530.765625
1529    -206532.343750
1530    -206533.921875
1531    -206535.406250
1532    -206536.937500
1533    -206538.390625
1534    -206539.843750
1535    -206541.484375
1536    -206543.125000
1537    -206544.578125
1538    -206546.156250
1539    -206547.578125
1540    -206549.171875
1541    -206550.562500
1542    -206552.109375
1543    -206553.750000
1544    -206555.171875
1545    -206556.593750
1546    -206558.156250
1547    -206559.656250
1548    -206561.250000
1549    -206562.718750
1550    -206564.312500
1551    -206565.718750
1552    -206567.203125
1553    -206568.750000
1554    -206570.250000
1555    -206571.671875
1556    -206573.187500
1557    -206574.718750
1558    -206576.343750
1559    -206577.765625
1560    -206579.125000
1561    -206580.703125
1562    -206582.171875
1563    -206583.750000
1564    -206585.203125
1565    -206586.718750
1566    -206588.218750
1567    -206589.625000
1568    -206591.218750
1569    -206592.562500
1570    -206594.265625
1571    -206595.562500
1572    -206597.000000
1573    -206598.656250
1574    -206600.140625
1575    -206601.718750
1576    -206603.093750
1577    -206604.578125
1578    -206606.000000
1579    -206607.500000
1580    -206609.031250
1581    -206610.406250
1582    -206611.953125
1583    -206613.421875
1584    -206614.937500
1585    -206616.484375
1586    -206617.875000
1587    -206619.312500
1588    -206620.890625
1589    -206622.328125
1590    -206623.796875
1591    -206625.187500
1592    -206626.687500
1593    -206628.218750
1594    -206629.718750
1595    -206631.203125
1596    -206632.656250
1597    -206634.093750
1598    -206635.656250
1599    -206637.046875
1600    -206638.609375
1601    -206639.812500
1602    -206641.500000
1603    -206642.953125
1604    -206644.359375
1605    -206645.859375
1606    -206647.281250
1607    -206648.828125
1608    -206650.250000
1609    -206651.656250
1610    -206653.250000
1611    -206654.656250
1612    -206656.125000
1613    -206657.625000
1614    -206659.062500
1615    -206660.718750
1616    -206662.078125
1617    -206663.359375
1618    -206665.093750
1619    -206666.468750
1620    -206667.968750
1621    -206669.296875
1622    -206670.718750
1623    -206672.265625
1624    -206673.718750
1625    -206675.187500
1626    -206676.609375
1627    -206678.078125
1628    -206679.359375
1629    -206680.875000
1630    -206682.500000
1631    -206683.968750
1632    -206685.343750
1633    -206686.875000
1634    -206688.312500
1635    -206689.718750
1636    -206691.125000
1637    -206692.640625
1638    -206694.093750
1639    -206695.531250
1640    -206697.000000
1641    -206698.437500
1642    -206699.937500
1643    -206701.343750
1644    -206702.828125
1645    -206704.375000
1646    -206705.796875
1647    -206707.234375
1648    -206708.734375
1649    -206710.296875
1650    -206711.750000
1651    -206713.031250
1652    -206714.625000
1653    -206716.062500
1654    -206717.468750
1655    -206718.828125
1656    -206720.531250
1657    -206721.921875
1658    -206723.375000
1659    -206724.875000
1660    -206726.312500
1661    -206727.734375
1662    -206729.328125
1663    -206730.781250
1664    -206732.281250
1665    -206733.828125
1666    -206735.125000
1667    -206736.687500
1668    -206738.093750
1669    -206739.593750
1670    -206741.125000
1671    -206742.500000
1672    -206744.046875
1673    -206745.500000
1674    -206746.781250
1675    -206748.359375
1676    -206749.781250
1677    -206751.296875
1678    -206752.812500
1679    -206754.203125
1680    -206755.812500
1681    -206757.312500
1682    -206758.750000
1683    -206760.296875
1684    -206761.687500
1685    -206763.078125
1686    -206764.687500
1687    -206766.125000
1688    -206767.656250
1689    -206769.234375
1690    -206770.531250
1691    -206772.093750
1692    -206773.640625
1693    -206775.062500
1694    -206776.515625
1695    -206777.937500
1696    -206779.437500
1697    -206780.906250
1698    -206782.406250
1699    -206783.875000
1700    -206785.468750
1701    -206786.906250
1702    -206788.296875
1703    -206789.812500
1704    -206791.312500
1705    -206792.906250
1706    -206794.375000
1707    -206795.843750
1708    -206797.328125
1709    -206798.718750
1710    -206800.171875
1711    -206801.812500
1712    -206803.265625
1713    -206804.765625
1714    -206806.281250
1715    -206807.781250
1716    -206809.390625
1717    -206810.781250
1718    -206812.328125
1719    -206813.750000
1720    -206815.218750
1721    -206817.000000
1722    -206818.343750
1723    -206819.921875
1724    -206821.437500
1725    -206822.937500
1726    -206824.468750
1727    -206826.125000
1728    -206827.500000
1729    -206829.046875
1730    -206830.515625
1731    -206831.937500
1732    -206833.562500
1733    -206835.093750
1734    -206836.609375
1735    -206838.093750
1736    -206839.656250
1737    -206841.156250
1738    -206842.781250
1739    -206844.265625
1740    -206845.765625
1741    -206847.421875
1742    -206848.890625
1743    -206850.406250
1744    -206852.000000
1745    -206853.500000
1746    -206855.046875
1747    -206856.437500
1748    -206858.046875
1749    -206859.562500
1750    -206861.109375
1751    -206862.687500
1752    -206864.250000
1753    -206865.703125
1754    -206867.281250
1755    -206868.812500
1756    -206870.156250
1757    -206871.656250
1758    -206873.468750
1759    -206874.812500
1760    -206876.375000
1761    -206877.781250
1762    -206879.328125
1763    -206881.031250
1764    -206882.328125
1765    -206883.953125
1766    -206885.343750
1767    -206886.937500
1768    -206888.468750
1769    -206889.906250
1770    -206891.515625
1771    -206893.031250
1772    -206894.562500
1773    -206895.968750
1774    -206897.578125
1775    -206899.000000
1776    -206900.593750
1777    -206901.906250
1778    -206903.531250
1779    -206905.031250
1780    -206906.593750
1781    -206907.968750
1782    -206909.562500
1783    -206911.031250
1784    -206912.531250
1785    -206914.062500
1786    -206915.421875
1787    -206917.031250
1788    -206918.562500
1789    -206919.968750
1790    -206921.593750
1791    -206922.953125
1792    -206924.437500
1793    -206925.953125
1794    -206927.500000
1795    -206928.968750
1796    -206930.359375
1797    -206931.875000
1798    -206933.406250
1799    -206934.812500
1800    -206936.406250
1801    -206937.953125
1802    -206939.281250
1803    -206940.734375
1804    -206942.125000
1805    -206943.718750
1806    -206945.093750
1807    -206946.687500
1808    -206948.093750
1809    -206949.625000
1810    -206951.000000
1811    -206952.500000
1812    -206953.937500
1813    -206955.359375
1814    -206956.828125
1815    -206958.406250
1816    -206959.781250
1817    -206961.218750
1818    -206962.718750
1819    -206963.968750
1820    -206965.593750
1821    -206967.031250
1822    -206968.484375
1823    -206969.812500
1824    -206971.437500
1825    -206972.750000
1826    -206974.281250
1827    -206975.640625
1828    -206977.156250
1829    -206978.531250
1830    -206979.953125
1831    -206981.500000
1832    -206982.953125
1833    -206984.328125
1834    -206985.781250
1835    -206987.140625
1836    -206988.593750
1837    -206989.921875
1838    -206991.406250
1839    -206992.812500
1840    -206994.234375
1841    -206995.625000
1842    -206996.984375
1843    -206998.437500
1844    -206999.906250
1845    -207001.203125
1846    -207002.718750
1847    -207004.000000
1848    -207005.468750
1849    -207006.703125
1850    -207008.156250
1851    -207009.593750
1852    -207011.078125
1853    -207012.468750
1854    -207013.781250
1855    -207015.093750
1856    -207016.421875
1857    -207017.890625
1858    -207019.281250
1859    -207020.656250
1860    -207021.906250
1861    -207023.343750
1862    -207024.687500
1863    -207026.062500
1864    -207027.406250
1865    -207028.812500
1866    -207030.125000
1867    -207031.500000
1868    -207032.875000
1869    -207034.078125
1870    -207035.437500
1871    -207036.750000
1872    -207038.281250
1873    -207039.500000
1874    -207040.828125
1875    -207042.031250
1876    -207043.484375
1877    -207044.781250
1878    -207046.156250
1879    -207047.406250
1880    -207048.796875
1881    -207050.062500
1882    -207051.437500
1883    -207052.859375
1884    -207054.156250
1885    -207055.421875
1886    -207056.687500
1887    -207058.125000
1888    -207059.265625
1889    -207060.609375
1890    -207061.906250
1891    -207063.203125
1892    -207064.546875
1893    -207065.781250
1894    -207067.109375
1895    -207068.515625
1896    -207069.765625
1897    -207071.093750
1898    -207072.421875
1899    -207073.656250
1900    -207074.859375
1901    -207076.203125
1902    -207077.453125
1903    -207078.796875
1904    -207079.968750
1905    -207081.281250
1906    -207082.562500
1907    -207083.796875
1908    -207085.046875
1909    -207086.406250
1910    -207087.656250
1911    -207088.875000
1912    -207090.234375
1913    -207091.468750
1914    -207092.703125
1915    -207093.906250
1916    -207095.187500
1917    -207096.453125
1918    -207097.671875
1919    -207098.906250
1920    -207100.109375
1921    -207101.421875
1922    -207102.593750
1923    -207103.968750
1924    -207105.156250
1925    -207106.375000
1926    -207107.593750
1927    -207108.812500
1928    -207110.078125
1929    -207111.265625
1930    -207112.437500
1931    -207113.703125
1932    -207114.875000
1933    -207116.093750
1934    -207117.312500
1935    -207118.468750
1936    -207119.750000
1937    -207120.906250
1938    -207122.015625
1939    -207123.359375
1940    -207124.515625
1941    -207125.609375
1942    -207126.750000
1943    -207128.031250
1944    -207129.312500
1945    -207130.406250
1946    -207131.640625
1947    -207132.796875
1948    -207133.968750
1949    -207135.187500
1950    -207136.312500
1951    -207137.531250
1952    -207138.515625
1953    -207139.687500
1954    -207140.828125
1955    -207142.078125
1956    -207143.250000
1957    -207144.281250
1958    -207145.468750
1959    -207146.687500
1960    -207147.812500
1961    -207149.062500
1962    -207150.046875
1963    -207151.187500
1964    -207152.312500
1965    -207153.343750
1966    -207154.515625
1967    -207155.750000
1968    -207156.812500
1969    -207158.015625
1970    -207159.015625
1971    -207160.187500
1972    -207161.156250
1973    -207162.406250
1974    -207163.546875
1975    -207164.562500
1976    -207165.843750
1977    -207166.859375
1978    -207167.968750
1979    -207168.968750
1980    -207170.187500
1981    -207171.140625
1982    -207172.187500
1983    -207173.375000
1984    -207174.359375
1985    -207175.359375
1986    -207176.500000
1987    -207177.593750
1988    -207178.687500
1989    -207179.750000
1990    -207180.781250
1991    -207181.734375
1992    -207183.000000
1993    -207183.937500
1994    -207185.000000
1995    -207186.000000
1996    -207187.078125
1997    -207188.218750
1998    -207189.109375
1999    -207190.250000
2000    -207191.375000
2001    -207192.265625
2002    -207193.312500
2003    -207194.375000
2004    -207195.328125
2005    -207196.328125
2006    -207197.406250
2007    -207198.421875
2008    -207199.359375
2009    -207200.515625
2010    -207201.531250
2011    -207202.515625
2012    -207203.531250
2013    -207204.593750
2014    -207205.500000
2015    -207206.531250
2016    -207207.546875
2017    -207208.562500
2018    -207209.531250
2019    -207210.531250
2020    -207211.625000
2021    -207212.500000
2022    -207213.468750
2023    -207214.375000
2024    -207215.328125
2025    -207216.468750
2026    -207217.437500
2027    -207218.296875
2028    -207219.187500
2029    -207220.296875
2030    -207221.296875
2031    -207222.218750
2032    -207223.156250
2033    -207224.125000
2034    -207225.031250
2035    -207226.062500
2036    -207227.000000
2037    -207227.875000
2038    -207228.828125
2039    -207229.828125
2040    -207230.687500
2041    -207231.593750
2042    -207232.484375
2043    -207233.421875
2044    -207234.281250
2045    -207235.125000
2046    -207236.046875
2047    -207236.828125
2048    -207237.765625
2049    -207238.718750
2050    -207239.656250
2051    -207240.453125
2052    -207241.250000
2053    -207242.093750
2054    -207243.062500
2055    -207243.875000
2056    -207244.875000
2057    -207245.734375
2058    -207246.640625
2059    -207247.390625
2060    -207248.281250
2061    -207249.187500
2062    -207250.062500
2063    -207250.921875
2064    -207251.796875
2065    -207252.609375
2066    -207253.468750
2067    -207254.203125
2068    -207255.093750
2069    -207255.875000
2070    -207256.859375
2071    -207257.750000
2072    -207258.453125
2073    -207259.343750
2074    -207260.281250
2075    -207260.875000
2076    -207261.671875
2077    -207262.593750
2078    -207263.468750
2079    -207264.312500
2080    -207265.156250
2081    -207265.843750
2082    -207266.734375
2083    -207267.593750
2084    -207268.406250
2085    -207269.093750
2086    -207270.046875
2087    -207270.859375
2088    -207271.687500
2089    -207272.406250
2090    -207273.125000
2091    -207274.031250
2092    -207274.796875
2093    -207275.625000
2094    -207276.343750
2095    -207277.187500
2096    -207277.968750
2097    -207278.703125
2098    -207279.484375
2099    -207280.343750
2100    -207281.000000
2101    -207281.875000
2102    -207282.531250
2103    -207283.406250
2104    -207284.062500
2105    -207284.890625
2106    -207285.656250
2107    -207286.390625
2108    -207287.218750
2109    -207287.937500
2110    -207288.687500
2111    -207289.375000
2112    -207290.078125
2113    -207290.843750
2114    -207291.656250
2115    -207292.343750
2116    -207293.078125
2117    -207293.843750
2118    -207294.500000
2119    -207295.171875
2120    -207295.781250
2121    -207296.625000
2122    -207297.312500
2123    -207298.125000
2124    -207298.765625
2125    -207299.500000
2126    -207300.281250
2127    -207300.937500
2128    -207301.531250
2129    -207302.281250
2130    -207302.968750
2131    -207303.546875
2132    -207304.281250
2133    -207305.093750
2134    -207305.781250
2135    -207306.437500
2136    -207307.000000
2137    -207307.734375
2138    -207308.390625
2139    -207309.046875
2140    -207309.875000
2141    -207310.406250
2142    -207311.015625
2143    -207311.796875
2144    -207312.468750
2145    -207313.093750
2146    -207313.765625
2147    -207314.437500
2148    -207315.140625
2149    -207315.718750
2150    -207316.250000
2151    -207316.875000
2152    -207317.687500
2153    -207318.406250
2154    -207319.031250
2155    -207319.656250
2156    -207320.281250
2157    -207321.000000
2158    -207321.500000
2159    -207322.125000
2160    -207322.781250
2161    -207323.406250
2162    -207324.171875
2163    -207324.734375
2164    -207325.437500
2165    -207326.015625
2166    -207326.562500
2167    -207327.171875
2168    -207327.781250
2169    -207328.437500
2170    -207329.031250
2171    -207329.625000
2172    -207330.218750
2173    -207330.875000
2174    -207331.562500
2175    -207332.062500
2176    -207332.625000
2177    -207333.218750
2178    -207333.656250
2179    -207334.468750
2180    -207335.000000
2181    -207335.515625
2182    -207336.078125
2183    -207336.625000
2184    -207337.359375
2185    -207337.875000
2186    -207338.484375
2187    -207339.062500
2188    -207339.625000
2189    -207340.156250
2190    -207340.812500
2191    -207341.218750
2192    -207341.781250
2193    -207342.343750
2194    -207342.906250
2195    -207343.562500
2196    -207344.156250
2197    -207344.687500
2198    -207345.281250
2199    -207345.843750
2200    -207346.421875
2201    -207346.937500
2202    -207347.500000
2203    -207348.062500
2204    -207348.625000
2205    -207349.109375
2206    -207349.625000
2207    -207350.203125
2208    -207350.906250
2209    -207351.390625
2210    -207351.937500
2211    -207352.453125
2212    -207353.015625
2213    -207353.562500
2214    -207354.000000
2215    -207354.593750
2216    -207355.125000
2217    -207355.703125
2218    -207356.125000
2219    -207356.687500
2220    -207357.343750
2221    -207357.828125
2222    -207358.343750
2223    -207358.796875
2224    -207359.343750
2225    -207359.843750
2226    -207360.406250
2227    -207360.875000
2228    -207361.375000
2229    -207361.937500
2230    -207362.484375
2231    -207362.921875
2232    -207363.468750
2233    -207363.984375
2234    -207364.531250
2235    -207365.046875
2236    -207365.593750
2237    -207366.125000
2238    -207366.593750
2239    -207367.093750
2240    -207367.625000
2241    -207368.171875
2242    -207368.703125
2243    -207369.125000
2244    -207369.703125
2245    -207370.281250
2246    -207370.687500
2247    -207371.281250
2248    -207371.796875
2249    -207372.203125
2250    -207372.828125
2251    -207373.234375
2252    -207373.875000
2253    -207374.343750
2254    -207374.906250
2255    -207375.375000
2256    -207375.937500
2257    -207376.468750
2258    -207376.984375
2259    -207377.453125
2260    -207378.031250
2261    -207378.593750
2262    -207379.046875
2263    -207379.484375
2264    -207380.109375
2265    -207380.593750
2266    -207381.125000
2267    -207381.656250
2268    -207382.250000
2269    -207382.687500
2270    -207383.250000
2271    -207383.734375
2272    -207384.343750
2273    -207384.843750
2274    -207385.281250
2275    -207385.718750
2276    -207386.343750
2277    -207386.781250
2278    -207387.281250
2279    -207387.812500
2280    -207388.312500
2281    -207388.828125
2282    -207389.312500
2283    -207389.859375
2284    -207390.328125
2285    -207390.843750
2286    -207391.468750
2287    -207391.906250
2288    -207392.500000
2289    -207393.031250
2290    -207393.500000
2291    -207394.031250
2292    -207394.562500
2293    -207395.062500
2294    -207395.625000
2295    -207396.218750
2296    -207396.718750
2297    -207397.187500
2298    -207397.750000
2299    -207398.296875
2300    -207398.750000
2301    -207399.343750
2302    -207399.843750
2303    -207400.406250
2304    -207400.906250
2305    -207401.437500
2306    -207402.046875
2307    -207402.609375
2308    -207403.046875
2309    -207403.515625
2310    -207404.187500
2311    -207404.625000
2312    -207405.250000
2313    -207405.781250
2314    -207406.312500
2315    -207406.796875
2316    -207407.328125
2317    -207407.906250
2318    -207408.437500
2319    -207408.968750
2320    -207409.468750
2321    -207410.031250
2322    -207410.484375
2323    -207411.031250
2324    -207411.500000
2325    -207412.187500
2326    -207412.796875
2327    -207413.281250
2328    -207413.718750
2329    -207414.359375
2330    -207414.875000
2331    -207415.437500
2332    -207416.062500
2333    -207416.578125
2334    -207417.031250
2335    -207417.609375
2336    -207418.218750
2337    -207418.687500
2338    -207419.203125
2339    -207419.812500
2340    -207420.343750
2341    -207420.796875
2342    -207421.375000
2343    -207422.031250
2344    -207422.562500
2345    -207423.109375
2346    -207423.656250
2347    -207424.218750
2348    -207424.781250
2349    -207425.375000
2350    -207425.937500
2351    -207426.500000
2352    -207427.000000
2353    -207427.625000
2354    -207428.171875
2355    -207428.703125
2356    -207429.343750
2357    -207429.906250
2358    -207430.375000
2359    -207430.968750
2360    -207431.531250
2361    -207432.250000
2362    -207432.718750
2363    -207433.343750
2364    -207433.968750
2365    -207434.500000
2366    -207435.093750
2367    -207435.609375
2368    -207436.187500
2369    -207436.781250
2370    -207437.265625
2371    -207437.968750
2372    -207438.500000
2373    -207439.046875
2374    -207439.656250
2375    -207440.203125
2376    -207440.781250
2377    -207441.453125
2378    -207442.062500
2379    -207442.687500
2380    -207443.203125
2381    -207443.859375
2382    -207444.406250
2383    -207445.078125
2384    -207445.625000
2385    -207446.203125
2386    -207446.843750
2387    -207447.312500
2388    -207448.093750
2389    -207448.640625
2390    -207449.140625
2391    -207449.828125
2392    -207450.453125
2393    -207450.937500
2394    -207451.640625
2395    -207452.250000
2396    -207452.906250
2397    -207453.468750
2398    -207454.078125
2399    -207454.718750
2400    -207455.312500
2401    -207455.937500
2402    -207456.546875
2403    -207457.187500
2404    -207457.812500
2405    -207458.500000
2406    -207459.031250
2407    -207459.625000
2408    -207460.250000
2409    -207460.843750
2410    -207461.468750
2411    -207462.093750
2412    -207462.750000
2413    -207463.343750
2414    -207463.875000
2415    -207464.593750
2416    -207465.218750
2417    -207465.812500
2418    -207466.468750
2419    -207467.046875
2420    -207467.718750
2421    -207468.250000
2422    -207468.968750
2423    -207469.562500
2424    -207470.218750
2425    -207470.859375
2426    -207471.406250
2427    -207472.015625
2428    -207472.593750
2429    -207473.234375
2430    -207473.796875
2431    -207474.421875
2432    -207475.093750
2433    -207475.703125
2434    -207476.343750
2435    -207476.953125
2436    -207477.593750
2437    -207478.156250
2438    -207478.843750
2439    -207479.468750
2440    -207480.000000
2441    -207480.750000
2442    -207481.250000
2443    -207481.906250
2444    -207482.593750
2445    -207483.156250
2446    -207483.796875
2447    -207484.468750
2448    -207485.093750
2449    -207485.687500
2450    -207486.281250
2451    -207487.000000
2452    -207487.593750
2453    -207488.171875
2454    -207488.812500
2455    -207489.390625
2456    -207490.031250
2457    -207490.718750
2458    -207491.281250
2459    -207491.843750
2460    -207492.468750
2461    -207493.140625
2462    -207493.734375
2463    -207494.437500
2464    -207495.093750
2465    -207495.687500
2466    -207496.312500
2467    -207496.906250
2468    -207497.546875
2469    -207498.187500
2470    -207498.781250
2471    -207499.437500
2472    -207500.093750
2473    -207500.750000
2474    -207501.250000
2475    -207501.937500
2476    -207502.500000
2477    -207503.218750
2478    -207503.750000
2479    -207504.500000
2480    -207505.000000
2481    -207505.671875
2482    -207506.328125
2483    -207506.937500
2484    -207507.531250
2485    -207508.218750
2486    -207508.765625
2487    -207509.375000
2488    -207510.062500
2489    -207510.718750
2490    -207511.234375
2491    -207511.906250
2492    -207512.437500
2493    -207513.140625
2494    -207513.765625
2495    -207514.375000
2496    -207515.000000
2497    -207515.593750
2498    -207516.187500
2499    -207516.812500
2500    -207517.421875
2501    -207517.937500
2502    -207518.625000
2503    -207519.156250
2504    -207519.796875
2505    -207520.437500
2506    -207521.062500
2507    -207521.609375
2508    -207522.187500
2509    -207522.890625
2510    -207523.437500
2511    -207524.046875
2512    -207524.687500
2513    -207525.312500
2514    -207525.859375
2515    -207526.468750
2516    -207527.015625
2517    -207527.562500
2518    -207528.265625
2519    -207528.843750
2520    -207529.406250
2521    -207530.031250
2522    -207530.546875
2523    -207531.140625
2524    -207531.703125
2525    -207532.281250
2526    -207533.031250
2527    -207533.500000
2528    -207534.062500
2529    -207534.640625
2530    -207535.265625
2531    -207535.875000
2532    -207536.328125
2533    -207536.968750
2534    -207537.625000
2535    -207538.187500
2536    -207538.703125
2537    -207539.281250
2538    -207539.921875
2539    -207540.437500
2540    -207541.031250
2541    -207541.625000
2542    -207542.203125
2543    -207542.781250
2544    -207543.359375
2545    -207543.906250
2546    -207544.500000
2547    -207545.031250
2548    -207545.531250
2549    -207546.093750
2550    -207546.718750
2551    -207547.281250
2552    -207547.859375
2553    -207548.484375
2554    -207549.015625
2555    -207549.562500
2556    -207550.156250
2557    -207550.671875
2558    -207551.281250
2559    -207551.875000
2560    -207552.343750
2561    -207553.000000
2562    -207553.562500
2563    -207554.156250
2564    -207554.671875
2565    -207555.250000
2566    -207555.703125
2567    -207556.406250
2568    -207556.937500
2569    -207557.437500
2570    -207558.015625
2571    -207558.656250
2572    -207559.093750
2573    -207559.640625
2574    -207560.312500
2575    -207560.781250
2576    -207561.359375
2577    -207561.968750
2578    -207562.515625
2579    -207563.109375
2580    -207563.531250
2581    -207564.125000
2582    -207564.750000
2583    -207565.218750
2584    -207565.812500
2585    -207566.375000
2586    -207566.906250
2587    -207567.453125
2588    -207568.031250
2589    -207568.593750
2590    -207569.218750
2591    -207569.734375
2592    -207570.250000
2593    -207570.812500
2594    -207571.359375
2595    -207571.781250
2596    -207572.375000
2597    -207572.968750
2598    -207573.531250
2599    -207574.062500
2600    -207574.625000
2601    -207575.203125
2602    -207575.718750
2603    -207576.250000
2604    -207576.937500
2605    -207577.468750
2606    -207577.968750
2607    -207578.578125
2608    -207579.093750
2609    -207579.562500
2610    -207580.156250
2611    -207580.656250
2612    -207581.203125
2613    -207581.781250
2614    -207582.359375
2615    -207582.937500
2616    -207583.406250
2617    -207584.000000
2618    -207584.593750
2619    -207585.109375
2620    -207585.625000
2621    -207586.156250
2622    -207586.765625
2623    -207587.218750
2624    -207587.812500
2625    -207588.406250
2626    -207588.906250
2627    -207589.421875
2628    -207590.031250
2629    -207590.531250
2630    -207591.062500
2631    -207591.625000
2632    -207592.125000
2633    -207592.718750
2634    -207593.156250
2635    -207593.859375
2636    -207594.375000
2637    -207594.875000
2638    -207595.375000
2639    -207595.968750
2640    -207596.500000
2641    -207597.015625
2642    -207597.562500
2643    -207598.078125
2644    -207598.687500
2645    -207599.187500
2646    -207599.796875
2647    -207600.312500
2648    -207600.843750
2649    -207601.343750
2650    -207601.968750
2651    -207602.421875
2652    -207602.953125
2653    -207603.437500
2654    -207604.000000
2655    -207604.625000
2656    -207605.093750
2657    -207605.734375
2658    -207606.140625
2659    -207606.703125
2660    -207607.218750
2661    -207607.750000
2662    -207608.281250
2663    -207608.828125
2664    -207609.343750
2665    -207609.968750
2666    -207610.375000
2667    -207610.953125
2668    -207611.500000
2669    -207612.031250
2670    -207612.687500
2671    -207613.109375
2672    -207613.687500
2673    -207614.187500
2674    -207614.750000
2675    -207615.296875
2676    -207615.781250
2677    -207616.312500
2678    -207616.843750
2679    -207617.375000
2680    -207617.875000
2681    -207618.500000
2682    -207619.031250
2683    -207619.468750
2684    -207619.968750
2685    -207620.562500
2686    -207621.062500
2687    -207621.656250
2688    -207622.156250
2689    -207622.750000
2690    -207623.234375
2691    -207623.703125
2692    -207624.250000
2693    -207624.718750
2694    -207625.218750
2695    -207625.781250
2696    -207626.296875
2697    -207626.812500
2698    -207627.343750
2699    -207627.859375
2700    -207628.484375
2701    -207628.921875
2702    -207629.437500
2703    -207630.000000
2704    -207630.546875
2705    -207631.031250
2706    -207631.531250
2707    -207632.062500
2708    -207632.609375
2709    -207633.187500
2710    -207633.656250
2711    -207634.187500
2712    -207634.687500
2713    -207635.265625
2714    -207635.765625
2715    -207636.296875
2716    -207636.890625
2717    -207637.406250
2718    -207637.843750
2719    -207638.406250
2720    -207638.953125
2721    -207639.500000
2722    -207639.937500
2723    -207640.531250
2724    -207641.031250
2725    -207641.625000
2726    -207642.093750
2727    -207642.640625
2728    -207643.125000
2729    -207643.625000
2730    -207644.140625
2731    -207644.718750
2732    -207645.250000
2733    -207645.687500
2734    -207646.218750
2735    -207646.781250
2736    -207647.312500
2737    -207647.765625
2738    -207648.375000
2739    -207648.906250
2740    -207649.375000
2741    -207649.953125
2742    -207650.500000
2743    -207651.031250
2744    -207651.531250
2745    -207652.031250
2746    -207652.562500
2747    -207653.125000
2748    -207653.562500
2749    -207654.109375
2750    -207654.750000
2751    -207655.296875
2752    -207655.765625
2753    -207656.343750
2754    -207656.828125
2755    -207657.343750
2756    -207657.890625
2757    -207658.500000
2758    -207658.984375
2759    -207659.500000
2760    -207660.078125
2761    -207660.531250
2762    -207661.109375
2763    -207661.656250
2764    -207662.187500
2765    -207662.781250
2766    -207663.296875
2767    -207663.718750
2768    -207664.281250
2769    -207664.781250
2770    -207665.375000
2771    -207665.953125
2772    -207666.515625
2773    -207667.015625
2774    -207667.453125
2775    -207668.000000
2776    -207668.593750
2777    -207669.125000
2778    -207669.625000
2779    -207670.203125
2780    -207670.671875
2781    -207671.265625
2782    -207671.781250
2783    -207672.250000
2784    -207672.828125
2785    -207673.343750
2786    -207673.843750
2787    -207674.343750
2788    -207674.921875
2789    -207675.468750
2790    -207676.015625
2791    -207676.453125
2792    -207677.078125
2793    -207677.609375
2794    -207678.000000
2795    -207678.593750
2796    -207679.125000
2797    -207679.687500
2798    -207680.187500
2799    -207680.765625
2800    -207681.390625
2801    -207681.859375
2802    -207682.359375
2803    -207682.859375
2804    -207683.375000
2805    -207683.968750
2806    -207684.468750
2807    -207685.000000
2808    -207685.546875
2809    -207686.046875
2810    -207686.562500
2811    -207687.156250
2812    -207687.656250
2813    -207688.031250
2814    -207688.687500
2815    -207689.187500
2816    -207689.687500
2817    -207690.234375
2818    -207690.765625
2819    -207691.312500
2820    -207691.812500
2821    -207692.406250
2822    -207692.921875
2823    -207693.390625
2824    -207693.843750
2825    -207694.437500
2826    -207694.937500
2827    -207695.562500
2828    -207696.093750
2829    -207696.593750
2830    -207697.000000
2831    -207697.593750
2832    -207697.984375
2833    -207698.593750
2834    -207699.125000
2835    -207699.578125
2836    -207700.156250
2837    -207700.734375
2838    -207701.187500
2839    -207701.687500
2840    -207702.187500
2841    -207702.718750
2842    -207703.218750
2843    -207703.781250
2844    -207704.375000
2845    -207704.906250
2846    -207705.375000
2847    -207705.875000
2848    -207706.343750
2849    -207706.859375
2850    -207707.421875
2851    -207707.906250
2852    -207708.500000
2853    -207709.046875
2854    -207709.484375
2855    -207710.078125
2856    -207710.515625
2857    -207711.046875
2858    -207711.546875
2859    -207712.093750
2860    -207712.656250
2861    -207713.156250
2862    -207713.671875
2863    -207714.218750
2864    -207714.687500
2865    -207715.125000
2866    -207715.609375
2867    -207716.140625
2868    -207716.718750
2869    -207717.234375
2870    -207717.781250
2871    -207718.218750
2872    -207718.750000
2873    -207719.312500
2874    -207719.765625
2875    -207720.312500
2876    -207720.750000
2877    -207721.328125
2878    -207721.750000
2879    -207722.375000
2880    -207722.843750
2881    -207723.343750
2882    -207723.875000
2883    -207724.359375
2884    -207724.781250
2885    -207725.390625
2886    -207725.875000
2887    -207726.437500
2888    -207726.875000
2889    -207727.406250
2890    -207727.843750
2891    -207728.375000
2892    -207728.875000
2893    -207729.406250
2894    -207729.875000
2895    -207730.406250
2896    -207730.843750
2897    -207731.406250
2898    -207732.000000
2899    -207732.281250
2900    -207732.906250
2901    -207733.359375
2902    -207733.906250
2903    -207734.421875
2904    -207734.968750
2905    -207735.437500
2906    -207735.843750
2907    -207736.375000
2908    -207737.046875
2909    -207737.406250
2910    -207737.921875
2911    -207738.343750
2912    -207738.921875
2913    -207739.406250
2914    -207739.875000
2915    -207740.468750
2916    -207740.937500
2917    -207741.406250
2918    -207741.968750
2919    -207742.468750
2920    -207742.890625
2921    -207743.375000
2922    -207743.921875
2923    -207744.406250
2924    -207744.921875
2925    -207745.359375
2926    -207745.906250
2927    -207746.500000
2928    -207746.875000
2929    -207747.421875
2930    -207747.843750
2931    -207748.437500
2932    -207748.890625
2933    -207749.468750
2934    -207749.906250
2935    -207750.406250
2936    -207750.906250
2937    -207751.375000
2938    -207751.828125
2939    -207752.406250
2940    -207752.843750
2941    -207753.312500
2942    -207753.750000
2943    -207754.296875
2944    -207754.812500
2945    -207755.203125
2946    -207755.734375
2947    -207756.265625
2948    -207756.718750
2949    -207757.343750
2950    -207757.781250
2951    -207758.250000
2952    -207758.750000
2953    -207759.218750
2954    -207759.718750
2955    -207760.171875
2956    -207760.625000
2957    -207761.125000
2958    -207761.500000
2959    -207762.062500
2960    -207762.562500
2961    -207763.093750
2962    -207763.640625
2963    -207764.062500
2964    -207764.625000
2965    -207765.078125
2966    -207765.562500
2967    -207766.140625
2968    -207766.593750
2969    -207767.031250
2970    -207767.609375
2971    -207768.031250
2972    -207768.437500
2973    -207769.062500
2974    -207769.609375
2975    -207770.015625
2976    -207770.562500
2977    -207771.078125
2978    -207771.500000
2979    -207771.984375
2980    -207772.500000
2981    -207772.937500
2982    -207773.406250
2983    -207773.906250
2984    -207774.390625
2985    -207774.875000
2986    -207775.390625
2987    -207775.890625
2988    -207776.406250
2989    -207776.843750
2990    -207777.375000
2991    -207777.828125
2992    -207778.375000
2993    -207778.781250
2994    -207779.250000
2995    -207779.781250
2996    -207780.250000
2997    -207780.812500
2998    -207781.171875
2999    -207781.656250
3000    -207782.031250
3001    -207782.531250
3002    -207783.031250
3003    -207783.484375
3004    -207784.015625
3005    -207784.593750
3006    -207784.968750
3007    -207785.500000
3008    -207786.031250
3009    -207786.437500
3010    -207786.890625
3011    -207787.421875
3012    -207787.765625
3013    -207788.296875
3014    -207788.875000
3015    -207789.296875
3016    -207789.718750
3017    -207790.265625
3018    -207790.671875
3019    -207791.234375
3020    -207791.640625
3021    -207792.062500
3022    -207792.562500
3023    -207793.125000
3024    -207793.546875
3025    -207794.031250
3026    -207794.484375
3027    -207794.906250
3028    -207795.453125
3029    -207795.859375
3030    -207796.312500
3031    -207796.828125
3032    -207797.375000
3033    -207797.718750
3034    -207798.203125
3035    -207798.859375
3036    -207799.125000
3037    -207799.656250
3038    -207800.203125
3039    -207800.625000
3040    -207801.109375
3041    -207801.531250
3042    -207801.937500
3043    -207802.515625
3044    -207802.968750
3045    -207803.484375
3046    -207804.031250
3047    -207804.375000
3048    -207804.812500
3049    -207805.406250
3050    -207805.781250
3051    -207806.234375
3052    -207806.718750
3053    -207807.250000
3054    -207807.656250
3055    -207808.156250
3056    -207808.531250
3057    -207808.968750
3058    -207809.531250
3059    -207809.968750
3060    -207810.437500
3061    -207810.843750
3062    -207811.343750
3063    -207811.828125
3064    -207812.218750
3065    -207812.750000
3066    -207813.140625
3067    -207813.656250
3068    -207814.062500
3069    -207814.562500
3070    -207815.062500
3071    -207815.468750
3072    -207815.968750
3073    -207816.406250
3074    -207816.812500
3075    -207817.250000
3076    -207817.781250
3077    -207818.328125
3078    -207818.531250
3079    -207819.218750
3080    -207819.562500
3081    -207820.031250
3082    -207820.437500
3083    -207820.937500
3084    -207821.421875
3085    -207821.875000
3086    -207822.312500
3087    -207822.812500
3088    -207823.156250
3089    -207823.687500
3090    -207824.078125
3091    -207824.625000
3092    -207825.031250
3093    -207825.578125
3094    -207825.937500
3095    -207826.390625
3096    -207826.875000
3097    -207827.312500
3098    -207827.750000
3099    -207828.140625
3100    -207828.718750
3101    -207829.062500
3102    -207829.593750
3103    -207829.937500
3104    -207830.437500
3105    -207830.906250
3106    -207831.359375
3107    -207831.750000
3108    -207832.296875
3109    -207832.671875
3110    -207833.062500
3111    -207833.562500
3112    -207834.031250
3113    -207834.546875
3114    -207834.937500
3115    -207835.328125
3116    -207835.812500
3117    -207836.234375
3118    -207836.734375
3119    -207837.062500
3120    -207837.593750
3121    -207838.031250
3122    -207838.500000
3123    -207839.000000
3124    -207839.265625
3125    -207839.781250
3126    -207840.312500
3127    -207840.656250
3128    -207841.125000
3129    -207841.593750
3130    -207841.921875
3131    -207842.421875
3132    -207842.906250
3133    -207843.375000
3134    -207843.718750
3135    -207844.203125
3136    -207844.671875
3137    -207845.093750
3138    -207845.437500
3139    -207845.890625
3140    -207846.343750
3141    -207846.750000
3142    -207847.203125
3143    -207847.703125
3144    -207848.078125
3145    -207848.531250
3146    -207848.812500
3147    -207849.375000
3148    -207849.812500
3149    -207850.281250
3150    -207850.750000
3151    -207851.125000
3152    -207851.593750
3153    -207852.046875
3154    -207852.437500
3155    -207852.781250
3156    -207853.281250
3157    -207853.734375
3158    -207854.031250
3159    -207854.562500
3160    -207855.046875
3161    -207855.546875
3162    -207855.953125
3163    -207856.343750
3164    -207856.796875
3165    -207857.156250
3166    -207857.718750
3167    -207858.000000
3168    -207858.515625
3169    -207858.890625
3170    -207859.421875
3171    -207859.750000
3172    -207860.234375
3173    -207860.750000
3174    -207861.093750
3175    -207861.578125
3176    -207861.968750
3177    -207862.468750
3178    -207862.859375
3179    -207863.312500
3180    -207863.750000
3181    -207864.156250
3182    -207864.593750
3183    -207865.015625
3184    -207865.421875
3185    -207865.875000
3186    -207866.343750
3187    -207866.718750
3188    -207867.062500
3189    -207867.687500
3190    -207868.062500
3191    -207868.546875
3192    -207868.937500
3193    -207869.312500
3194    -207869.828125
3195    -207870.203125
3196    -207870.656250
3197    -207871.093750
3198    -207871.562500
3199    -207871.906250
3200    -207872.375000
3201    -207872.781250
3202    -207873.156250
3203    -207873.593750
3204    -207874.140625
3205    -207874.468750
3206    -207874.890625
3207    -207875.390625
3208    -207875.812500
3209    -207876.156250
3210    -207876.593750
3211    -207877.015625
3212    -207877.343750
3213    -207877.812500
3214    -207878.218750
3215    -207878.765625
3216    -207879.093750
3217    -207879.468750
3218    -207880.000000
3219    -207880.406250
3220    -207880.812500
3221    -207881.218750
3222    -207881.593750
3223    -207882.125000
3224    -207882.437500
3225    -207882.890625
3226    -207883.250000
3227    -207883.640625
3228    -207884.125000
3229    -207884.500000
3230    -207884.937500
3231    -207885.375000
3232    -207885.750000
3233    -207886.187500
3234    -207886.625000
3235    -207887.093750
3236    -207887.437500
3237    -207887.781250
3238    -207888.281250
3239    -207888.703125
3240    -207889.093750
3241    -207889.375000
3242    -207889.906250
3243    -207890.375000
3244    -207890.812500
3245    -207891.218750
3246    -207891.656250
3247    -207892.046875
3248    -207892.468750
3249    -207892.812500
3250    -207893.234375
3251    -207893.609375
3252    -207893.937500
3253    -207894.468750
3254    -207894.859375
3255    -207895.203125
3256    -207895.687500
3257    -207896.171875
3258    -207896.484375
3259    -207897.046875
3260    -207897.375000
3261    -207897.843750
3262    -207898.109375
3263    -207898.718750
3264    -207898.984375
3265    -207899.437500
3266    -207899.750000
3267    -207900.265625
3268    -207900.609375
3269    -207901.046875
3270    -207901.546875
3271    -207901.750000
3272    -207902.203125
3273    -207902.625000
3274    -207903.031250
3275    -207903.343750
3276    -207903.812500
3277    -207904.171875
3278    -207904.609375
3279    -207905.000000
3280    -207905.375000
3281    -207905.781250
3282    -207906.234375
3283    -207906.625000
3284    -207906.937500
3285    -207907.375000
3286    -207907.781250
3287    -207908.250000
3288    -207908.546875
3289    -207908.968750
3290    -207909.343750
3291    -207909.796875
3292    -207910.156250
3293    -207910.687500
3294    -207911.031250
3295    -207911.468750
3296    -207911.812500
3297    -207912.171875
3298    -207912.625000
3299    -207912.953125
3300    -207913.375000
3301    -207913.812500
3302    -207914.125000
3303    -207914.515625
3304    -207914.921875
3305    -207915.343750
3306    -207915.765625
3307    -207916.140625
3308    -207916.625000
3309    -207916.890625
3310    -207917.343750
3311    -207917.750000
3312    -207918.062500
3313    -207918.593750
3314    -207918.906250
3315    -207919.250000
3316    -207919.703125
3317    -207920.015625
3318    -207920.468750
3319    -207920.781250
3320    -207921.250000
3321    -207921.609375
3322    -207921.937500
3323    -207922.500000
3324    -207922.781250
3325    -207923.281250
3326    -207923.625000
3327    -207923.906250
3328    -207924.375000
3329    -207924.812500
3330    -207925.218750
3331    -207925.656250
3332    -207925.984375
3333    -207926.343750
3334    -207926.734375
3335    -207927.078125
3336    -207927.625000
3337    -207927.906250
3338    -207928.421875
3339    -207928.843750
3340    -207929.156250
3341    -207929.562500
3342    -207929.921875
3343    -207930.312500
3344    -207930.750000
3345    -207931.125000
3346    -207931.578125
3347    -207932.031250
3348    -207932.359375
3349    -207932.765625
3350    -207933.156250
3351    -207933.562500
3352    -207933.968750
3353    -207934.375000
3354    -207934.796875
3355    -207935.156250
3356    -207935.531250
3357    -207935.921875
3358    -207936.296875
3359    -207936.750000
3360    -207937.093750
3361    -207937.468750
3362    -207937.796875
3363    -207938.312500
3364    -207938.765625
3365    -207939.093750
3366    -207939.515625
3367    -207939.812500
3368    -207940.171875
3369    -207940.468750
3370    -207941.000000
3371    -207941.343750
3372    -207941.796875
3373    -207942.203125
3374    -207942.656250
3375    -207942.937500
3376    -207943.406250
3377    -207943.750000
3378    -207944.125000
3379    -207944.437500
3380    -207944.812500
3381    -207945.218750
3382    -207945.593750
3383    -207945.937500
3384    -207946.437500
3385    -207946.656250
3386    -207947.109375
3387    -207947.437500
3388    -207947.921875
3389    -207948.296875
3390    -207948.625000
3391    -207948.968750
3392    -207949.406250
3393    -207949.750000
3394    -207950.109375
3395    -207950.500000
3396    -207950.812500
3397    -207951.250000
3398    -207951.640625
3399    -207952.000000
3400    -207952.359375
3401    -207952.578125
3402    -207953.000000
3403    -207953.359375
3404    -207953.703125
3405    -207954.046875
3406    -207954.390625
3407    -207954.781250
3408    -207955.156250
3409    -207955.531250
3410    -207955.828125
3411    -207956.218750
3412    -207956.531250
3413    -207956.828125
3414    -207957.234375
3415    -207957.687500
3416    -207957.953125
3417    -207958.328125
3418    -207958.609375
3419    -207958.968750
3420    -207959.250000
3421    -207959.734375
3422    -207960.000000
3423    -207960.406250
3424    -207960.734375
3425    -207961.062500
3426    -207961.328125
3427    -207961.796875
3428    -207962.093750
3429    -207962.500000
3430    -207962.781250
3431    -207963.109375
3432    -207963.406250
3433    -207963.734375
3434    -207964.078125
3435    -207964.484375
3436    -207964.828125
3437    -207965.187500
3438    -207965.500000
3439    -207965.906250
3440    -207966.171875
3441    -207966.593750
3442    -207966.812500
3443    -207967.218750
3444    -207967.531250
3445    -207967.859375
3446    -207968.281250
3447    -207968.609375
3448    -207968.875000
3449    -207969.250000
3450    -207969.531250
3451    -207969.937500
3452    -207970.218750
3453    -207970.593750
3454    -207970.953125
3455    -207971.218750
3456    -207971.546875
3457    -207971.843750
3458    -207972.218750
3459    -207972.546875
3460    -207972.968750
3461    -207973.234375
3462    -207973.562500
3463    -207973.968750
3464    -207974.187500
3465    -207974.546875
3466    -207974.812500
3467    -207975.250000
3468    -207975.546875
3469    -207975.937500
3470    -207976.218750
3471    -207976.562500
3472    -207976.937500
3473    -207977.234375
3474    -207977.546875
3475    -207977.906250
3476    -207978.187500
3477    -207978.500000
3478    -207978.812500
3479    -207979.218750
3480    -207979.515625
3481    -207979.859375
3482    -207980.171875
3483    -207980.484375
3484    -207980.875000
3485    -207981.156250
3486    -207981.515625
3487    -207981.843750
3488    -207982.125000
3489    -207982.500000
3490    -207982.765625
3491    -207983.062500
3492    -207983.390625
3493    -207983.843750
3494    -207983.984375
3495    -207984.359375
3496    -207984.750000
3497    -207985.062500
3498    -207985.375000
3499    -207985.687500
3500    -207985.921875
3501    -207986.343750
3502    -207986.687500
3503    -207986.968750
3504    -207987.281250
3505    -207987.546875
3506    -207987.968750
3507    -207988.187500
3508    -207988.531250
3509    -207988.843750
3510    -207989.171875
3511    -207989.531250
3512    -207989.906250
3513    -207990.187500
3514    -207990.421875
3515    -207990.750000
3516    -207991.062500
3517    -207991.468750
3518    -207991.781250
3519    -207992.000000
3520    -207992.375000
3521    -207992.640625
3522    -207992.968750
3523    -207993.250000
3524    -207993.703125
3525    -207993.968750
3526    -207994.203125
3527    -207994.562500
3528    -207994.875000
3529    -207995.218750
3530    -207995.453125
3531    -207995.890625
3532    -207996.125000
3533    -207996.515625
3534    -207996.812500
3535    -207997.093750
3536    -207997.375000
3537    -207997.718750
3538    -207997.906250
3539    -207998.343750
3540    -207998.640625
3541    -207998.906250
3542    -207999.281250
3543    -207999.562500
3544    -207999.812500
3545    -208000.203125
3546    -208000.500000
3547    -208000.812500
3548    -208001.062500
3549    -208001.343750
3550    -208001.671875
3551    -208002.015625
3552    -208002.250000
3553    -208002.593750
3554    -208002.875000
3555    -208003.218750
3556    -208003.531250
3557    -208003.953125
3558    -208004.187500
3559    -208004.437500
3560    -208004.765625
3561    -208005.031250
3562    -208005.453125
3563    -208005.656250
3564    -208006.000000
3565    -208006.281250
3566    -208006.593750
3567    -208006.921875
3568    -208007.218750
3569    -208007.515625
3570    -208007.906250
3571    -208008.156250
3572    -208008.437500
3573    -208008.750000
3574    -208009.125000
3575    -208009.359375
3576    -208009.703125
3577    -208010.046875
3578    -208010.406250
3579    -208010.625000
3580    -208011.000000
3581    -208011.312500
3582    -208011.531250
3583    -208011.843750
3584    -208012.281250
3585    -208012.593750
3586    -208012.812500
3587    -208013.125000
3588    -208013.437500
3589    -208013.687500
3590    -208014.062500
3591    -208014.375000
3592    -208014.593750
3593    -208014.984375
3594    -208015.312500
3595    -208015.562500
3596    -208015.937500
3597    -208016.156250
3598    -208016.578125
3599    -208016.937500
3600    -208017.218750
3601    -208017.453125
3602    -208017.734375
3603    -208018.062500
3604    -208018.421875
3605    -208018.750000
3606    -208019.000000
3607    -208019.359375
3608    -208019.625000
3609    -208020.015625
3610    -208020.281250
3611    -208020.625000
3612    -208020.984375
3613    -208021.312500
3614    -208021.531250
3615    -208021.906250
3616    -208022.156250
3617    -208022.609375
3618    -208022.828125
3619    -208023.062500
3620    -208023.531250
3621    -208023.906250
3622    -208024.140625
3623    -208024.437500
3624    -208024.750000
3625    -208025.093750
3626    -208025.500000
3627    -208025.750000
3628    -208026.031250
3629    -208026.312500
3630    -208026.687500
3631    -208027.031250
3632    -208027.328125
3633    -208027.656250
3634    -208027.843750
3635    -208028.281250
3636    -208028.515625
3637    -208028.906250
3638    -208029.187500
3639    -208029.593750
3640    -208029.828125
3641    -208030.218750
3642    -208030.500000
3643    -208030.796875
3644    -208031.140625
3645    -208031.500000
3646    -208031.750000
3647    -208032.062500
3648    -208032.437500
3649    -208032.812500
3650    -208033.062500
3651    -208033.375000
3652    -208033.765625
3653    -208034.031250
3654    -208034.437500
3655    -208034.750000
3656    -208035.046875
3657    -208035.375000
3658    -208035.750000
3659    -208036.031250
3660    -208036.312500
3661    -208036.656250
3662    -208037.046875
3663    -208037.312500
3664    -208037.656250
3665    -208038.062500
3666    -208038.265625
3667    -208038.609375
3668    -208039.062500
3669    -208039.312500
3670    -208039.593750
3671    -208040.000000
3672    -208040.312500
3673    -208040.609375
3674    -208041.031250
3675    -208041.312500
3676    -208041.625000
3677    -208042.000000
3678    -208042.234375
3679    -208042.625000
3680    -208042.906250
3681    -208043.281250
3682    -208043.625000
3683    -208043.984375
3684    -208044.250000
3685    -208044.609375
3686    -208044.984375
3687    -208045.312500
3688    -208045.687500
3689    -208046.000000
3690    -208046.265625
3691    -208046.562500
3692    -208046.921875
3693    -208047.234375
3694    -208047.625000
3695    -208047.921875
3696    -208048.234375
3697    -208048.609375
3698    -208048.953125
3699    -208049.234375
3700    -208049.562500
3701    -208050.000000
3702    -208050.312500
3703    -208050.593750
3704    -208050.937500
3705    -208051.218750
3706    -208051.484375
3707    -208051.937500
3708    -208052.171875
3709    -208052.531250
3710    -208052.968750
3711    -208053.187500
3712    -208053.562500
3713    -208053.984375
3714    -208054.203125
3715    -208054.593750
3716    -208054.906250
3717    -208055.218750
3718    -208055.500000
3719    -208055.875000
3720    -208056.156250
3721    -208056.531250
3722    -208056.781250
3723    -208057.187500
3724    -208057.500000
3725    -208057.796875
3726    -208058.171875
3727    -208058.437500
3728    -208058.828125
3729    -208059.156250
3730    -208059.484375
3731    -208059.843750
3732    -208060.093750
3733    -208060.468750
3734    -208060.796875
3735    -208061.093750
3736    -208061.437500
3737    -208061.750000
3738    -208062.093750
3739    -208062.437500
3740    -208062.796875
3741    -208063.125000
3742    -208063.312500
3743    -208063.750000
3744    -208064.062500
3745    -208064.328125
3746    -208064.625000
3747    -208064.937500
3748    -208065.265625
3749    -208065.625000
3750    -208065.875000
3751    -208066.203125
3752    -208066.562500
3753    -208066.937500
3754    -208067.187500
3755    -208067.578125
3756    -208067.859375
3757    -208068.250000
3758    -208068.437500
3759    -208068.812500
3760    -208069.125000
3761    -208069.312500
3762    -208069.718750
3763    -208070.031250
3764    -208070.281250
3765    -208070.625000
3766    -208071.031250
3767    -208071.281250
3768    -208071.609375
3769    -208071.937500
3770    -208072.265625
3771    -208072.531250
3772    -208072.812500
3773    -208073.093750
3774    -208073.406250
3775    -208073.765625
3776    -208074.125000
3777    -208074.343750
3778    -208074.703125
3779    -208075.031250
3780    -208075.375000
3781    -208075.625000
3782    -208075.937500
3783    -208076.171875
3784    -208076.484375
3785    -208076.812500
3786    -208077.062500
3787    -208077.406250
3788    -208077.765625
3789    -208077.984375
3790    -208078.296875
3791    -208078.625000
3792    -208078.921875
3793    -208079.171875
3794    -208079.500000
3795    -208079.734375
3796    -208080.125000
3797    -208080.437500
3798    -208080.687500
3799    -208081.015625
3800    -208081.312500
3801    -208081.625000
3802    -208081.906250
3803    -208082.281250
3804    -208082.500000
3805    -208082.781250
3806    -208083.046875
3807    -208083.453125
3808    -208083.593750
3809    -208083.968750
3810    -208084.312500
3811    -208084.562500
3812    -208084.890625
3813    -208085.156250
3814    -208085.343750
3815    -208085.734375
3816    -208086.109375
3817    -208086.343750
3818    -208086.609375
3819    -208086.968750
3820    -208087.125000
3821    -208087.546875
3822    -208087.843750
3823    -208088.062500
3824    -208088.375000
3825    -208088.640625
3826    -208089.000000
3827    -208089.250000
3828    -208089.546875
3829    -208089.875000
3830    -208090.203125
3831    -208090.375000
3832    -208090.718750
3833    -208091.046875
3834    -208091.265625
3835    -208091.687500
3836    -208091.968750
3837    -208092.218750
3838    -208092.468750
3839    -208092.750000
3840    -208093.109375
3841    -208093.406250
3842    -208093.656250
3843    -208094.000000
3844    -208094.171875
3845    -208094.515625
3846    -208094.859375
3847    -208095.125000
3848    -208095.375000
3849    -208095.781250
3850    -208095.859375
3851    -208096.312500
3852    -208096.593750
3853    -208096.875000
3854    -208097.250000
3855    -208097.484375
3856    -208097.750000
3857    -208097.984375
3858    -208098.406250
3859    -208098.468750
3860    -208098.875000
3861    -208099.156250
3862    -208099.437500
3863    -208099.687500
3864    -208100.031250
3865    -208100.312500
3866    -208100.687500
3867    -208100.875000
3868    -208101.156250
3869    -208101.390625
3870    -208101.718750
3871    -208101.953125
3872    -208102.312500
3873    -208102.484375
3874    -208102.843750
3875    -208103.062500
3876    -208103.406250
3877    -208103.718750
3878    -208103.968750
3879    -208104.312500
3880    -208104.484375
3881    -208104.843750
3882    -208105.093750
3883    -208105.375000
3884    -208105.656250
3885    -208105.953125
3886    -208106.187500
3887    -208106.484375
3888    -208106.781250
3889    -208107.046875
3890    -208107.343750
3891    -208107.562500
3892    -208107.828125
3893    -208108.109375
3894    -208108.406250
3895    -208108.656250
3896    -208108.906250
3897    -208109.281250
3898    -208109.578125
3899    -208109.812500
3900    -208110.093750
3901    -208110.375000
3902    -208110.593750
3903    -208110.984375
3904    -208111.125000
3905    -208111.531250
3906    -208111.781250
3907    -208112.031250
3908    -208112.312500
3909    -208112.515625
3910    -208112.906250
3911    -208113.046875
3912    -208113.468750
3913    -208113.656250
3914    -208113.937500
3915    -208114.093750
3916    -208114.390625
3917    -208114.750000
3918    -208115.000000
3919    -208115.296875
3920    -208115.593750
3921    -208115.812500
3922    -208116.062500
3923    -208116.312500
3924    -208116.625000
3925    -208116.937500
3926    -208117.171875
3927    -208117.437500
3928    -208117.671875
3929    -208117.890625
3930    -208118.156250
3931    -208118.468750
3932    -208118.703125
3933    -208119.062500
3934    -208119.250000
3935    -208119.515625
3936    -208119.781250
3937    -208120.078125
3938    -208120.281250
3939    -208120.468750
3940    -208120.750000
3941    -208121.031250
3942    -208121.250000
3943    -208121.531250
3944    -208121.765625
3945    -208122.031250
3946    -208122.359375
3947    -208122.531250
3948    -208122.750000
3949    -208123.062500
3950    -208123.343750
3951    -208123.531250
3952    -208123.843750
3953    -208124.000000
3954    -208124.343750
3955    -208124.500000
3956    -208124.750000
3957    -208125.000000
3958    -208125.281250
3959    -208125.437500
3960    -208125.687500
3961    -208125.937500
3962    -208126.187500
3963    -208126.531250
3964    -208126.734375
3965    -208126.906250
3966    -208127.156250
3967    -208127.343750
3968    -208127.718750
3969    -208127.968750
3970    -208128.109375
3971    -208128.359375
3972    -208128.593750
3973    -208128.781250
3974    -208129.046875
3975    -208129.218750
3976    -208129.406250
3977    -208129.640625
3978    -208129.968750
3979    -208130.203125
3980    -208130.437500
3981    -208130.671875
3982    -208130.890625
3983    -208131.093750
3984    -208131.375000
3985    -208131.500000
3986    -208131.750000
3987    -208131.953125
3988    -208132.156250
3989    -208132.328125
3990    -208132.687500
3991    -208132.843750
3992    -208133.093750
3993    -208133.312500
3994    -208133.468750
3995    -208133.781250
3996    -208133.953125
3997    -208134.218750
3998    -208134.406250
3999    -208134.625000
4000    -208134.781250
4001    -208135.031250
4002    -208135.281250
4003    -208135.484375
4004    -208135.687500
4005    -208135.843750
4006    -208136.125000
4007    -208136.343750
4008    -208136.531250
4009    -208136.843750
4010    -208136.953125
4011    -208137.156250
4012    -208137.421875
4013    -208137.625000
4014    -208137.843750
4015    -208138.031250
4016    -208138.218750
4017    -208138.437500
4018    -208138.656250
4019    -208138.843750
4020    -208139.031250
4021    -208139.296875
4022    -208139.484375
4023    -208139.718750
4024    -208139.937500
4025    -208140.125000
4026    -208140.343750
4027    -208140.515625
4028    -208140.687500
4029    -208140.906250
4030    -208141.093750
4031    -208141.312500
4032    -208141.531250
4033    -208141.687500
4034    -208141.875000
4035    -208142.093750
4036    -208142.281250
4037    -208142.468750
4038    -208142.718750
4039    -208142.843750
4040    -208143.062500
4041    -208143.250000
4042    -208143.437500
4043    -208143.656250
4044    -208143.921875
4045    -208144.078125
4046    -208144.250000
4047    -208144.437500
4048    -208144.546875
4049    -208144.718750
4050    -208144.906250
4051    -208145.125000
4052    -208145.359375
4053    -208145.515625
4054    -208145.687500
4055    -208145.875000
4056    -208146.109375
4057    -208146.265625
4058    -208146.468750
4059    -208146.656250
4060    -208146.843750
4061    -208146.937500
4062    -208147.218750
4063    -208147.421875
4064    -208147.578125
4065    -208147.796875
4066    -208147.843750
4067    -208148.046875
4068    -208148.265625
4069    -208148.500000
4070    -208148.671875
4071    -208148.828125
4072    -208149.031250
4073    -208149.218750
4074    -208149.390625
4075    -208149.546875
4076    -208149.687500
4077    -208149.937500
4078    -208150.125000
4079    -208150.312500
4080    -208150.468750
4081    -208150.656250
4082    -208150.796875
4083    -208151.000000
