Step            Loss
--------------------
1       14466.446289
2       11057.635742
3        7645.993164
4        4239.226074
5         825.925293
6       -2580.450195
7       -5989.109375
8       -9395.026367
9       -12805.811523
10      -16212.220703
11      -19620.931641
12      -23031.000000
13      -26441.050781
14      -29848.384766
15      -33260.363281
16      -36669.898438
17      -40079.054688
18      -43493.417969
19      -46905.835938
20      -50319.839844
21      -53736.074219
22      -57150.410156
23      -60570.089844
24      -63989.953125
25      -67411.515625
26      -70838.718750
27      -74265.507812
28      -77693.273438
29      -81120.750000
30      -84553.710938
31      -87987.250000
32      -91429.750000
33      -94869.625000
34      -98314.171875
35      -101760.117188
36      -105215.875000
37      -108669.414062
38      -112128.250000
39      -115589.304688
40      -119057.007812
41      -122527.570312
42      -126001.437500
43      -129478.750000
44      -132964.656250
45      -136452.281250
46      -139945.484375
47      -143443.187500
48      -146946.031250
49      -150454.015625
50      -153970.062500
51      -157485.171875
52      -161012.171875
53      -164538.875000
54      -168077.640625
55      -171617.812500
56      -175166.437500
57      -178718.781250
58      -182278.640625
59      -185842.343750
60      -189416.328125
61      -192991.437500
62      -196578.312500
63      -200166.562500
64      -203763.000000
65      -207368.296875
66      -210980.890625
67      -214600.062500
68      -218220.765625
69      -221853.656250
70      -225498.593750
71      -229143.968750
72      -232794.343750
73      -236461.921875
74      -240122.890625
75      -243800.218750
76      -247486.750000
77      -251170.312500
78      -254871.781250
79      -258581.187500
80      -262291.625000
81      -266014.562500
82      -269743.937500
83      -273477.593750
84      -277220.562500
85      -280979.906250
86      -284735.625000
87      -288502.250000
88      -292274.937500
89      -296062.187500
90      -299854.062500
91      -303651.281250
92      -307460.937500
93      -311274.781250
94      -315095.750000
95      -318927.250000
96      -322764.875000
97      -326611.468750
98      -330469.000000
99      -334330.375000
100     -338201.125000
101     -342080.781250
102     -345961.500000
103     -349859.093750
104     -353757.625000
105     -357672.406250
106     -361585.750000
107     -365509.312500
108     -369443.062500
109     -373380.687500
110     -377330.687500
111     -381288.156250
112     -385243.000000
113     -389219.031250
114     -393196.781250
115     -397181.031250
116     -401170.687500
117     -405175.312500
118     -409184.125000
119     -413194.468750
120     -417211.187500
121     -421248.281250
122     -425277.031250
123     -429326.937500
124     -433374.531250
125     -437428.125000
126     -441491.062500
127     -445562.250000
128     -449637.937500
129     -453718.687500
130     -457811.093750
131     -461904.312500
132     -466008.687500
133     -470116.687500
134     -474235.125000
135     -478353.562500
136     -482478.687500
137     -486611.375000
138     -490750.437500
139     -494890.531250
140     -499039.562500
141     -503197.375000
142     -507355.375000
143     -511521.781250
144     -515696.125000
145     -519865.812500
146     -524055.750000
147     -528235.437500
148     -532426.375000
149     -536623.125000
150     -540824.187500
151     -545032.875000
152     -549237.500000
153     -553451.375000
154     -557669.625000
155     -561887.125000
156     -566111.125000
157     -570343.000000
158     -574576.125000
159     -578814.250000
160     -583056.000000
161     -587296.437500
162     -591548.937500
163     -595801.000000
164     -600050.937500
165     -604309.750000
166     -608562.500000
167     -612828.437500
168     -617090.500000
169     -621357.500000
170     -625626.625000
171     -629893.125000
172     -634167.125000
173     -638443.750000
174     -642719.000000
175     -646995.062500
176     -651275.625000
177     -655558.875000
178     -659838.875000
179     -664123.687500
180     -668410.000000
181     -672694.000000
182     -676980.000000
183     -681267.000000
184     -685557.500000
185     -689845.000000
186     -694128.750000
187     -698423.187500
188     -702708.875000
189     -706999.875000
190     -711288.062500
191     -715571.062500
192     -719856.875000
193     -724141.750000
194     -728429.250000
195     -732712.875000
196     -736995.375000
197     -741274.500000
198     -745554.250000
199     -749836.750000
200     -754111.937500
201     -758387.125000
202     -762664.875000
203     -766935.187500
204     -771199.750000
205     -775469.375000
206     -779732.875000
207     -783991.625000
208     -788247.125000
209     -792514.750000
210     -796765.125000
211     -801012.375000
212     -805259.125000
213     -809507.125000
214     -813744.312500
215     -817979.125000
216     -822219.750000
217     -826448.750000
218     -830673.437500
219     -834895.812500
220     -839111.437500
221     -843321.875000
222     -847531.812500
223     -851738.750000
224     -855936.437500
225     -860128.750000
226     -864320.625000
227     -868506.250000
228     -872687.500000
229     -876859.875000
230     -881034.687500
231     -885195.500000
232     -889354.437500
233     -893509.625000
234     -897658.187500
235     -901799.562500
236     -905935.000000
237     -910064.250000
238     -914189.562500
239     -918310.500000
240     -922419.562500
241     -926526.812500
242     -930628.000000
243     -934717.562500
244     -938800.375000
245     -942878.937500
246     -946949.375000
247     -951012.375000
248     -955065.500000
249     -959117.125000
250     -963163.125000
251     -967192.875000
252     -971221.625000
253     -975240.062500
254     -979250.562500
255     -983254.375000
256     -987250.125000
257     -991236.125000
258     -995214.875000
259     -999182.250000
260     -1003148.875000
261     -1007106.562500
262     -1011045.125000
263     -1014981.750000
264     -1018908.875000
265     -1022836.000000
266     -1026746.500000
267     -1030648.812500
268     -1034537.687500
269     -1038426.250000
270     -1042301.125000
271     -1046170.187500
272     -1050021.250000
273     -1053867.500000
274     -1057707.500000
275     -1061532.125000
276     -1065357.750000
277     -1069169.000000
278     -1072970.750000
279     -1076760.000000
280     -1080539.375000
281     -1084304.000000
282     -1088067.750000
283     -1091818.250000
284     -1095557.000000
285     -1099294.000000
286     -1103009.000000
287     -1106721.000000
288     -1110423.375000
289     -1114107.875000
290     -1117782.250000
291     -1121451.125000
292     -1125112.250000
293     -1128753.500000
294     -1132388.875000
295     -1136013.875000
296     -1139628.500000
297     -1143229.250000
298     -1146829.375000
299     -1150408.875000
300     -1153971.500000
301     -1157530.750000
302     -1161083.750000
303     -1164620.375000
304     -1168145.375000
305     -1171654.750000
306     -1175165.000000
307     -1178650.375000
308     -1182127.750000
309     -1185595.000000
310     -1189046.750000
311     -1192490.500000
312     -1195922.625000
313     -1199353.000000
314     -1202758.250000
315     -1206149.500000
316     -1209541.250000
317     -1212911.500000
318     -1216272.000000
319     -1219622.250000
320     -1222967.000000
321     -1226294.750000
322     -1229607.750000
323     -1232915.000000
324     -1236204.250000
325     -1239480.625000
326     -1242753.250000
327     -1246002.000000
328     -1249245.000000
329     -1252476.625000
330     -1255692.375000
331     -1258898.375000
332     -1262087.750000
333     -1265268.625000
334     -1268437.750000
335     -1271590.500000
336     -1274732.875000
337     -1277871.375000
338     -1280988.500000
339     -1284092.500000
340     -1287190.500000
341     -1290273.000000
342     -1293335.375000
343     -1296392.500000
344     -1299430.250000
345     -1302464.500000
346     -1305483.500000
347     -1308487.750000
348     -1311476.000000
349     -1314460.750000
350     -1317427.750000
351     -1320379.750000
352     -1323324.250000
353     -1326250.875000
354     -1329168.250000
355     -1332076.250000
356     -1334969.875000
357     -1337850.500000
358     -1340711.000000
359     -1343563.750000
360     -1346405.875000
361     -1349232.750000
362     -1352046.750000
363     -1354851.500000
364     -1357632.000000
365     -1360414.000000
366     -1363174.000000
367     -1365923.750000
368     -1368661.750000
369     -1371386.750000
370     -1374092.625000
371     -1376791.625000
372     -1379476.625000
373     -1382153.250000
374     -1384811.125000
375     -1387457.250000
376     -1390093.875000
377     -1392722.000000
378     -1395334.125000
379     -1397927.250000
380     -1400514.500000
381     -1403089.500000
382     -1405646.750000
383     -1408197.000000
384     -1410728.625000
385     -1413255.500000
386     -1415759.875000
387     -1418254.250000
388     -1420740.000000
389     -1423208.500000
390     -1425665.500000
391     -1428115.000000
392     -1430545.000000
393     -1432965.250000
394     -1435371.250000
395     -1437765.500000
396     -1440151.875000
397     -1442521.625000
398     -1444877.750000
399     -1447221.625000
400     -1449557.250000
401     -1451873.625000
402     -1454182.000000
403     -1456475.000000
404     -1458762.500000
405     -1461027.750000
406     -1463282.250000
407     -1465526.750000
408     -1467758.625000
409     -1469973.625000
410     -1472184.000000
411     -1474379.750000
412     -1476557.375000
413     -1478724.250000
414     -1480885.000000
415     -1483028.000000
416     -1485153.750000
417     -1487277.750000
418     -1489387.625000
419     -1491479.250000
420     -1493558.750000
421     -1495628.000000
422     -1497686.625000
423     -1499733.250000
424     -1501763.375000
425     -1503776.250000
426     -1505788.125000
427     -1507776.000000
428     -1509765.500000
429     -1511734.125000
430     -1513697.000000
431     -1515640.250000
432     -1517580.250000
433     -1519508.000000
434     -1521421.375000
435     -1523324.000000
436     -1525217.000000
437     -1527097.750000
438     -1528956.250000
439     -1530818.625000
440     -1532665.625000
441     -1534492.750000
442     -1536313.125000
443     -1538117.500000
444     -1539912.000000
445     -1541701.000000
446     -1543475.500000
447     -1545232.875000
448     -1546984.000000
449     -1548720.250000
450     -1550445.875000
451     -1552163.000000
452     -1553860.125000
453     -1555552.625000
454     -1557237.750000
455     -1558906.750000
456     -1560560.500000
457     -1562213.750000
458     -1563849.875000
459     -1565472.125000
460     -1567084.375000
461     -1568688.750000
462     -1570273.750000
463     -1571851.625000
464     -1573426.000000
465     -1574984.000000
466     -1576535.375000
467     -1578068.625000
468     -1579593.500000
469     -1581112.750000
470     -1582617.750000
471     -1584109.250000
472     -1585592.625000
473     -1587061.500000
474     -1588521.000000
475     -1589976.125000
476     -1591417.750000
477     -1592845.250000
478     -1594265.500000
479     -1595678.500000
480     -1597071.000000
481     -1598456.750000
482     -1599836.750000
483     -1601207.000000
484     -1602557.250000
485     -1603907.375000
486     -1605250.000000
487     -1606581.250000
488     -1607893.750000
489     -1609208.250000
490     -1610507.250000
491     -1611801.500000
492     -1613073.125000
493     -1614343.875000
494     -1615599.375000
495     -1616855.500000
496     -1618097.250000
497     -1619328.750000
498     -1620548.750000
499     -1621766.250000
500     -1622974.750000
501     -1624168.125000
502     -1625353.375000
503     -1626533.125000
504     -1627698.750000
505     -1628858.000000
506     -1630012.125000
507     -1631148.125000
508     -1632281.250000
509     -1633403.500000
510     -1634525.125000
511     -1635621.750000
512     -1636726.500000
513     -1637816.500000
514     -1638893.000000
515     -1639967.125000
516     -1641026.125000
517     -1642077.500000
518     -1643126.875000
519     -1644156.375000
520     -1645187.000000
521     -1646207.000000
522     -1647220.875000
523     -1648222.250000
524     -1649220.000000
525     -1650205.250000
526     -1651182.375000
527     -1652156.750000
528     -1653112.750000
529     -1654064.000000
530     -1655012.000000
531     -1655945.000000
532     -1656873.125000
533     -1657792.875000
534     -1658702.875000
535     -1659602.000000
536     -1660500.500000
537     -1661383.625000
538     -1662264.000000
539     -1663138.750000
540     -1664001.750000
541     -1664857.500000
542     -1665703.625000
543     -1666550.375000
544     -1667384.500000
545     -1668215.375000
546     -1669038.125000
547     -1669851.625000
548     -1670656.125000
549     -1671463.000000
550     -1672256.375000
551     -1673043.250000
552     -1673826.875000
553     -1674595.500000
554     -1675364.375000
555     -1676122.000000
556     -1676873.500000
557     -1677620.000000
558     -1678360.375000
559     -1679095.000000
560     -1679815.500000
561     -1680539.250000
562     -1681249.000000
563     -1681958.000000
564     -1682654.250000
565     -1683344.500000
566     -1684035.500000
567     -1684716.625000
568     -1685389.500000
569     -1686057.750000
570     -1686722.000000
571     -1687376.000000
572     -1688026.250000
573     -1688674.750000
574     -1689313.250000
575     -1689946.750000
576     -1690578.500000
577     -1691199.000000
578     -1691819.375000
579     -1692432.500000
580     -1693038.875000
581     -1693642.375000
582     -1694239.500000
583     -1694834.625000
584     -1695420.625000
585     -1696001.250000
586     -1696581.500000
587     -1697149.875000
588     -1697718.500000
589     -1698281.250000
590     -1698836.750000
591     -1699393.875000
592     -1699938.500000
593     -1700483.000000
594     -1701020.000000
595     -1701557.375000
596     -1702086.625000
597     -1702614.000000
598     -1703130.250000
599     -1703650.250000
600     -1704160.500000
601     -1704670.125000
602     -1705175.000000
603     -1705671.750000
604     -1706165.750000
605     -1706657.125000
606     -1707143.000000
607     -1707622.750000
608     -1708101.500000
609     -1708572.875000
610     -1709042.625000
611     -1709503.625000
612     -1709966.000000
613     -1710421.250000
614     -1710874.750000
615     -1711322.250000
616     -1711762.375000
617     -1712201.375000
618     -1712635.250000
619     -1713071.500000
620     -1713496.875000
621     -1713923.750000
622     -1714344.250000
623     -1714762.125000
624     -1715172.250000
625     -1715580.000000
626     -1715987.125000
627     -1716384.500000
628     -1716784.500000
629     -1717176.750000
630     -1717567.500000
631     -1717950.125000
632     -1718336.375000
633     -1718716.375000
634     -1719092.000000
635     -1719464.500000
636     -1719833.875000
637     -1720200.250000
638     -1720567.625000
639     -1720925.125000
640     -1721285.250000
641     -1721638.000000
642     -1721989.250000
643     -1722336.500000
644     -1722682.375000
645     -1723019.625000
646     -1723359.750000
647     -1723695.250000
648     -1724027.625000
649     -1724358.000000
650     -1724686.000000
651     -1725009.875000
652     -1725329.750000
653     -1725650.500000
654     -1725963.500000
655     -1726278.500000
656     -1726589.750000
657     -1726896.500000
658     -1727202.250000
659     -1727509.250000
660     -1727809.750000
661     -1728109.375000
662     -1728408.125000
663     -1728702.000000
664     -1728993.750000
665     -1729284.125000
666     -1729568.750000
667     -1729855.250000
668     -1730136.500000
669     -1730416.500000
670     -1730694.125000
671     -1730969.625000
672     -1731242.000000
673     -1731513.750000
674     -1731782.250000
675     -1732047.750000
676     -1732314.250000
677     -1732575.625000
678     -1732836.750000
679     -1733094.250000
680     -1733349.000000
681     -1733603.000000
682     -1733853.875000
683     -1734104.500000
684     -1734352.125000
685     -1734597.000000
686     -1734843.500000
687     -1735083.500000
688     -1735323.750000
689     -1735561.250000
690     -1735798.125000
691     -1736031.500000
692     -1736262.750000
693     -1736493.750000
694     -1736722.500000
695     -1736949.500000
696     -1737176.750000
697     -1737399.000000
698     -1737621.625000
699     -1737842.000000
700     -1738062.250000
701     -1738278.500000
702     -1738493.750000
703     -1738706.250000
704     -1738919.500000
705     -1739129.000000
706     -1739338.250000
707     -1739545.500000
708     -1739751.250000
709     -1739957.500000
710     -1740160.875000
711     -1740362.750000
712     -1740563.875000
713     -1740763.500000
714     -1740962.250000
715     -1741158.500000
716     -1741355.750000
717     -1741550.250000
718     -1741743.500000
719     -1741935.125000
720     -1742123.500000
721     -1742314.500000
722     -1742500.625000
723     -1742688.750000
724     -1742873.000000
725     -1743057.750000
726     -1743239.750000
727     -1743421.375000
728     -1743602.750000
729     -1743779.875000
730     -1743958.625000
731     -1744135.750000
732     -1744312.250000
733     -1744484.125000
734     -1744659.000000
735     -1744828.750000
736     -1744999.125000
737     -1745168.000000
738     -1745337.500000
739     -1745502.500000
740     -1745667.625000
741     -1745833.000000
742     -1745994.000000
743     -1746156.625000
744     -1746316.000000
745     -1746475.250000
746     -1746635.625000
747     -1746790.375000
748     -1746947.500000
749     -1747101.750000
750     -1747256.500000
751     -1747408.500000
752     -1747561.000000
753     -1747710.000000
754     -1747861.250000
755     -1748008.250000
756     -1748157.250000
757     -1748303.375000
758     -1748448.500000
759     -1748594.625000
760     -1748737.750000
761     -1748880.875000
762     -1749023.375000
763     -1749165.375000
764     -1749305.250000
765     -1749443.125000
766     -1749583.000000
767     -1749720.500000
768     -1749858.250000
769     -1749993.625000
770     -1750127.500000
771     -1750262.500000
772     -1750395.750000
773     -1750527.125000
774     -1750658.500000
775     -1750789.500000
776     -1750919.375000
777     -1751048.250000
778     -1751176.875000
779     -1751304.250000
780     -1751430.750000
781     -1751557.125000
782     -1751681.750000
783     -1751806.250000
784     -1751931.000000
785     -1752052.125000
786     -1752174.875000
787     -1752298.250000
788     -1752416.500000
789     -1752536.750000
790     -1752656.250000
791     -1752774.625000
792     -1752893.250000
793     -1753009.250000
794     -1753125.250000
795     -1753241.500000
796     -1753355.875000
797     -1753470.250000
798     -1753583.375000
799     -1753696.125000
800     -1753808.750000
801     -1753919.250000
802     -1754031.000000
803     -1754141.000000
804     -1754250.000000
805     -1754359.500000
806     -1754467.750000
807     -1754577.000000
808     -1754682.250000
