Step            Loss
--------------------
1       12668.889648
2        9242.764648
3        5807.840332
4        2381.983887
5       -1050.906616
6       -4477.992188
7       -7906.461426
8       -11337.976562
9       -14765.156250
10      -18196.277344
11      -21625.242188
12      -25054.337891
13      -28481.404297
14      -31910.392578
15      -35343.410156
16      -38770.226562
17      -42205.171875
18      -45635.843750
19      -49071.285156
20      -52501.171875
21      -55937.824219
22      -59378.570312
23      -62816.089844
24      -66256.390625
25      -69696.312500
26      -73143.625000
27      -76588.273438
28      -80034.078125
29      -83485.906250
30      -86933.578125
31      -90397.445312
32      -93851.218750
33      -97312.296875
34      -100774.968750
35      -104242.515625
36      -107707.859375
37      -111182.343750
38      -114663.007812
39      -118142.218750
40      -121627.093750
41      -125117.359375
42      -128606.867188
43      -132103.718750
44      -135607.234375
45      -139106.906250
46      -142616.656250
47      -146130.921875
48      -149649.593750
49      -153175.593750
50      -156704.109375
51      -160240.734375
52      -163777.218750
53      -167323.062500
54      -170869.875000
55      -174424.734375
56      -177989.500000
57      -181553.703125
58      -185127.000000
59      -188702.593750
60      -192286.593750
61      -195876.812500
62      -199475.921875
63      -203078.343750
64      -206684.156250
65      -210300.718750
66      -213922.781250
67      -217553.171875
68      -221185.281250
69      -224828.843750
70      -228476.906250
71      -232129.546875
72      -235790.921875
73      -239455.468750
74      -243135.781250
75      -246818.593750
76      -250506.187500
77      -254203.578125
78      -257913.406250
79      -261620.562500
80      -265336.781250
81      -269062.812500
82      -272796.312500
83      -276538.531250
84      -280281.218750
85      -284037.625000
86      -287796.437500
87      -291574.000000
88      -295347.937500
89      -299133.312500
90      -302922.312500
91      -306723.062500
92      -310530.593750
93      -314342.437500
94      -318163.781250
95      -321996.687500
96      -325836.156250
97      -329678.562500
98      -333529.000000
99      -337389.062500
100     -341257.562500
101     -345135.062500
102     -349013.656250
103     -352904.875000
104     -356802.625000
105     -360705.687500
106     -364619.187500
107     -368538.750000
108     -372464.625000
109     -376396.312500
110     -380337.781250
111     -384288.500000
112     -388240.906250
113     -392204.062500
114     -396175.500000
115     -400152.375000
116     -404134.906250
117     -408124.625000
118     -412122.312500
119     -416127.593750
120     -420140.406250
121     -424161.187500
122     -428184.000000
123     -432214.625000
124     -436254.750000
125     -440292.375000
126     -444345.375000
127     -448402.750000
128     -452469.500000
129     -456539.187500
130     -460617.062500
131     -464695.906250
132     -468788.812500
133     -472879.250000
134     -476978.750000
135     -481084.031250
136     -485196.375000
137     -489310.687500
138     -493434.687500
139     -497566.906250
140     -501697.062500
141     -505838.562500
142     -509976.437500
143     -514131.125000
144     -518283.156250
145     -522444.062500
146     -526609.687500
147     -530774.125000
148     -534946.000000
149     -539122.375000
150     -543304.000000
151     -547488.125000
152     -551680.250000
153     -555871.875000
154     -560073.375000
155     -564276.750000
156     -568480.500000
157     -572690.437500
158     -576900.125000
159     -581117.437500
160     -585342.250000
161     -589562.875000
162     -593793.750000
163     -598012.375000
164     -602250.312500
165     -606484.000000
166     -610720.500000
167     -614957.750000
168     -619208.500000
169     -623444.437500
170     -627693.750000
171     -631937.187500
172     -636191.375000
173     -640440.625000
174     -644697.937500
175     -648952.875000
176     -653202.937500
177     -657460.625000
178     -661719.625000
179     -665978.875000
180     -670237.062500
181     -674502.125000
182     -678762.875000
183     -683024.875000
184     -687285.750000
185     -691552.000000
186     -695816.875000
187     -700079.500000
188     -704339.750000
189     -708607.937500
190     -712863.750000
191     -717129.500000
192     -721390.875000
193     -725652.562500
194     -729903.750000
195     -734161.812500
196     -738425.625000
197     -742683.687500
198     -746936.687500
199     -751193.500000
200     -755445.500000
201     -759695.375000
202     -763943.375000
203     -768189.000000
204     -772437.750000
205     -776678.250000
206     -780919.312500
207     -785153.250000
208     -789385.625000
209     -793617.250000
210     -797841.750000
211     -802076.375000
212     -806294.062500
213     -810517.062500
214     -814730.187500
215     -818948.562500
216     -823156.062500
217     -827364.875000
218     -831562.562500
219     -835761.750000
220     -839956.687500
221     -844154.187500
222     -848325.687500
223     -852508.750000
224     -856684.500000
225     -860861.500000
226     -865018.125000
227     -869186.250000
228     -873344.687500
229     -877496.250000
230     -881640.500000
231     -885785.625000
232     -889917.812500
233     -894047.812500
234     -898170.812500
235     -902289.437500
236     -906406.250000
237     -910512.187500
238     -914612.000000
239     -918707.125000
240     -922793.500000
241     -926881.437500
242     -930950.750000
243     -935024.937500
244     -939089.500000
245     -943144.312500
246     -947196.812500
247     -951236.375000
248     -955267.250000
249     -959299.375000
250     -963317.000000
251     -967335.375000
252     -971333.687500
253     -975339.250000
254     -979332.500000
255     -983313.500000
256     -987292.875000
257     -991252.625000
258     -995212.125000
259     -999164.187500
260     -1003109.937500
261     -1007043.250000
262     -1010973.000000
263     -1014895.062500
264     -1018804.375000
265     -1022703.000000
266     -1026600.937500
267     -1030476.000000
268     -1034357.250000
269     -1038219.125000
270     -1042080.250000
271     -1045928.750000
272     -1049770.500000
273     -1053592.625000
274     -1057422.000000
275     -1061232.000000
276     -1065026.375000
277     -1068819.500000
278     -1072598.750000
279     -1076377.000000
280     -1080137.000000
281     -1083890.375000
282     -1087629.500000
283     -1091359.875000
284     -1095085.000000
285     -1098798.500000
286     -1102501.375000
287     -1106187.750000
288     -1109872.125000
289     -1113544.000000
290     -1117202.500000
291     -1120846.750000
292     -1124489.875000
293     -1128116.500000
294     -1131732.500000
295     -1135344.250000
296     -1138935.250000
297     -1142519.250000
298     -1146092.000000
299     -1149661.000000
300     -1153212.625000
301     -1156751.750000
302     -1160282.000000
303     -1163806.750000
304     -1167308.750000
305     -1170807.875000
306     -1174292.750000
307     -1177769.750000
308     -1181230.625000
309     -1184679.750000
310     -1188124.750000
311     -1191547.125000
312     -1194969.000000
313     -1198375.500000
314     -1201775.500000
315     -1205149.750000
316     -1208520.500000
317     -1211885.625000
318     -1215237.500000
319     -1218567.250000
320     -1221893.125000
321     -1225200.000000
322     -1228503.750000
323     -1231782.125000
324     -1235063.500000
325     -1238322.750000
326     -1241578.000000
327     -1244813.625000
328     -1248043.375000
329     -1251254.000000
330     -1254456.875000
331     -1257644.375000
332     -1260824.000000
333     -1263991.375000
334     -1267146.500000
335     -1270286.750000
336     -1273417.000000
337     -1276537.625000
338     -1279636.500000
339     -1282728.750000
340     -1285809.625000
341     -1288873.000000
342     -1291927.000000
343     -1294973.750000
344     -1298005.125000
345     -1301021.875000
346     -1304030.250000
347     -1307015.750000
348     -1309990.500000
349     -1312962.750000
350     -1315918.375000
351     -1318858.250000
352     -1321784.500000
353     -1324708.000000
354     -1327609.750000
355     -1330499.750000
356     -1333377.750000
357     -1336247.000000
358     -1339097.500000
359     -1341940.000000
360     -1344768.750000
361     -1347580.250000
362     -1350386.750000
363     -1353176.000000
364     -1355949.750000
365     -1358712.750000
366     -1361466.125000
367     -1364204.750000
368     -1366925.625000
369     -1369640.750000
370     -1372344.000000
371     -1375031.500000
372     -1377708.125000
373     -1380379.000000
374     -1383019.250000
375     -1385660.375000
376     -1388281.750000
377     -1390888.750000
378     -1393487.125000
379     -1396077.000000
380     -1398652.000000
381     -1401201.500000
382     -1403754.625000
383     -1406290.875000
384     -1408809.000000
385     -1411320.625000
386     -1413813.750000
387     -1416300.750000
388     -1418775.750000
389     -1421232.500000
390     -1423684.625000
391     -1426112.750000
392     -1428539.250000
393     -1430945.000000
394     -1433340.000000
395     -1435732.000000
396     -1438104.375000
397     -1440465.875000
398     -1442808.750000
399     -1445152.875000
400     -1447473.625000
401     -1449771.750000
402     -1452078.750000
403     -1454358.000000
404     -1456630.500000
405     -1458886.875000
406     -1461136.875000
407     -1463368.500000
408     -1465594.250000
409     -1467806.125000
410     -1470005.500000
411     -1472186.500000
412     -1474360.250000
413     -1476518.000000
414     -1478667.625000
415     -1480802.625000
416     -1482918.625000
417     -1485029.125000
418     -1487124.250000
419     -1489208.000000
420     -1491278.000000
421     -1493344.125000
422     -1495387.250000
423     -1497419.500000
424     -1499445.750000
425     -1501460.125000
426     -1503460.625000
427     -1505446.500000
428     -1507418.750000
429     -1509382.750000
430     -1511330.750000
431     -1513273.000000
432     -1515198.000000
433     -1517115.500000
434     -1519013.625000
435     -1520908.750000
436     -1522796.750000
437     -1524658.625000
438     -1526510.875000
439     -1528351.000000
440     -1530179.250000
441     -1531994.000000
442     -1533795.750000
443     -1535589.375000
444     -1537369.875000
445     -1539144.250000
446     -1540901.875000
447     -1542645.375000
448     -1544380.000000
449     -1546103.250000
450     -1547814.125000
451     -1549518.250000
452     -1551206.250000
453     -1552886.625000
454     -1554551.500000
455     -1556208.500000
456     -1557857.875000
457     -1559489.875000
458     -1561112.500000
459     -1562722.875000
460     -1564326.000000
461     -1565914.500000
462     -1567498.250000
463     -1569064.500000
464     -1570629.000000
465     -1572176.000000
466     -1573715.625000
467     -1575241.500000
468     -1576761.250000
469     -1578260.750000
470     -1579758.875000
471     -1581244.125000
472     -1582723.625000
473     -1584191.250000
474     -1585647.000000
475     -1587097.000000
476     -1588529.000000
477     -1589955.000000
478     -1591375.125000
479     -1592780.000000
480     -1594174.625000
481     -1595560.375000
482     -1596939.500000
483     -1598304.750000
484     -1599666.500000
485     -1601014.000000
486     -1602346.500000
487     -1603673.250000
488     -1604994.250000
489     -1606301.750000
490     -1607599.250000
491     -1608890.375000
492     -1610168.500000
493     -1611434.000000
494     -1612693.000000
495     -1613946.750000
496     -1615185.500000
497     -1616418.000000
498     -1617637.000000
499     -1618845.500000
500     -1620046.500000
501     -1621235.750000
502     -1622425.000000
503     -1623598.500000
504     -1624764.000000
505     -1625919.500000
506     -1627068.000000
507     -1628207.250000
508     -1629331.500000
509     -1630453.250000
510     -1631564.750000
511     -1632666.625000
512     -1633759.625000
513     -1634848.000000
514     -1635924.750000
515     -1636996.250000
516     -1638055.000000
517     -1639106.500000
518     -1640144.625000
519     -1641179.750000
520     -1642201.125000
521     -1643221.000000
522     -1644232.500000
523     -1645230.750000
524     -1646220.750000
525     -1647201.750000
526     -1648173.250000
527     -1649146.000000
528     -1650105.375000
529     -1651057.875000
530     -1651998.250000
531     -1652933.500000
532     -1653856.625000
533     -1654775.750000
534     -1655692.250000
535     -1656593.500000
536     -1657488.000000
537     -1658380.000000
538     -1659256.250000
539     -1660129.375000
540     -1660998.125000
541     -1661854.000000
542     -1662706.750000
543     -1663550.375000
544     -1664388.750000
545     -1665216.250000
546     -1666040.000000
547     -1666855.500000
548     -1667658.250000
549     -1668462.375000
550     -1669254.000000
551     -1670040.250000
552     -1670820.750000
553     -1671587.250000
554     -1672354.250000
555     -1673117.875000
556     -1673861.875000
557     -1674606.750000
558     -1675345.125000
559     -1676072.500000
560     -1676800.250000
561     -1677514.750000
562     -1678225.750000
563     -1678934.500000
564     -1679632.000000
565     -1680320.125000
566     -1681009.000000
567     -1681693.000000
568     -1682366.250000
569     -1683035.375000
570     -1683700.125000
571     -1684358.125000
572     -1685012.625000
573     -1685658.250000
574     -1686296.000000
575     -1686931.625000
576     -1687556.500000
577     -1688181.750000
578     -1688800.250000
579     -1689409.500000
580     -1690015.250000
581     -1690613.500000
582     -1691205.750000
583     -1691793.875000
584     -1692375.000000
585     -1692951.500000
586     -1693522.000000
587     -1694085.750000
588     -1694646.750000
589     -1695200.375000
590     -1695751.750000
591     -1696295.000000
592     -1696833.500000
593     -1697369.250000
594     -1697900.000000
595     -1698424.000000
596     -1698944.500000
597     -1699465.500000
598     -1699976.000000
599     -1700487.750000
600     -1700990.750000
601     -1701489.000000
602     -1701989.000000
603     -1702475.750000
604     -1702966.125000
605     -1703443.250000
606     -1703924.500000
607     -1704393.500000
608     -1704863.125000
609     -1705332.000000
610     -1705790.000000
611     -1706249.000000
612     -1706698.250000
613     -1707148.500000
614     -1707595.875000
615     -1708034.750000
616     -1708475.750000
617     -1708909.250000
618     -1709339.000000
619     -1709765.750000
620     -1710187.125000
621     -1710606.000000
622     -1711019.250000
623     -1711430.375000
624     -1711838.250000
625     -1712241.750000
626     -1712639.500000
627     -1713036.500000
628     -1713427.250000
629     -1713815.750000
630     -1714202.000000
631     -1714586.250000
632     -1714963.750000
633     -1715340.000000
634     -1715712.375000
635     -1716082.500000
636     -1716447.250000
637     -1716807.125000
638     -1717164.625000
639     -1717522.000000
640     -1717875.625000
641     -1718224.250000
642     -1718567.750000
643     -1718909.625000
644     -1719249.000000
645     -1719585.375000
646     -1719918.000000
647     -1720248.875000
648     -1720574.125000
649     -1720899.500000
650     -1721221.500000
651     -1721537.750000
652     -1721854.625000
653     -1722166.000000
654     -1722477.750000
655     -1722784.000000
656     -1723089.250000
657     -1723392.500000
658     -1723693.875000
659     -1723992.750000
660     -1724288.500000
661     -1724581.250000
662     -1724872.250000
663     -1725160.625000
664     -1725446.250000
665     -1725729.250000
666     -1726010.500000
667     -1726287.875000
668     -1726564.375000
669     -1726838.500000
670     -1727108.250000
671     -1727380.250000
672     -1727643.500000
673     -1727909.375000
674     -1728171.125000
675     -1728432.250000
676     -1728689.250000
677     -1728944.875000
678     -1729200.500000
679     -1729452.500000
680     -1729703.000000
681     -1729949.500000
682     -1730196.250000
683     -1730441.375000
684     -1730685.250000
685     -1730926.000000
686     -1731165.375000
687     -1731400.125000
688     -1731637.000000
689     -1731870.000000
690     -1732101.750000
691     -1732333.500000
692     -1732562.500000
693     -1732789.125000
694     -1733014.625000
695     -1733239.500000
696     -1733462.000000
697     -1733682.500000
698     -1733901.250000
699     -1734117.250000
700     -1734333.750000
701     -1734547.500000
702     -1734762.000000
703     -1734972.375000
704     -1735182.250000
705     -1735390.125000
706     -1735596.000000
707     -1735801.250000
708     -1736004.875000
709     -1736207.625000
710     -1736408.500000
711     -1736608.500000
712     -1736805.625000
713     -1737004.875000
714     -1737200.875000
715     -1737395.250000
716     -1737589.000000
717     -1737779.000000
718     -1737973.250000
719     -1738161.750000
720     -1738349.500000
721     -1738538.250000
722     -1738723.500000
723     -1738907.000000
724     -1739092.500000
725     -1739273.500000
726     -1739456.000000
727     -1739636.750000
728     -1739814.625000
729     -1739993.750000
730     -1740170.375000
731     -1740346.000000
732     -1740518.750000
733     -1740693.000000
734     -1740862.750000
735     -1741033.250000
736     -1741204.000000
737     -1741372.750000
738     -1741539.250000
739     -1741705.500000
740     -1741871.125000
741     -1742033.750000
742     -1742197.750000
743     -1742359.000000
744     -1742521.500000
745     -1742680.000000
746     -1742840.375000
747     -1742998.000000
748     -1743155.250000
749     -1743310.250000
750     -1743465.750000
751     -1743620.250000
752     -1743773.125000
753     -1743926.000000
754     -1744076.250000
755     -1744227.625000
756     -1744379.000000
757     -1744527.750000
758     -1744674.500000
759     -1744822.000000
760     -1744968.750000
761     -1745113.500000
762     -1745258.000000
763     -1745401.250000
764     -1745545.500000
765     -1745687.375000
766     -1745829.000000
767     -1745969.500000
768     -1746110.250000
769     -1746249.125000
770     -1746388.000000
771     -1746525.125000
772     -1746663.750000
773     -1746799.375000
774     -1746935.500000
775     -1747070.500000
776     -1747203.750000
777     -1747337.750000
778     -1747470.750000
779     -1747602.750000
780     -1747734.750000
781     -1747865.000000
782     -1747994.750000
783     -1748124.750000
784     -1748251.500000
785     -1748379.750000
786     -1748506.750000
787     -1748633.500000
788     -1748760.250000
789     -1748884.000000
790     -1749009.000000
791     -1749133.000000
792     -1749253.750000
793     -1749377.000000
794     -1749497.875000
795     -1749617.875000
796     -1749739.500000
797     -1749859.000000
798     -1749978.125000
799     -1750095.250000
800     -1750212.875000
801     -1750329.125000
802     -1750445.000000
803     -1750561.875000
804     -1750676.750000
805     -1750791.125000
806     -1750905.000000
807     -1751017.375000
808     -1751129.750000
809     -1751242.750000
