Step            Loss
--------------------
1        9557.909180
2        6134.811035
3        2707.852295
4        -716.489258
5       -4143.442383
6       -7568.289062
7       -10994.822266
8       -14420.288086
9       -17847.394531
10      -21267.257812
11      -24696.058594
12      -28123.505859
13      -31547.806641
14      -34974.500000
15      -38404.179688
16      -41834.757812
17      -45262.179688
18      -48695.515625
19      -52119.632812
20      -55555.640625
21      -58987.117188
22      -62425.062500
23      -65857.828125
24      -69296.593750
25      -72737.515625
26      -76178.757812
27      -79621.632812
28      -83066.750000
29      -86514.437500
30      -89966.656250
31      -93419.640625
32      -96875.937500
33      -100334.187500
34      -103796.187500
35      -107261.117188
36      -110730.460938
37      -114198.046875
38      -117675.132812
39      -121153.640625
40      -124635.414062
41      -128124.000000
42      -131611.218750
43      -135106.406250
44      -138604.156250
45      -142108.656250
46      -145618.390625
47      -149127.796875
48      -152643.437500
49      -156165.781250
50      -159694.859375
51      -163225.406250
52      -166764.562500
53      -170308.109375
54      -173851.437500
55      -177405.812500
56      -180965.109375
57      -184533.000000
58      -188100.765625
59      -191678.593750
60      -195262.125000
61      -198847.296875
62      -202444.046875
63      -206048.203125
64      -209654.000000
65      -213269.437500
66      -216886.750000
67      -220513.984375
68      -224147.484375
69      -227787.828125
70      -231434.843750
71      -235086.140625
72      -238750.218750
73      -242417.609375
74      -246094.812500
75      -249775.250000
76      -253465.531250
77      -257160.906250
78      -260863.859375
79      -264575.687500
80      -268294.625000
81      -272018.937500
82      -275749.500000
83      -279494.125000
84      -283236.187500
85      -286994.687500
86      -290755.312500
87      -294529.187500
88      -298304.875000
89      -302087.750000
90      -305883.375000
91      -309684.468750
92      -313493.500000
93      -317303.062500
94      -321128.406250
95      -324961.500000
96      -328797.312500
97      -332642.562500
98      -336496.812500
99      -340355.000000
100     -344227.125000
101     -348103.750000
102     -351985.187500
103     -355876.750000
104     -359774.250000
105     -363681.562500
106     -367594.437500
107     -371516.062500
108     -375446.281250
109     -379382.875000
110     -383322.312500
111     -387272.187500
112     -391231.562500
113     -395193.687500
114     -399163.812500
115     -403146.312500
116     -407133.812500
117     -411126.812500
118     -415127.000000
119     -419134.312500
120     -423146.468750
121     -427168.750000
122     -431193.875000
123     -435226.937500
124     -439267.625000
125     -443316.062500
126     -447367.656250
127     -451429.375000
128     -455494.437500
129     -459570.187500
130     -463650.187500
131     -467734.937500
132     -471825.500000
133     -475921.906250
134     -480027.031250
135     -484134.562500
136     -488253.500000
137     -492370.187500
138     -496496.062500
139     -500628.875000
140     -504765.875000
141     -508907.343750
142     -513058.250000
143     -517208.750000
144     -521369.687500
145     -525529.062500
146     -529696.625000
147     -533871.125000
148     -538046.437500
149     -542230.500000
150     -546412.875000
151     -550603.250000
152     -554795.562500
153     -559000.187500
154     -563205.750000
155     -567405.625000
156     -571620.062500
157     -575826.562500
158     -580047.625000
159     -584270.312500
160     -588498.375000
161     -592724.625000
162     -596952.437500
163     -601188.750000
164     -605424.250000
165     -609661.375000
166     -613903.875000
167     -618149.375000
168     -622398.187500
169     -626645.125000
170     -630898.750000
171     -635146.250000
172     -639408.375000
173     -643665.687500
174     -647924.625000
175     -652185.250000
176     -656449.625000
177     -660714.500000
178     -664974.937500
179     -669242.500000
180     -673509.937500
181     -677782.625000
182     -682048.062500
183     -686317.562500
184     -690585.375000
185     -694856.625000
186     -699124.750000
187     -703391.875000
188     -707666.062500
189     -711934.312500
190     -716208.125000
191     -720473.437500
192     -724740.500000
193     -729010.375000
194     -733270.750000
195     -737541.750000
196     -741805.750000
197     -746070.125000
198     -750331.437500
199     -754592.875000
200     -758857.625000
201     -763109.250000
202     -767364.375000
203     -771617.562500
204     -775868.875000
205     -780122.000000
206     -784366.500000
207     -788612.937500
208     -792853.625000
209     -797088.437500
210     -801329.125000
211     -805558.187500
212     -809789.312500
213     -814016.125000
214     -818240.500000
215     -822459.812500
216     -826679.375000
217     -830892.312500
218     -835098.812500
219     -839300.687500
220     -843508.750000
221     -847703.500000
222     -851893.625000
223     -856083.625000
224     -860270.375000
225     -864449.000000
226     -868623.812500
227     -872793.500000
228     -876955.625000
229     -881113.875000
230     -885272.187500
231     -889419.750000
232     -893561.937500
233     -897702.000000
234     -901830.875000
235     -905957.375000
236     -910081.125000
237     -914195.375000
238     -918306.000000
239     -922405.000000
240     -926509.687500
241     -930591.625000
242     -934678.625000
243     -938754.937500
244     -942821.500000
245     -946889.000000
246     -950949.875000
247     -954994.187500
248     -959038.000000
249     -963071.250000
250     -967096.250000
251     -971122.937500
252     -975132.625000
253     -979142.062500
254     -983134.250000
255     -987130.875000
256     -991111.625000
257     -995083.500000
258     -999049.375000
259     -1003008.000000
260     -1006957.375000
261     -1010903.687500
262     -1014837.062500
263     -1018763.125000
264     -1022676.375000
265     -1026587.000000
266     -1030484.125000
267     -1034373.937500
268     -1038256.250000
269     -1042133.687500
270     -1045996.125000
271     -1049850.875000
272     -1053701.375000
273     -1057544.625000
274     -1061368.500000
275     -1065190.875000
276     -1069000.000000
277     -1072804.000000
278     -1076591.875000
279     -1080378.000000
280     -1084149.375000
281     -1087908.500000
282     -1091661.250000
283     -1095403.750000
284     -1099131.500000
285     -1102856.250000
286     -1106573.375000
287     -1110270.500000
288     -1113963.375000
289     -1117645.375000
290     -1121320.125000
291     -1124977.625000
292     -1128625.375000
293     -1132272.125000
294     -1135897.875000
295     -1139518.375000
296     -1143127.500000
297     -1146723.750000
298     -1150313.000000
299     -1153883.500000
300     -1157448.375000
301     -1161009.000000
302     -1164546.000000
303     -1168073.250000
304     -1171592.750000
305     -1175100.750000
306     -1178604.250000
307     -1182091.250000
308     -1185560.500000
309     -1189028.625000
310     -1192482.750000
311     -1195923.750000
312     -1199349.375000
313     -1202769.000000
314     -1206179.250000
315     -1209571.625000
316     -1212958.625000
317     -1216326.750000
318     -1219685.750000
319     -1223034.125000
320     -1226376.000000
321     -1229705.125000
322     -1233013.875000
323     -1236318.750000
324     -1239608.250000
325     -1242887.625000
326     -1246154.000000
327     -1249404.000000
328     -1252650.500000
329     -1255878.250000
330     -1259097.500000
331     -1262304.750000
332     -1265498.750000
333     -1268676.000000
334     -1271851.250000
335     -1275006.250000
336     -1278151.750000
337     -1281284.875000
338     -1284399.500000
339     -1287507.250000
340     -1290603.250000
341     -1293686.250000
342     -1296756.625000
343     -1299813.250000
344     -1302858.000000
345     -1305889.625000
346     -1308907.875000
347     -1311913.500000
348     -1314907.250000
349     -1317892.625000
350     -1320858.750000
351     -1323813.500000
352     -1326761.750000
353     -1329696.875000
354     -1332607.500000
355     -1335519.875000
356     -1338412.375000
357     -1341295.875000
358     -1344162.625000
359     -1347022.750000
360     -1349869.500000
361     -1352699.875000
362     -1355523.250000
363     -1358331.000000
364     -1361120.500000
365     -1363895.500000
366     -1366666.000000
367     -1369423.875000
368     -1372161.250000
369     -1374892.875000
370     -1377612.875000
371     -1380320.250000
372     -1383005.250000
373     -1385684.750000
374     -1388350.750000
375     -1391011.250000
376     -1393651.250000
377     -1396276.500000
378     -1398886.500000
379     -1401494.000000
380     -1404080.250000
381     -1406655.375000
382     -1409221.625000
383     -1411775.500000
384     -1414307.500000
385     -1416827.750000
386     -1419344.375000
387     -1421837.000000
388     -1424320.250000
389     -1426795.125000
390     -1429255.250000
391     -1431702.375000
392     -1434144.750000
393     -1436562.875000
394     -1438971.125000
395     -1441371.000000
396     -1443755.875000
397     -1446133.875000
398     -1448490.125000
399     -1450835.500000
400     -1453171.500000
401     -1455495.250000
402     -1457802.750000
403     -1460106.250000
404     -1462384.750000
405     -1464657.250000
406     -1466912.750000
407     -1469156.250000
408     -1471387.500000
409     -1473612.875000
410     -1475816.875000
411     -1478015.750000
412     -1480193.750000
413     -1482361.625000
414     -1484523.500000
415     -1486655.750000
416     -1488792.250000
417     -1490902.000000
418     -1493001.250000
419     -1495093.500000
420     -1497177.250000
421     -1499240.500000
422     -1501299.875000
423     -1503343.500000
424     -1505376.875000
425     -1507395.250000
426     -1509403.000000
427     -1511403.500000
428     -1513386.500000
429     -1515359.500000
430     -1517316.000000
431     -1519267.750000
432     -1521197.375000
433     -1523124.625000
434     -1525033.375000
435     -1526930.000000
436     -1528819.000000
437     -1530694.250000
438     -1532556.750000
439     -1534407.750000
440     -1536247.750000
441     -1538072.000000
442     -1539889.125000
443     -1541690.875000
444     -1543486.000000
445     -1545271.750000
446     -1547035.250000
447     -1548796.000000
448     -1550544.500000
449     -1552282.875000
450     -1554006.250000
451     -1555717.625000
452     -1557421.750000
453     -1559109.250000
454     -1560787.000000
455     -1562452.500000
456     -1564109.000000
457     -1565751.750000
458     -1567378.750000
459     -1568995.000000
460     -1570601.250000
461     -1572205.250000
462     -1573789.500000
463     -1575360.750000
464     -1576927.250000
465     -1578473.125000
466     -1580017.875000
467     -1581547.250000
468     -1583060.250000
469     -1584565.750000
470     -1586058.750000
471     -1587541.500000
472     -1589018.500000
473     -1590478.000000
474     -1591931.875000
475     -1593375.250000
476     -1594801.250000
477     -1596217.750000
478     -1597628.750000
479     -1599030.500000
480     -1600421.125000
481     -1601799.000000
482     -1603167.500000
483     -1604524.750000
484     -1605875.500000
485     -1607212.750000
486     -1608547.875000
487     -1609867.250000
488     -1611173.500000
489     -1612473.000000
490     -1613761.875000
491     -1615042.000000
492     -1616307.250000
493     -1617569.250000
494     -1618816.125000
495     -1620057.125000
496     -1621287.750000
497     -1622514.500000
498     -1623723.625000
499     -1624933.500000
500     -1626127.000000
501     -1627307.000000
502     -1628489.500000
503     -1629656.000000
504     -1630813.000000
505     -1631959.750000
506     -1633095.000000
507     -1634226.500000
508     -1635348.250000
509     -1636460.500000
510     -1637561.000000
511     -1638659.250000
512     -1639747.250000
513     -1640820.750000
514     -1641895.500000
515     -1642951.125000
516     -1644007.625000
517     -1645047.500000
518     -1646085.125000
519     -1647107.750000
520     -1648125.625000
521     -1649134.750000
522     -1650136.875000
523     -1651131.750000
524     -1652117.750000
525     -1653088.875000
526     -1654058.000000
527     -1655015.750000
528     -1655965.250000
529     -1656904.250000
530     -1657833.375000
531     -1658759.000000
532     -1659677.875000
533     -1660585.250000
534     -1661483.250000
535     -1662379.250000
536     -1663266.250000
537     -1664144.250000
538     -1665017.250000
539     -1665884.250000
540     -1666738.500000
541     -1667593.250000
542     -1668428.250000
543     -1669263.500000
544     -1670092.875000
545     -1670913.750000
546     -1671724.500000
547     -1672529.875000
548     -1673329.000000
549     -1674118.750000
550     -1674901.125000
551     -1675678.500000
552     -1676444.000000
553     -1677208.250000
554     -1677968.500000
555     -1678719.125000
556     -1679465.500000
557     -1680199.250000
558     -1680926.875000
559     -1681654.750000
560     -1682373.750000
561     -1683080.250000
562     -1683790.375000
563     -1684491.625000
564     -1685182.250000
565     -1685865.750000
566     -1686545.000000
567     -1687222.125000
568     -1687892.000000
569     -1688556.000000
570     -1689211.750000
571     -1689865.250000
572     -1690511.625000
573     -1691153.375000
574     -1691784.250000
575     -1692417.000000
576     -1693039.000000
577     -1693656.250000
578     -1694269.500000
579     -1694879.250000
580     -1695479.500000
581     -1696071.375000
582     -1696664.000000
583     -1697248.500000
584     -1697825.250000
585     -1698396.000000
586     -1698963.750000
587     -1699526.000000
588     -1700086.000000
589     -1700635.000000
590     -1701184.250000
591     -1701725.000000
592     -1702258.500000
593     -1702793.750000
594     -1703317.000000
595     -1703840.375000
596     -1704355.000000
597     -1704869.375000
598     -1705376.750000
599     -1705879.250000
600     -1706379.500000
601     -1706873.000000
602     -1707362.000000
603     -1707849.125000
604     -1708332.000000
605     -1708808.625000
606     -1709279.250000
607     -1709747.625000
608     -1710213.500000
609     -1710670.250000
610     -1711124.750000
611     -1711576.250000
612     -1712024.125000
613     -1712464.500000
614     -1712900.000000
615     -1713331.000000
616     -1713759.250000
617     -1714181.000000
618     -1714605.125000
619     -1715020.500000
620     -1715437.750000
621     -1715843.500000
622     -1716251.500000
623     -1716652.625000
624     -1717051.000000
625     -1717448.750000
626     -1717837.625000
627     -1718224.250000
628     -1718606.000000
629     -1718987.875000
630     -1719360.500000
631     -1719735.250000
632     -1720105.000000
633     -1720468.875000
634     -1720833.500000
635     -1721190.250000
636     -1721548.000000
637     -1721898.750000
638     -1722247.625000
639     -1722593.250000
640     -1722938.500000
641     -1723279.000000
642     -1723618.125000
643     -1723951.000000
644     -1724282.000000
645     -1724614.000000
646     -1724939.750000
647     -1725263.375000
648     -1725582.750000
649     -1725901.250000
650     -1726213.625000
651     -1726527.500000
652     -1726836.250000
653     -1727144.250000
654     -1727446.000000
655     -1727747.250000
656     -1728044.500000
657     -1728340.000000
658     -1728632.875000
659     -1728920.625000
660     -1729209.500000
661     -1729490.875000
662     -1729775.750000
663     -1730053.250000
664     -1730328.875000
665     -1730602.625000
666     -1730876.000000
667     -1731143.250000
668     -1731411.250000
669     -1731674.000000
670     -1731935.250000
671     -1732196.250000
672     -1732452.500000
673     -1732708.750000
674     -1732960.000000
675     -1733212.750000
676     -1733459.000000
677     -1733706.750000
678     -1733949.625000
679     -1734191.000000
680     -1734429.625000
681     -1734669.000000
682     -1734901.750000
683     -1735137.250000
684     -1735370.000000
685     -1735598.250000
686     -1735826.750000
687     -1736051.500000
688     -1736277.000000
689     -1736495.500000
690     -1736716.250000
691     -1736934.625000
692     -1737151.125000
693     -1737364.250000
694     -1737577.125000
695     -1737787.250000
696     -1737998.125000
697     -1738203.750000
698     -1738411.125000
699     -1738615.125000
700     -1738819.750000
701     -1739019.625000
702     -1739221.500000
703     -1739418.500000
704     -1739616.500000
705     -1739810.750000
706     -1740004.250000
707     -1740195.750000
708     -1740387.375000
709     -1740574.500000
710     -1740764.500000
711     -1740949.250000
712     -1741134.250000
713     -1741318.500000
714     -1741499.000000
715     -1741682.250000
716     -1741860.625000
717     -1742039.500000
718     -1742216.375000
719     -1742395.375000
720     -1742568.750000
721     -1742743.000000
722     -1742915.250000
723     -1743087.750000
724     -1743258.500000
725     -1743425.500000
726     -1743595.000000
727     -1743759.875000
728     -1743927.750000
729     -1744090.500000
730     -1744252.500000
731     -1744415.000000
732     -1744575.750000
733     -1744734.250000
734     -1744893.125000
735     -1745049.250000
736     -1745205.250000
737     -1745360.000000
738     -1745513.500000
739     -1745665.250000
740     -1745819.000000
741     -1745967.250000
742     -1746118.250000
743     -1746266.750000
744     -1746414.875000
745     -1746561.250000
746     -1746706.500000
747     -1746851.500000
748     -1746995.250000
749     -1747138.500000
750     -1747278.875000
751     -1747420.750000
752     -1747558.500000
753     -1747697.750000
754     -1747836.000000
755     -1747972.125000
756     -1748109.500000
757     -1748244.625000
758     -1748379.125000
759     -1748512.500000
760     -1748647.125000
761     -1748777.375000
762     -1748909.500000
763     -1749038.250000
764     -1749169.375000
765     -1749299.000000
766     -1749427.000000
767     -1749553.875000
768     -1749682.375000
769     -1749807.500000
770     -1749932.750000
771     -1750057.000000
772     -1750181.125000
773     -1750304.375000
774     -1750427.250000
775     -1750547.500000
776     -1750670.375000
777     -1750790.000000
778     -1750909.125000
779     -1751028.000000
780     -1751146.750000
781     -1751265.625000
782     -1751380.750000
783     -1751497.875000
784     -1751613.000000
785     -1751728.375000
786     -1751841.625000
787     -1751955.250000
788     -1752068.750000
789     -1752180.500000
790     -1752291.500000
791     -1752402.750000
792     -1752511.750000
793     -1752622.125000
794     -1752731.500000
795     -1752838.500000
796     -1752946.500000
797     -1753053.875000
798     -1753159.250000
799     -1753265.750000
