Step            Loss
--------------------
1       -2117.604980
2       -5537.901367
3       -8957.852539
4       -12376.468750
5       -15797.208984
6       -19216.416016
7       -22640.359375
8       -26059.740234
9       -29483.167969
10      -32901.960938
11      -36324.933594
12      -39749.117188
13      -43171.828125
14      -46596.445312
15      -50021.335938
16      -53448.328125
17      -56878.039062
18      -60307.976562
19      -63737.976562
20      -67171.757812
21      -70604.984375
22      -74036.460938
23      -77477.796875
24      -80913.164062
25      -84358.828125
26      -87801.203125
27      -91252.046875
28      -94699.640625
29      -98154.734375
30      -101610.375000
31      -105069.140625
32      -108530.695312
33      -111998.007812
34      -115462.734375
35      -118940.078125
36      -122413.187500
37      -125892.828125
38      -129380.156250
39      -132868.390625
40      -136363.687500
41      -139861.140625
42      -143363.406250
43      -146869.906250
44      -150381.468750
45      -153898.734375
46      -157422.875000
47      -160948.312500
48      -164484.250000
49      -168020.093750
50      -171566.906250
51      -175116.609375
52      -178672.140625
53      -182233.203125
54      -185801.531250
55      -189374.328125
56      -192954.093750
57      -196542.718750
58      -200134.578125
59      -203736.031250
60      -207346.109375
61      -210953.156250
62      -214576.281250
63      -218205.921875
64      -221835.078125
65      -225479.156250
66      -229125.296875
67      -232780.421875
68      -236442.937500
69      -240115.125000
70      -243790.375000
71      -247470.421875
72      -251167.281250
73      -254863.500000
74      -258572.500000
75      -262286.031250
76      -266010.125000
77      -269739.875000
78      -273472.906250
79      -277218.312500
80      -280971.687500
81      -284734.125000
82      -288502.687500
83      -292280.875000
84      -296067.750000
85      -299855.250000
86      -303657.000000
87      -307465.937500
88      -311280.562500
89      -315108.750000
90      -318938.125000
91      -322780.562500
92      -326627.125000
93      -330485.375000
94      -334348.812500
95      -338215.781250
96      -342101.125000
97      -345986.156250
98      -349881.437500
99      -353789.812500
100     -357694.625000
101     -361618.125000
102     -365544.312500
103     -369481.062500
104     -373424.062500
105     -377371.781250
106     -381329.687500
107     -385298.937500
108     -389270.187500
109     -393257.500000
110     -397243.687500
111     -401242.781250
112     -405248.906250
113     -409261.031250
114     -413276.937500
115     -417302.500000
116     -421335.093750
117     -425381.312500
118     -429427.687500
119     -433484.312500
120     -437547.875000
121     -441614.093750
122     -445690.375000
123     -449774.375000
124     -453868.281250
125     -457965.468750
126     -462067.656250
127     -466178.187500
128     -470298.375000
129     -474421.125000
130     -478553.062500
131     -482685.375000
132     -486834.218750
133     -490981.406250
134     -495135.875000
135     -499296.343750
136     -503461.875000
137     -507637.718750
138     -511811.562500
139     -515999.625000
140     -520185.781250
141     -524381.125000
142     -528585.250000
143     -532788.000000
144     -536995.437500
145     -541216.187500
146     -545435.125000
147     -549663.687500
148     -553895.375000
149     -558123.500000
150     -562372.375000
151     -566612.625000
152     -570858.562500
153     -575114.250000
154     -579370.500000
155     -583630.125000
156     -587893.250000
157     -592163.312500
158     -596432.875000
159     -600708.750000
160     -604984.250000
161     -609268.750000
162     -613554.187500
163     -617838.500000
164     -622130.937500
165     -626423.750000
166     -630722.000000
167     -635018.937500
168     -639320.500000
169     -643625.875000
170     -647932.500000
171     -652241.250000
172     -656551.000000
173     -660861.750000
174     -665172.437500
175     -669487.125000
176     -673808.375000
177     -678125.312500
178     -682445.937500
179     -686763.000000
180     -691086.875000
181     -695407.562500
182     -699734.000000
183     -704052.562500
184     -708380.875000
185     -712697.875000
186     -717028.000000
187     -721351.125000
188     -725673.687500
189     -729997.437500
190     -734324.937500
191     -738644.625000
192     -742973.437500
193     -747294.000000
194     -751617.625000
195     -755928.125000
196     -760255.000000
197     -764570.937500
198     -768892.437500
199     -773201.375000
200     -777519.000000
201     -781829.125000
202     -786140.625000
203     -790449.625000
204     -794752.875000
205     -799057.875000
206     -803358.250000
207     -807657.125000
208     -811955.000000
209     -816249.625000
210     -820542.500000
211     -824825.875000
212     -829106.125000
213     -833394.812500
214     -837667.937500
215     -841941.562500
216     -846216.500000
217     -850477.812500
218     -854747.125000
219     -859003.062500
220     -863257.375000
221     -867503.250000
222     -871756.687500
223     -875991.875000
224     -880229.250000
225     -884460.000000
226     -888690.375000
227     -892904.250000
228     -897125.125000
229     -901338.187500
230     -905547.312500
231     -909745.875000
232     -913940.000000
233     -918133.687500
234     -922317.562500
235     -926489.750000
236     -930665.062500
237     -934831.187500
238     -938992.875000
239     -943148.500000
240     -947291.500000
241     -951434.062500
242     -955565.875000
243     -959698.875000
244     -963824.562500
245     -967935.000000
246     -972040.750000
247     -976135.437500
248     -980233.062500
249     -984315.562500
250     -988393.375000
251     -992463.000000
252     -996526.625000
253     -1000577.062500
254     -1004624.875000
255     -1008665.875000
256     -1012697.750000
257     -1016722.250000
258     -1020729.250000
259     -1024735.250000
260     -1028735.750000
261     -1032727.125000
262     -1036710.375000
263     -1040677.750000
264     -1044648.062500
265     -1048600.750000
266     -1052544.000000
267     -1056488.500000
268     -1060414.625000
269     -1064336.875000
270     -1068244.500000
271     -1072146.750000
272     -1076036.750000
273     -1079922.750000
274     -1083798.250000
275     -1087658.750000
276     -1091515.500000
277     -1095357.750000
278     -1099188.250000
279     -1103018.500000
280     -1106828.500000
281     -1110635.000000
282     -1114434.000000
283     -1118214.250000
284     -1121987.250000
285     -1125747.375000
286     -1129497.000000
287     -1133244.500000
288     -1136979.750000
289     -1140696.500000
290     -1144402.250000
291     -1148113.875000
292     -1151804.750000
293     -1155481.875000
294     -1159150.000000
295     -1162807.250000
296     -1166452.250000
297     -1170093.500000
298     -1173717.375000
299     -1177334.875000
300     -1180937.750000
301     -1184525.875000
302     -1188109.875000
303     -1191681.625000
304     -1195240.250000
305     -1198790.000000
306     -1202320.750000
307     -1205859.000000
308     -1209370.375000
309     -1212867.500000
310     -1216364.000000
311     -1219841.000000
312     -1223309.875000
313     -1226760.750000
314     -1230209.375000
315     -1233639.500000
316     -1237061.500000
317     -1240467.125000
318     -1243865.500000
319     -1247255.250000
320     -1250631.000000
321     -1253995.125000
322     -1257348.000000
323     -1260681.750000
324     -1264013.375000
325     -1267322.375000
326     -1270627.000000
327     -1273918.500000
328     -1277198.500000
329     -1280470.000000
330     -1283717.000000
331     -1286960.000000
332     -1290195.125000
333     -1293405.750000
334     -1296609.000000
335     -1299797.625000
336     -1302987.375000
337     -1306150.625000
338     -1309301.000000
339     -1312449.250000
340     -1315577.250000
341     -1318696.000000
342     -1321804.000000
343     -1324888.750000
344     -1327972.875000
345     -1331040.375000
346     -1334091.750000
347     -1337133.750000
348     -1340157.750000
349     -1343169.250000
350     -1346166.500000
351     -1349155.250000
352     -1352130.750000
353     -1355089.875000
354     -1358033.750000
355     -1360968.500000
356     -1363889.000000
357     -1366799.000000
358     -1369697.875000
359     -1372585.750000
360     -1375457.625000
361     -1378315.250000
362     -1381158.000000
363     -1383989.625000
364     -1386815.000000
365     -1389621.625000
366     -1392421.000000
367     -1395200.250000
368     -1397967.750000
369     -1400733.875000
370     -1403466.500000
371     -1406194.875000
372     -1408910.875000
373     -1411614.625000
374     -1414304.500000
375     -1416984.000000
376     -1419654.500000
377     -1422304.375000
378     -1424933.000000
379     -1427563.250000
380     -1430181.750000
381     -1432774.750000
382     -1435356.250000
383     -1437931.250000
384     -1440493.125000
385     -1443034.375000
386     -1445572.000000
387     -1448092.000000
388     -1450601.375000
389     -1453094.125000
390     -1455578.500000
391     -1458046.000000
392     -1460501.250000
393     -1462943.500000
394     -1465376.375000
395     -1467789.125000
396     -1470192.875000
397     -1472585.500000
398     -1474956.750000
399     -1477322.750000
400     -1479674.000000
401     -1482011.375000
402     -1484339.500000
403     -1486650.750000
404     -1488949.000000
405     -1491240.000000
406     -1493506.750000
407     -1495772.000000
408     -1498024.250000
409     -1500264.250000
410     -1502492.875000
411     -1504707.250000
412     -1506909.750000
413     -1509091.250000
414     -1511271.250000
415     -1513427.750000
416     -1515583.875000
417     -1517721.750000
418     -1519843.750000
419     -1521954.500000
420     -1524056.000000
421     -1526144.375000
422     -1528217.500000
423     -1530283.125000
424     -1532335.125000
425     -1534375.000000
426     -1536401.750000
427     -1538418.250000
428     -1540425.000000
429     -1542413.000000
430     -1544388.250000
431     -1546355.500000
432     -1548312.000000
433     -1550252.750000
434     -1552177.000000
435     -1554102.750000
436     -1556011.500000
437     -1557901.500000
438     -1559785.500000
439     -1561655.250000
440     -1563508.000000
441     -1565352.750000
442     -1567191.000000
443     -1569006.250000
444     -1570816.250000
445     -1572612.875000
446     -1574398.125000
447     -1576173.750000
448     -1577932.875000
449     -1579683.500000
450     -1581422.500000
451     -1583147.000000
452     -1584866.125000
453     -1586573.000000
454     -1588269.750000
455     -1589956.250000
456     -1591621.750000
457     -1593282.375000
458     -1594934.250000
459     -1596573.500000
460     -1598196.500000
461     -1599806.500000
462     -1601411.125000
463     -1602999.500000
464     -1604579.000000
465     -1606148.250000
466     -1607706.500000
467     -1609248.250000
468     -1610784.000000
469     -1612310.500000
470     -1613827.625000
471     -1615327.625000
472     -1616816.250000
473     -1618298.250000
474     -1619767.750000
475     -1621228.000000
476     -1622682.125000
477     -1624116.500000
478     -1625542.500000
479     -1626965.000000
480     -1628376.500000
481     -1629774.000000
482     -1631157.750000
483     -1632538.000000
484     -1633905.250000
485     -1635261.125000
486     -1636609.500000
487     -1637942.000000
488     -1639269.000000
489     -1640582.875000
490     -1641885.125000
491     -1643188.875000
492     -1644464.000000
493     -1645740.625000
494     -1647005.625000
495     -1648254.625000
496     -1649504.250000
497     -1650734.750000
498     -1651957.875000
499     -1653175.250000
500     -1654382.750000
501     -1655571.875000
502     -1656756.250000
503     -1657929.750000
504     -1659099.250000
505     -1660258.750000
506     -1661406.625000
507     -1662546.125000
508     -1663676.750000
509     -1664799.250000
510     -1665910.250000
511     -1667013.625000
512     -1668108.000000
513     -1669191.750000
514     -1670269.500000
515     -1671335.500000
516     -1672398.125000
517     -1673452.000000
518     -1674490.000000
519     -1675529.250000
520     -1676557.750000
521     -1677568.375000
522     -1678583.875000
523     -1679586.500000
524     -1680577.125000
525     -1681563.500000
526     -1682542.000000
527     -1683513.750000
528     -1684472.000000
529     -1685427.250000
530     -1686370.375000
531     -1687307.750000
532     -1688237.000000
533     -1689157.250000
534     -1690072.000000
535     -1690975.625000
536     -1691870.625000
537     -1692763.250000
538     -1693647.250000
539     -1694524.250000
540     -1695389.000000
541     -1696252.375000
542     -1697105.250000
543     -1697945.250000
544     -1698788.250000
545     -1699617.750000
546     -1700439.000000
547     -1701259.500000
548     -1702068.250000
549     -1702868.750000
550     -1703660.500000
551     -1704452.250000
552     -1705227.000000
553     -1706005.625000
554     -1706770.250000
555     -1707531.000000
556     -1708283.750000
557     -1709023.500000
558     -1709766.875000
559     -1710498.500000
560     -1711221.125000
561     -1711943.750000
562     -1712655.625000
563     -1713362.125000
564     -1714061.875000
565     -1714754.500000
566     -1715441.750000
567     -1716121.250000
568     -1716795.625000
569     -1717463.750000
570     -1718125.500000
571     -1718783.000000
572     -1719430.875000
573     -1720075.625000
574     -1720713.250000
575     -1721341.500000
576     -1721973.625000
577     -1722592.375000
578     -1723205.250000
579     -1723815.125000
580     -1724414.250000
581     -1725011.875000
582     -1725601.000000
583     -1726187.500000
584     -1726764.000000
585     -1727344.875000
586     -1727909.250000
587     -1728472.125000
588     -1729030.500000
589     -1729581.000000
590     -1730128.750000
591     -1730671.000000
592     -1731211.125000
593     -1731743.750000
594     -1732272.250000
595     -1732792.875000
596     -1733314.500000
597     -1733824.250000
598     -1734335.375000
599     -1734838.250000
600     -1735341.750000
601     -1735835.750000
602     -1736328.250000
603     -1736819.500000
604     -1737296.375000
605     -1737779.750000
606     -1738248.500000
607     -1738714.750000
608     -1739183.625000
609     -1739639.000000
610     -1740101.000000
611     -1740553.750000
612     -1741001.125000
613     -1741445.125000
614     -1741886.500000
615     -1742321.500000
616     -1742751.250000
617     -1743178.875000
618     -1743603.750000
619     -1744023.625000
620     -1744438.750000
621     -1744851.125000
622     -1745256.875000
623     -1745662.250000
624     -1746060.000000
625     -1746457.250000
626     -1746848.625000
627     -1747236.500000
628     -1747619.625000
629     -1747996.625000
630     -1748375.625000
631     -1748747.750000
632     -1749116.875000
633     -1749483.750000
634     -1749845.750000
635     -1750205.125000
636     -1750561.250000
637     -1750914.000000
638     -1751261.500000
639     -1751606.375000
640     -1751950.625000
641     -1752288.250000
642     -1752626.750000
643     -1752956.750000
644     -1753288.000000
645     -1753614.500000
646     -1753938.000000
647     -1754258.625000
648     -1754578.500000
649     -1754888.125000
650     -1755203.000000
651     -1755511.750000
652     -1755818.375000
653     -1756122.250000
654     -1756422.000000
655     -1756722.250000
656     -1757014.500000
657     -1757310.000000
658     -1757598.875000
659     -1757886.750000
660     -1758172.250000
661     -1758455.000000
662     -1758735.875000
663     -1759011.125000
664     -1759288.250000
665     -1759562.000000
666     -1759831.750000
667     -1760100.750000
668     -1760366.500000
669     -1760630.500000
670     -1760890.750000
671     -1761149.500000
672     -1761408.500000
673     -1761662.500000
674     -1761917.250000
675     -1762167.625000
676     -1762413.750000
677     -1762660.750000
678     -1762905.500000
679     -1763147.250000
680     -1763389.375000
681     -1763624.250000
682     -1763862.500000
683     -1764096.250000
684     -1764329.500000
685     -1764562.750000
686     -1764788.875000
687     -1765016.500000
688     -1765242.500000
689     -1765465.375000
690     -1765685.750000
691     -1765905.375000
692     -1766123.375000
693     -1766339.000000
694     -1766554.250000
695     -1766767.000000
696     -1766978.000000
697     -1767187.500000
698     -1767395.750000
699     -1767601.000000
700     -1767807.750000
701     -1768008.125000
702     -1768211.500000
703     -1768411.750000
704     -1768611.250000
705     -1768808.500000
706     -1769004.500000
707     -1769199.250000
708     -1769392.000000
709     -1769580.750000
710     -1769772.750000
711     -1769961.500000
712     -1770146.375000
713     -1770332.375000
714     -1770516.875000
715     -1770699.875000
716     -1770881.000000
717     -1771061.000000
718     -1771242.000000
719     -1771419.000000
720     -1771595.375000
721     -1771770.000000
722     -1771944.000000
723     -1772117.500000
724     -1772289.500000
725     -1772459.500000
726     -1772627.750000
727     -1772797.125000
728     -1772963.750000
729     -1773129.250000
730     -1773296.000000
731     -1773457.375000
732     -1773621.750000
733     -1773782.375000
734     -1773942.250000
735     -1774101.500000
736     -1774259.250000
737     -1774416.000000
738     -1774570.875000
739     -1774724.875000
740     -1774878.750000
741     -1775031.250000
742     -1775182.625000
743     -1775333.375000
744     -1775482.750000
745     -1775631.500000
746     -1775779.500000
747     -1775926.000000
748     -1776071.250000
749     -1776215.875000
750     -1776359.500000
751     -1776501.250000
752     -1776642.750000
753     -1776783.375000
754     -1776924.000000
755     -1777062.250000
756     -1777199.750000
757     -1777335.750000
758     -1777472.500000
759     -1777606.250000
760     -1777740.000000
761     -1777873.500000
762     -1778005.750000
763     -1778137.500000
764     -1778268.750000
765     -1778398.750000
766     -1778528.625000
767     -1778655.625000
768     -1778783.875000
769     -1778908.375000
770     -1779035.750000
771     -1779159.250000
772     -1779284.375000
773     -1779408.875000
774     -1779531.625000
775     -1779654.250000
776     -1779775.375000
777     -1779895.750000
778     -1780016.750000
779     -1780136.750000
780     -1780256.000000
781     -1780374.625000
782     -1780493.250000
783     -1780610.125000
784     -1780727.500000
785     -1780843.250000
786     -1780960.000000
787     -1781074.500000
788     -1781189.375000
789     -1781301.875000
790     -1781416.000000
791     -1781528.375000
792     -1781639.375000
793     -1781750.250000
794     -1781861.000000
795     -1781970.500000
796     -1782079.250000
797     -1782187.250000
798     -1782296.750000
799     -1782403.500000
800     -1782510.625000
801     -1782616.250000
802     -1782722.500000
803     -1782825.625000
804     -1782930.750000
805     -1783034.500000
806     -1783136.500000
807     -1783239.875000
808     -1783343.000000
809     -1783444.500000
810     -1783544.500000
811     -1783644.625000
812     -1783744.750000
813     -1783845.250000
814     -1783944.500000
815     -1784043.250000
816     -1784140.750000
817     -1784238.250000
818     -1784335.500000
819     -1784430.875000
820     -1784526.000000
821     -1784621.250000
822     -1784714.000000
823     -1784808.000000
824     -1784901.125000
825     -1784994.375000
826     -1785086.500000
827     -1785178.125000
828     -1785268.750000
829     -1785360.000000
830     -1785451.125000
831     -1785540.875000
832     -1785630.750000
833     -1785719.250000
834     -1785807.000000
835     -1785895.750000
836     -1785984.500000
837     -1786072.000000
838     -1786158.500000
839     -1786244.500000
840     -1786331.750000
841     -1786417.125000
842     -1786501.250000
843     -1786585.250000
844     -1786670.250000
845     -1786753.000000
846     -1786837.250000
847     -1786920.125000
848     -1787002.375000
849     -1787084.000000
850     -1787164.250000
851     -1787246.250000
852     -1787326.500000
853     -1787406.500000
854     -1787485.875000
855     -1787565.250000
856     -1787644.000000
857     -1787722.500000
858     -1787800.250000
859     -1787878.750000
860     -1787955.125000
861     -1788031.750000
862     -1788109.000000
863     -1788184.000000
864     -1788260.250000
865     -1788335.000000
866     -1788410.625000
867     -1788483.750000
868     -1788558.250000
869     -1788631.500000
870     -1788704.000000
871     -1788777.750000
872     -1788849.750000
873     -1788922.250000
874     -1788993.625000
875     -1789065.125000
876     -1789136.625000
877     -1789206.625000
878     -1789278.375000
879     -1789348.000000
880     -1789417.125000
881     -1789486.750000
882     -1789555.500000
883     -1789624.125000
884     -1789692.375000
885     -1789759.750000
886     -1789827.250000
887     -1789894.250000
888     -1789961.250000
889     -1790028.000000
890     -1790094.875000
891     -1790160.750000
892     -1790227.250000
893     -1790293.250000
894     -1790357.750000
895     -1790422.500000
896     -1790487.250000
897     -1790552.375000
898     -1790616.000000
899     -1790680.500000
900     -1790744.875000
901     -1790807.750000
902     -1790871.125000
903     -1790935.000000
904     -1790996.250000
905     -1791058.750000
906     -1791120.250000
907     -1791182.750000
908     -1791243.250000
909     -1791305.750000
910     -1791366.000000
911     -1791426.625000
912     -1791487.625000
913     -1791548.500000
914     -1791607.625000
915     -1791667.000000
916     -1791727.000000
917     -1791785.250000
918     -1791844.250000
919     -1791904.125000
920     -1791961.250000
921     -1792019.500000
922     -1792077.500000
923     -1792135.750000
924     -1792193.250000
925     -1792250.250000
926     -1792306.750000
927     -1792363.500000
928     -1792419.875000
929     -1792476.750000
930     -1792532.500000
931     -1792587.875000
932     -1792643.750000
933     -1792699.125000
934     -1792754.000000
935     -1792809.500000
936     -1792863.125000
937     -1792918.000000
938     -1792971.250000
939     -1793025.875000
940     -1793078.500000
941     -1793131.375000
942     -1793185.875000
943     -1793238.125000
944     -1793291.250000
945     -1793343.250000
946     -1793394.750000
947     -1793446.500000
948     -1793498.875000
949     -1793549.250000
950     -1793601.000000
951     -1793652.250000
952     -1793702.875000
953     -1793753.500000
954     -1793804.500000
955     -1793855.250000
956     -1793904.500000
957     -1793953.250000
958     -1794004.500000
959     -1794054.250000
960     -1794102.500000
961     -1794152.375000
962     -1794200.500000
963     -1794249.750000
964     -1794297.500000
965     -1794345.875000
966     -1794394.500000
967     -1794442.750000
968     -1794490.625000
969     -1794538.250000
970     -1794586.375000
971     -1794633.125000
972     -1794680.125000
973     -1794727.875000
974     -1794774.875000
975     -1794821.375000
976     -1794868.125000
977     -1794914.375000
978     -1794961.875000
979     -1795007.625000
980     -1795053.250000
981     -1795098.875000
982     -1795145.125000
983     -1795190.125000
984     -1795235.500000
985     -1795280.000000
986     -1795325.625000
987     -1795370.000000
988     -1795413.875000
989     -1795459.000000
990     -1795502.000000
991     -1795546.625000
992     -1795591.250000
993     -1795634.875000
994     -1795677.500000
995     -1795721.875000
996     -1795764.875000
997     -1795807.750000
998     -1795851.000000
999     -1795893.000000
1000    -1795935.375000
1001    -1795978.500000
1002    -1796021.000000
1003    -1796062.625000
1004    -1796104.375000
1005    -1796145.750000
1006    -1796188.125000
1007    -1796229.500000
1008    -1796271.125000
1009    -1796311.875000
1010    -1796353.500000
1011    -1796394.875000
1012    -1796435.250000
1013    -1796475.625000
1014    -1796516.125000
1015    -1796556.375000
1016    -1796597.375000
1017    -1796636.500000
1018    -1796676.750000
1019    -1796717.125000
1020    -1796757.500000
1021    -1796797.250000
1022    -1796836.000000
1023    -1796875.500000
1024    -1796915.375000
1025    -1796954.125000
1026    -1796993.750000
1027    -1797032.000000
1028    -1797071.500000
1029    -1797109.750000
1030    -1797148.125000
1031    -1797187.500000
1032    -1797225.250000
1033    -1797263.375000
1034    -1797301.250000
1035    -1797339.500000
1036    -1797377.750000
1037    -1797415.875000
1038    -1797453.500000
1039    -1797490.125000
1040    -1797528.250000
1041    -1797567.000000
1042    -1797603.000000
1043    -1797640.000000
1044    -1797677.250000
1045    -1797715.000000
1046    -1797750.125000
1047    -1797788.125000
1048    -1797824.250000
1049    -1797861.125000
1050    -1797898.000000
1051    -1797934.125000
1052    -1797969.750000
1053    -1798006.375000
1054    -1798042.750000
1055    -1798078.000000
1056    -1798114.000000
1057    -1798150.000000
1058    -1798186.250000
1059    -1798221.125000
1060    -1798256.750000
1061    -1798292.000000
1062    -1798326.875000
1063    -1798362.000000
1064    -1798397.000000
1065    -1798431.500000
1066    -1798465.750000
1067    -1798501.125000
1068    -1798535.250000
1069    -1798569.500000
1070    -1798604.250000
1071    -1798638.750000
1072    -1798672.500000
1073    -1798707.125000
1074    -1798741.250000
1075    -1798774.500000
1076    -1798809.000000
1077    -1798842.500000
1078    -1798876.000000
1079    -1798909.250000
1080    -1798943.250000
1081    -1798976.375000
1082    -1799009.250000
1083    -1799042.750000
1084    -1799076.125000
1085    -1799109.000000
1086    -1799141.500000
1087    -1799174.750000
1088    -1799207.375000
1089    -1799240.250000
1090    -1799272.875000
1091    -1799304.750000
1092    -1799337.375000
1093    -1799369.750000
1094    -1799402.000000
1095    -1799434.250000
1096    -1799466.125000
1097    -1799497.750000
1098    -1799530.500000
1099    -1799561.625000
1100    -1799594.000000
1101    -1799625.500000
1102    -1799657.125000
1103    -1799688.125000
1104    -1799720.000000
1105    -1799751.250000
1106    -1799782.750000
1107    -1799813.750000
1108    -1799845.250000
1109    -1799875.750000
1110    -1799906.750000
1111    -1799936.750000
1112    -1799968.000000
1113    -1799999.250000
1114    -1800029.500000
1115    -1800060.250000
1116    -1800090.500000
1117    -1800120.625000
1118    -1800151.375000
1119    -1800181.500000
1120    -1800211.750000
1121    -1800241.500000
1122    -1800271.250000
1123    -1800301.625000
1124    -1800331.000000
1125    -1800360.875000
1126    -1800390.250000
1127    -1800420.125000
1128    -1800449.000000
1129    -1800478.750000
1130    -1800507.500000
1131    -1800536.625000
1132    -1800565.375000
1133    -1800595.250000
1134    -1800624.750000
1135    -1800653.250000
1136    -1800682.125000
1137    -1800711.000000
1138    -1800739.500000
1139    -1800768.125000
1140    -1800797.500000
1141    -1800824.750000
1142    -1800854.375000
1143    -1800883.250000
1144    -1800910.500000
1145    -1800939.250000
1146    -1800967.750000
1147    -1800996.250000
1148    -1801023.250000
1149    -1801051.875000
1150    -1801080.000000
1151    -1801108.000000
1152    -1801135.500000
1153    -1801162.875000
1154    -1801191.000000
1155    -1801219.000000
1156    -1801246.000000
1157    -1801274.000000
1158    -1801301.125000
1159    -1801329.250000
1160    -1801355.375000
1161    -1801383.500000
1162    -1801410.125000
1163    -1801437.500000
1164    -1801464.500000
1165    -1801491.125000
1166    -1801517.875000
1167    -1801544.750000
1168    -1801571.875000
1169    -1801598.375000
1170    -1801624.750000
1171    -1801651.250000
1172    -1801677.750000
1173    -1801704.000000
1174    -1801730.250000
1175    -1801756.625000
1176    -1801782.750000
1177    -1801808.750000
1178    -1801834.750000
1179    -1801861.000000
1180    -1801886.500000
1181    -1801912.250000
1182    -1801938.000000
1183    -1801965.000000
1184    -1801990.000000
1185    -1802015.625000
1186    -1802040.375000
1187    -1802067.125000
1188    -1802092.250000
1189    -1802117.000000
1190    -1802143.125000
1191    -1802168.125000
1192    -1802193.500000
1193    -1802218.500000
1194    -1802243.250000
1195    -1802269.000000
1196    -1802293.750000
1197    -1802319.000000
1198    -1802343.750000
1199    -1802368.625000
1200    -1802393.750000
1201    -1802418.250000
1202    -1802442.250000
1203    -1802466.750000
1204    -1802491.375000
1205    -1802515.000000
1206    -1802540.750000
1207    -1802564.625000
1208    -1802589.125000
1209    -1802613.500000
1210    -1802637.125000
1211    -1802662.375000
1212    -1802685.500000
1213    -1802709.500000
1214    -1802733.500000
1215    -1802758.250000
1216    -1802781.625000
1217    -1802804.750000
1218    -1802829.250000
1219    -1802853.125000
1220    -1802877.000000
1221    -1802900.000000
1222    -1802923.750000
1223    -1802948.000000
1224    -1802970.750000
1225    -1802994.250000
1226    -1803017.750000
1227    -1803041.000000
1228    -1803064.750000
1229    -1803088.000000
1230    -1803111.250000
1231    -1803134.375000
1232    -1803157.375000
1233    -1803181.000000
1234    -1803203.000000
1235    -1803226.250000
1236    -1803249.625000
1237    -1803272.375000
1238    -1803294.750000
1239    -1803318.250000
1240    -1803340.250000
1241    -1803363.000000
1242    -1803386.000000
1243    -1803408.250000
1244    -1803431.125000
1245    -1803453.750000
1246    -1803476.500000
1247    -1803499.125000
1248    -1803520.500000
1249    -1803543.750000
1250    -1803565.750000
1251    -1803588.500000
1252    -1803610.500000
1253    -1803632.250000
1254    -1803654.750000
1255    -1803677.250000
1256    -1803698.375000
1257    -1803720.750000
1258    -1803742.250000
1259    -1803764.125000
1260    -1803786.625000
1261    -1803808.125000
1262    -1803830.000000
1263    -1803851.375000
1264    -1803873.500000
1265    -1803895.125000
1266    -1803916.875000
1267    -1803938.500000
1268    -1803960.250000
1269    -1803980.875000
1270    -1804003.000000
1271    -1804024.375000
1272    -1804046.250000
1273    -1804066.500000
1274    -1804088.000000
1275    -1804109.875000
1276    -1804130.750000
1277    -1804151.250000
1278    -1804172.250000
1279    -1804193.125000
1280    -1804214.250000
1281    -1804235.000000
1282    -1804256.750000
1283    -1804277.250000
1284    -1804298.125000
1285    -1804319.000000
1286    -1804339.375000
1287    -1804360.250000
1288    -1804380.875000
1289    -1804401.250000
1290    -1804421.000000
1291    -1804442.125000
1292    -1804462.125000
1293    -1804483.375000
1294    -1804503.875000
1295    -1804523.250000
1296    -1804544.000000
1297    -1804564.000000
1298    -1804584.000000
1299    -1804603.375000
1300    -1804623.750000
1301    -1804644.500000
1302    -1804664.000000
1303    -1804684.250000
1304    -1804704.625000
1305    -1804724.250000
1306    -1804744.250000
1307    -1804763.750000
1308    -1804783.875000
1309    -1804802.750000
1310    -1804823.500000
1311    -1804843.250000
1312    -1804862.250000
1313    -1804882.000000
1314    -1804901.000000
1315    -1804921.125000
1316    -1804940.250000
1317    -1804959.750000
1318    -1804978.500000
1319    -1804998.250000
1320    -1805017.125000
1321    -1805036.375000
1322    -1805055.875000
1323    -1805075.000000
1324    -1805094.250000
1325    -1805112.500000
1326    -1805131.250000
1327    -1805151.000000
1328    -1805169.375000
1329    -1805188.625000
1330    -1805206.750000
1331    -1805226.500000
1332    -1805245.000000
1333    -1805263.000000
1334    -1805281.750000
1335    -1805300.625000
1336    -1805319.500000
1337    -1805337.000000
1338    -1805356.250000
1339    -1805373.750000
1340    -1805391.250000
1341    -1805410.500000
1342    -1805428.250000
1343    -1805446.500000
1344    -1805464.500000
1345    -1805482.250000
1346    -1805500.250000
1347    -1805518.625000
1348    -1805536.250000
1349    -1805554.000000
1350    -1805572.000000
1351    -1805590.000000
1352    -1805607.250000
1353    -1805624.875000
1354    -1805643.250000
1355    -1805660.000000
1356    -1805678.000000
1357    -1805695.750000
1358    -1805712.875000
1359    -1805730.500000
1360    -1805748.500000
1361    -1805765.250000
1362    -1805782.750000
1363    -1805799.500000
1364    -1805818.000000
1365    -1805835.000000
1366    -1805851.625000
1367    -1805868.500000
1368    -1805885.750000
1369    -1805902.250000
1370    -1805920.000000
1371    -1805935.875000
1372    -1805953.625000
1373    -1805970.750000
1374    -1805987.250000
1375    -1806004.250000
1376    -1806020.250000
1377    -1806036.875000
1378    -1806054.000000
1379    -1806070.250000
1380    -1806087.125000
1381    -1806103.500000
1382    -1806119.750000
1383    -1806135.875000
1384    -1806152.125000
1385    -1806168.500000
1386    -1806184.500000
1387    -1806201.125000
1388    -1806217.500000
1389    -1806233.375000
1390    -1806249.250000
1391    -1806265.250000
1392    -1806281.000000
1393    -1806297.250000
1394    -1806312.750000
1395    -1806329.000000
1396    -1806344.375000
1397    -1806360.625000
1398    -1806376.000000
1399    -1806391.875000
1400    -1806407.625000
1401    -1806422.500000
1402    -1806438.625000
1403    -1806453.750000
1404    -1806469.250000
1405    -1806485.000000
1406    -1806500.500000
1407    -1806516.500000
1408    -1806531.750000
1409    -1806546.500000
1410    -1806561.750000
