Step            Loss
--------------------
1       -4215.870605
2       -7634.524414
3       -11061.285156
4       -14477.353516
5       -17903.695312
6       -21326.269531
7       -24745.695312
8       -28169.074219
9       -31592.712891
10      -35016.835938
11      -38444.085938
12      -41869.152344
13      -45294.835938
14      -48718.968750
15      -52149.390625
16      -55578.738281
17      -59010.867188
18      -62441.015625
19      -65875.765625
20      -69307.343750
21      -72744.351562
22      -76181.390625
23      -79623.085938
24      -83065.140625
25      -86514.140625
26      -89958.023438
27      -93408.796875
28      -96858.531250
29      -100316.703125
30      -103775.156250
31      -107236.265625
32      -110704.093750
33      -114170.367188
34      -117641.773438
35      -121113.320312
36      -124595.515625
37      -128077.625000
38      -131562.453125
39      -135056.312500
40      -138549.531250
41      -142046.468750
42      -145557.203125
43      -149062.468750
44      -152576.843750
45      -156093.296875
46      -159619.437500
47      -163150.046875
48      -166682.812500
49      -170224.187500
50      -173767.453125
51      -177319.625000
52      -180878.093750
53      -184435.812500
54      -188007.843750
55      -191581.625000
56      -195161.343750
57      -198749.890625
58      -202340.406250
59      -205944.859375
60      -209545.625000
61      -213161.750000
62      -216784.171875
63      -220408.765625
64      -224043.093750
65      -227679.750000
66      -231331.250000
67      -234985.343750
68      -238647.843750
69      -242312.968750
70      -245989.156250
71      -249670.000000
72      -253364.046875
73      -257063.640625
74      -260767.031250
75      -264480.406250
76      -268200.531250
77      -271929.812500
78      -275663.656250
79      -279408.812500
80      -283162.125000
81      -286922.812500
82      -290687.437500
83      -294465.125000
84      -298246.187500
85      -302038.656250
86      -305836.375000
87      -309645.125000
88      -313456.625000
89      -317279.812500
90      -321109.375000
91      -324947.843750
92      -328794.531250
93      -332650.906250
94      -336516.250000
95      -340385.281250
96      -344262.156250
97      -348149.250000
98      -352041.062500
99      -355944.937500
100     -359853.187500
101     -363770.343750
102     -367699.125000
103     -371629.312500
104     -375572.250000
105     -379524.843750
106     -383481.812500
107     -387446.812500
108     -391422.656250
109     -395397.875000
110     -399388.562500
111     -403382.437500
112     -407384.843750
113     -411392.906250
114     -415418.250000
115     -419441.250000
116     -423469.281250
117     -427511.593750
118     -431560.312500
119     -435615.875000
120     -439678.562500
121     -443746.312500
122     -447822.187500
123     -451903.218750
124     -455994.281250
125     -460088.937500
126     -464192.562500
127     -468302.000000
128     -472420.156250
129     -476543.281250
130     -480671.781250
131     -484807.093750
132     -488951.125000
133     -493095.812500
134     -497251.312500
135     -501415.562500
136     -505577.968750
137     -509755.375000
138     -513930.281250
139     -518114.093750
140     -522302.468750
141     -526497.375000
142     -530695.250000
143     -534904.000000
144     -539111.250000
145     -543330.250000
146     -547548.187500
147     -551774.375000
148     -556004.312500
149     -560236.812500
150     -564476.875000
151     -568719.500000
152     -572965.750000
153     -577223.312500
154     -581475.625000
155     -585738.625000
156     -589998.125000
157     -594265.937500
158     -598541.375000
159     -602814.375000
160     -607096.375000
161     -611374.625000
162     -615655.625000
163     -619946.000000
164     -624237.500000
165     -628531.312500
166     -632821.187500
167     -637123.750000
168     -641423.812500
169     -645727.000000
170     -650033.062500
171     -654343.937500
172     -658645.750000
173     -662962.062500
174     -667273.625000
175     -671582.875000
176     -675903.250000
177     -680218.625000
178     -684539.125000
179     -688857.562500
180     -693174.750000
181     -697500.875000
182     -701823.437500
183     -706139.687500
184     -710465.125000
185     -714787.812500
186     -719112.312500
187     -723431.625000
188     -727751.687500
189     -732079.687500
190     -736399.937500
191     -740721.687500
192     -745043.250000
193     -749357.125000
194     -753679.750000
195     -757996.187500
196     -762315.000000
197     -766629.625000
198     -770942.312500
199     -775249.625000
200     -779563.187500
201     -783870.250000
202     -788176.812500
203     -792482.375000
204     -796783.375000
205     -801088.750000
206     -805386.500000
207     -809678.437500
208     -813970.125000
209     -818258.812500
210     -822546.875000
211     -826828.750000
212     -831105.562500
213     -835383.375000
214     -839662.125000
215     -843935.250000
216     -848194.687500
217     -852454.187500
218     -856713.625000
219     -860970.687500
220     -865226.125000
221     -869462.750000
222     -873705.125000
223     -877945.250000
224     -882170.625000
225     -886402.500000
226     -890624.125000
227     -894839.625000
228     -899056.375000
229     -903266.375000
230     -907456.687500
231     -911653.750000
232     -915849.625000
233     -920035.125000
234     -924214.875000
235     -928389.937500
236     -932556.125000
237     -936722.375000
238     -940868.125000
239     -945016.500000
240     -949161.562500
241     -953298.500000
242     -957429.875000
243     -961553.500000
244     -965668.437500
245     -969772.250000
246     -973879.375000
247     -977971.500000
248     -982059.187500
249     -986140.937500
250     -990214.875000
251     -994278.125000
252     -998330.437500
253     -1002381.187500
254     -1006429.812500
255     -1010457.937500
256     -1014488.000000
257     -1018508.125000
258     -1022512.250000
259     -1026517.437500
260     -1030504.875000
261     -1034490.812500
262     -1038467.000000
263     -1042432.312500
264     -1046394.500000
265     -1050342.875000
266     -1054280.625000
267     -1058216.375000
268     -1062142.000000
269     -1066052.500000
270     -1069957.750000
271     -1073857.000000
272     -1077749.000000
273     -1081621.750000
274     -1085488.000000
275     -1089350.750000
276     -1093196.125000
277     -1097034.250000
278     -1100867.875000
279     -1104688.500000
280     -1108495.000000
281     -1112294.000000
282     -1116093.250000
283     -1119871.250000
284     -1123640.250000
285     -1127395.125000
286     -1131151.500000
287     -1134885.250000
288     -1138617.500000
289     -1142331.250000
290     -1146038.750000
291     -1149733.750000
292     -1153425.250000
293     -1157099.500000
294     -1160763.875000
295     -1164418.000000
296     -1168064.500000
297     -1171693.750000
298     -1175319.750000
299     -1178926.875000
300     -1182529.750000
301     -1186118.375000
302     -1189691.000000
303     -1193264.250000
304     -1196815.000000
305     -1200358.125000
306     -1203896.125000
307     -1207413.625000
308     -1210926.250000
309     -1214420.000000
310     -1217910.250000
311     -1221376.125000
312     -1224846.625000
313     -1228288.875000
314     -1231735.250000
315     -1235162.500000
316     -1238574.500000
317     -1241982.000000
318     -1245367.375000
319     -1248751.500000
320     -1252119.000000
321     -1255477.250000
322     -1258819.750000
323     -1262153.375000
324     -1265470.500000
325     -1268782.125000
326     -1272078.625000
327     -1275363.500000
328     -1278631.375000
329     -1281889.000000
330     -1285144.250000
331     -1288380.250000
332     -1291602.625000
333     -1294811.875000
334     -1298012.500000
335     -1301194.125000
336     -1304364.750000
337     -1307525.250000
338     -1310677.125000
339     -1313809.750000
340     -1316930.500000
341     -1320042.375000
342     -1323138.500000
343     -1326225.250000
344     -1329305.500000
345     -1332358.750000
346     -1335410.125000
347     -1338446.125000
348     -1341470.000000
349     -1344480.750000
350     -1347478.750000
351     -1350465.750000
352     -1353436.875000
353     -1356400.250000
354     -1359345.500000
355     -1362281.250000
356     -1365202.500000
357     -1368111.250000
358     -1371009.625000
359     -1373888.000000
360     -1376761.750000
361     -1379609.625000
362     -1382455.500000
363     -1385289.375000
364     -1388107.625000
365     -1390915.750000
366     -1393707.000000
367     -1396486.625000
368     -1399261.000000
369     -1402010.625000
370     -1404752.875000
371     -1407479.875000
372     -1410205.750000
373     -1412906.250000
374     -1415599.250000
375     -1418276.125000
376     -1420941.875000
377     -1423596.875000
378     -1426237.500000
379     -1428863.250000
380     -1431482.500000
381     -1434083.000000
382     -1436668.375000
383     -1439245.000000
384     -1441806.000000
385     -1444351.500000
386     -1446888.250000
387     -1449417.750000
388     -1451919.250000
389     -1454417.000000
390     -1456903.000000
391     -1459372.750000
392     -1461828.000000
393     -1464277.500000
394     -1466710.750000
395     -1469131.500000
396     -1471533.000000
397     -1473929.500000
398     -1476310.750000
399     -1478685.625000
400     -1481034.750000
401     -1483380.500000
402     -1485711.000000
403     -1488024.750000
404     -1490329.500000
405     -1492619.750000
406     -1494900.125000
407     -1497158.250000
408     -1499412.875000
409     -1501650.375000
410     -1503874.750000
411     -1506090.000000
412     -1508292.375000
413     -1510475.250000
414     -1512646.625000
415     -1514809.500000
416     -1516951.875000
417     -1519090.375000
418     -1521214.375000
419     -1523321.750000
420     -1525412.875000
421     -1527495.750000
422     -1529563.500000
423     -1531627.875000
424     -1533674.375000
425     -1535707.000000
426     -1537726.000000
427     -1539735.500000
428     -1541732.500000
429     -1543718.750000
430     -1545693.500000
431     -1547656.000000
432     -1549606.500000
433     -1551550.000000
434     -1553466.750000
435     -1555382.625000
436     -1557290.000000
437     -1559174.750000
438     -1561054.375000
439     -1562923.500000
440     -1564780.750000
441     -1566619.500000
442     -1568455.500000
443     -1570274.750000
444     -1572079.500000
445     -1573869.125000
446     -1575659.375000
447     -1577432.000000
448     -1579189.500000
449     -1580941.875000
450     -1582682.000000
451     -1584401.750000
452     -1586118.500000
453     -1587822.750000
454     -1589508.500000
455     -1591187.250000
456     -1592860.750000
457     -1594516.750000
458     -1596165.500000
459     -1597801.250000
460     -1599424.000000
461     -1601037.125000
462     -1602638.625000
463     -1604232.125000
464     -1605806.000000
465     -1607378.500000
466     -1608936.500000
467     -1610474.250000
468     -1612009.750000
469     -1613537.250000
470     -1615044.625000
471     -1616546.375000
472     -1618031.000000
473     -1619511.500000
474     -1620981.125000
475     -1622434.625000
476     -1623882.750000
477     -1625314.375000
478     -1626742.250000
479     -1628160.750000
480     -1629553.750000
481     -1630942.000000
482     -1632324.750000
483     -1633692.875000
484     -1635050.000000
485     -1636399.000000
486     -1637734.000000
487     -1639061.375000
488     -1640380.500000
489     -1641686.250000
490     -1642983.250000
491     -1644271.625000
492     -1645556.000000
493     -1646819.250000
494     -1648080.000000
495     -1649326.750000
496     -1650561.750000
497     -1651787.875000
498     -1653012.250000
499     -1654223.000000
500     -1655419.750000
501     -1656613.500000
502     -1657800.250000
503     -1658968.750000
504     -1660131.250000
505     -1661287.000000
506     -1662431.625000
507     -1663567.250000
508     -1664695.250000
509     -1665812.375000
510     -1666921.250000
511     -1668022.750000
512     -1669113.250000
513     -1670202.500000
514     -1671269.750000
515     -1672334.625000
516     -1673401.125000
517     -1674448.250000
518     -1675488.500000
519     -1676525.500000
520     -1677553.000000
521     -1678572.000000
522     -1679578.500000
523     -1680581.250000
524     -1681574.500000
525     -1682557.250000
526     -1683531.250000
527     -1684495.500000
528     -1685455.500000
529     -1686401.000000
530     -1687340.750000
531     -1688270.500000
532     -1689198.250000
533     -1690118.625000
534     -1691021.250000
535     -1691923.000000
536     -1692816.250000
537     -1693706.250000
538     -1694579.750000
539     -1695449.250000
540     -1696318.250000
541     -1697166.500000
542     -1698016.125000
543     -1698859.750000
544     -1699692.875000
545     -1700516.000000
546     -1701331.875000
547     -1702143.625000
548     -1702940.750000
549     -1703736.750000
550     -1704527.500000
551     -1705302.625000
552     -1706080.500000
553     -1706848.375000
554     -1707612.625000
555     -1708369.500000
556     -1709121.500000
557     -1709859.125000
558     -1710591.875000
559     -1711325.750000
560     -1712045.500000
561     -1712766.125000
562     -1713477.750000
563     -1714176.000000
564     -1714874.125000
565     -1715568.000000
566     -1716250.875000
567     -1716931.250000
568     -1717607.500000
569     -1718272.000000
570     -1718933.500000
571     -1719592.125000
572     -1720240.625000
573     -1720883.500000
574     -1721521.750000
575     -1722154.375000
576     -1722783.125000
577     -1723405.250000
578     -1724015.250000
579     -1724627.000000
580     -1725231.000000
581     -1725830.375000
582     -1726422.125000
583     -1727012.750000
584     -1727597.500000
585     -1728171.125000
586     -1728747.750000
587     -1729313.250000
588     -1729871.750000
589     -1730429.750000
590     -1730981.375000
591     -1731528.750000
592     -1732070.250000
593     -1732605.625000
594     -1733129.875000
595     -1733663.000000
596     -1734181.625000
597     -1734693.375000
598     -1735204.250000
599     -1735711.750000
600     -1736212.500000
601     -1736705.625000
602     -1737198.250000
603     -1737681.875000
604     -1738167.250000
605     -1738639.250000
606     -1739112.750000
607     -1739581.375000
608     -1740045.625000
609     -1740503.625000
610     -1740959.500000
611     -1741411.375000
612     -1741860.375000
613     -1742302.000000
614     -1742739.625000
615     -1743174.500000
616     -1743600.000000
617     -1744027.750000
618     -1744449.750000
619     -1744866.500000
620     -1745280.000000
621     -1745685.250000
622     -1746094.500000
623     -1746496.500000
624     -1746893.250000
625     -1747290.500000
626     -1747677.875000
627     -1748063.625000
628     -1748441.750000
629     -1748823.000000
630     -1749195.750000
631     -1749568.250000
632     -1749937.500000
633     -1750301.000000
634     -1750667.750000
635     -1751026.250000
636     -1751381.875000
637     -1751734.000000
638     -1752083.125000
639     -1752432.500000
640     -1752773.750000
641     -1753113.875000
642     -1753448.375000
643     -1753784.500000
644     -1754113.000000
645     -1754439.250000
646     -1754764.125000
647     -1755084.125000
648     -1755402.375000
649     -1755719.125000
650     -1756032.250000
651     -1756342.125000
652     -1756650.000000
653     -1756957.750000
654     -1757259.750000
655     -1757560.000000
656     -1757857.500000
657     -1758152.250000
658     -1758446.500000
659     -1758734.375000
660     -1759023.250000
661     -1759304.625000
662     -1759587.000000
663     -1759865.250000
664     -1760142.125000
665     -1760414.750000
666     -1760687.000000
667     -1760957.125000
668     -1761220.250000
669     -1761488.750000
670     -1761745.875000
671     -1762006.625000
672     -1762264.250000
673     -1762517.250000
674     -1762770.500000
675     -1763021.250000
676     -1763267.750000
677     -1763515.625000
678     -1763760.250000
679     -1764003.500000
680     -1764245.750000
681     -1764483.625000
682     -1764720.500000
683     -1764953.000000
684     -1765185.125000
685     -1765415.375000
686     -1765642.750000
687     -1765868.125000
688     -1766093.250000
689     -1766317.000000
690     -1766535.250000
691     -1766755.000000
692     -1766971.750000
693     -1767186.750000
694     -1767399.875000
695     -1767613.375000
696     -1767821.250000
697     -1768031.250000
698     -1768237.000000
699     -1768443.750000
700     -1768647.000000
701     -1768847.250000
702     -1769048.250000
703     -1769248.750000
704     -1769444.875000
705     -1769641.500000
706     -1769835.500000
707     -1770028.500000
708     -1770220.750000
709     -1770409.500000
710     -1770598.250000
711     -1770785.500000
712     -1770971.250000
713     -1771154.750000
714     -1771337.750000
715     -1771519.250000
716     -1771698.500000
717     -1771876.000000
718     -1772053.500000
719     -1772229.750000
720     -1772402.375000
721     -1772575.250000
722     -1772746.625000
723     -1772915.750000
724     -1773085.250000
725     -1773251.500000
726     -1773418.750000
727     -1773582.750000
728     -1773746.125000
729     -1773907.750000
730     -1774067.750000
731     -1774227.000000
732     -1774386.750000
733     -1774544.125000
734     -1774700.875000
735     -1774856.625000
736     -1775011.375000
737     -1775163.750000
738     -1775316.000000
739     -1775466.000000
740     -1775618.000000
741     -1775767.000000
742     -1775913.750000
743     -1776061.500000
744     -1776205.875000
745     -1776352.500000
746     -1776495.500000
747     -1776637.625000
748     -1776780.875000
749     -1776921.000000
750     -1777060.875000
751     -1777199.125000
752     -1777338.625000
753     -1777474.750000
754     -1777611.375000
755     -1777745.375000
756     -1777880.125000
757     -1778013.000000
758     -1778144.125000
759     -1778275.000000
760     -1778406.250000
761     -1778535.125000
762     -1778665.125000
763     -1778793.375000
764     -1778920.875000
765     -1779047.250000
766     -1779174.125000
767     -1779298.500000
768     -1779421.500000
769     -1779545.250000
770     -1779667.625000
771     -1779790.750000
772     -1779909.750000
773     -1780029.500000
774     -1780148.250000
775     -1780267.500000
776     -1780383.750000
777     -1780500.625000
778     -1780615.250000
779     -1780730.250000
780     -1780844.750000
781     -1780958.500000
782     -1781070.500000
783     -1781182.750000
784     -1781291.625000
785     -1781403.500000
786     -1781512.750000
787     -1781623.000000
788     -1781730.500000
789     -1781838.000000
790     -1781947.875000
791     -1782052.500000
792     -1782160.000000
793     -1782264.750000
794     -1782368.875000
795     -1782474.750000
796     -1782578.000000
797     -1782680.375000
798     -1782782.750000
799     -1782886.750000
800     -1782987.500000
801     -1783088.000000
802     -1783188.250000
803     -1783288.500000
804     -1783385.875000
805     -1783485.500000
806     -1783583.500000
807     -1783680.500000
808     -1783778.125000
809     -1783872.625000
810     -1783969.375000
811     -1784064.000000
812     -1784159.000000
813     -1784253.500000
814     -1784346.125000
815     -1784439.500000
816     -1784532.750000
817     -1784625.000000
818     -1784716.125000
819     -1784806.625000
820     -1784897.000000
821     -1784986.500000
822     -1785077.125000
823     -1785166.000000
824     -1785254.000000
825     -1785343.000000
826     -1785428.750000
827     -1785515.875000
828     -1785603.500000
829     -1785688.500000
830     -1785773.750000
831     -1785858.375000
832     -1785943.375000
833     -1786026.250000
834     -1786111.000000
835     -1786193.125000
836     -1786276.250000
837     -1786358.875000
838     -1786440.750000
839     -1786522.125000
840     -1786603.375000
841     -1786684.000000
842     -1786763.875000
843     -1786844.625000
844     -1786922.750000
845     -1787002.750000
846     -1787081.750000
847     -1787160.250000
848     -1787237.250000
849     -1787313.750000
850     -1787391.750000
851     -1787469.250000
852     -1787544.375000
853     -1787620.000000
854     -1787695.750000
855     -1787771.750000
856     -1787845.500000
857     -1787920.375000
858     -1787993.500000
859     -1788067.750000
860     -1788140.750000
861     -1788212.750000
862     -1788285.875000
863     -1788358.375000
864     -1788429.500000
865     -1788501.125000
866     -1788573.000000
867     -1788642.750000
868     -1788713.250000
869     -1788783.375000
870     -1788853.250000
871     -1788922.125000
872     -1788992.250000
873     -1789061.250000
874     -1789129.000000
875     -1789196.250000
876     -1789264.250000
877     -1789332.750000
878     -1789398.625000
879     -1789465.750000
880     -1789533.000000
881     -1789597.750000
882     -1789664.625000
883     -1789730.750000
884     -1789795.500000
885     -1789860.000000
886     -1789925.500000
887     -1789989.500000
888     -1790053.250000
889     -1790116.375000
890     -1790180.250000
891     -1790243.500000
892     -1790306.750000
893     -1790368.375000
894     -1790431.000000
895     -1790493.250000
896     -1790556.125000
897     -1790617.000000
898     -1790679.250000
899     -1790740.000000
900     -1790801.500000
901     -1790862.250000
902     -1790922.000000
903     -1790982.500000
904     -1791043.000000
905     -1791102.125000
906     -1791161.625000
907     -1791221.250000
908     -1791280.000000
909     -1791339.000000
910     -1791397.250000
911     -1791455.750000
912     -1791513.375000
913     -1791570.750000
914     -1791628.000000
915     -1791686.500000
916     -1791742.750000
917     -1791800.500000
918     -1791856.750000
919     -1791912.875000
920     -1791970.000000
921     -1792025.625000
922     -1792080.000000
923     -1792136.000000
924     -1792191.250000
925     -1792245.250000
926     -1792300.125000
927     -1792355.250000
928     -1792409.875000
929     -1792463.750000
930     -1792517.250000
931     -1792571.250000
932     -1792624.500000
933     -1792678.625000
934     -1792731.750000
935     -1792785.000000
936     -1792838.125000
937     -1792890.250000
938     -1792943.000000
939     -1792995.375000
940     -1793046.750000
941     -1793100.250000
942     -1793150.625000
943     -1793202.125000
944     -1793253.250000
945     -1793304.250000
946     -1793355.500000
947     -1793406.250000
948     -1793457.250000
949     -1793506.375000
950     -1793557.500000
951     -1793607.750000
952     -1793657.500000
953     -1793708.250000
954     -1793756.500000
955     -1793806.375000
956     -1793854.750000
957     -1793904.000000
958     -1793953.375000
959     -1794001.500000
960     -1794050.625000
961     -1794098.750000
962     -1794146.625000
963     -1794194.500000
964     -1794242.750000
965     -1794289.875000
966     -1794337.125000
967     -1794383.750000
968     -1794430.250000
969     -1794478.000000
970     -1794525.000000
971     -1794571.000000
972     -1794618.250000
973     -1794663.375000
974     -1794710.750000
975     -1794757.000000
976     -1794801.625000
977     -1794847.125000
978     -1794893.875000
979     -1794938.500000
980     -1794983.750000
981     -1795028.125000
982     -1795073.250000
983     -1795117.500000
984     -1795161.750000
985     -1795206.375000
986     -1795250.000000
987     -1795295.250000
988     -1795338.500000
989     -1795381.375000
990     -1795426.250000
991     -1795470.000000
992     -1795512.500000
993     -1795556.250000
994     -1795599.500000
995     -1795642.125000
996     -1795685.375000
997     -1795727.250000
998     -1795770.250000
999     -1795812.250000
1000    -1795854.500000
1001    -1795897.750000
1002    -1795939.375000
1003    -1795980.750000
1004    -1796022.750000
1005    -1796065.500000
1006    -1796106.500000
1007    -1796148.250000
1008    -1796189.500000
1009    -1796231.250000
1010    -1796271.250000
1011    -1796312.750000
1012    -1796353.000000
1013    -1796393.250000
1014    -1796434.625000
1015    -1796475.000000
1016    -1796514.750000
1017    -1796555.250000
1018    -1796595.500000
1019    -1796635.375000
1020    -1796674.625000
1021    -1796714.500000
1022    -1796755.625000
1023    -1796793.625000
1024    -1796833.500000
1025    -1796872.750000
1026    -1796911.625000
1027    -1796951.000000
1028    -1796989.250000
1029    -1797028.750000
1030    -1797067.500000
1031    -1797105.750000
1032    -1797144.500000
1033    -1797182.250000
1034    -1797221.000000
1035    -1797258.875000
1036    -1797297.250000
1037    -1797335.250000
1038    -1797373.000000
1039    -1797410.250000
1040    -1797448.250000
1041    -1797486.125000
1042    -1797523.250000
1043    -1797561.250000
1044    -1797598.500000
1045    -1797636.250000
1046    -1797672.625000
1047    -1797710.375000
1048    -1797747.250000
1049    -1797784.625000
1050    -1797822.000000
1051    -1797858.125000
1052    -1797895.000000
1053    -1797931.000000
1054    -1797968.250000
1055    -1798004.250000
1056    -1798040.750000
1057    -1798077.250000
1058    -1798112.750000
1059    -1798148.250000
1060    -1798183.875000
1061    -1798220.250000
1062    -1798255.625000
1063    -1798290.750000
1064    -1798326.500000
1065    -1798361.500000
1066    -1798397.500000
1067    -1798431.750000
1068    -1798467.250000
1069    -1798502.875000
1070    -1798537.750000
1071    -1798573.250000
1072    -1798608.000000
1073    -1798643.250000
1074    -1798677.000000
1075    -1798712.750000
1076    -1798747.375000
1077    -1798781.000000
1078    -1798815.500000
1079    -1798850.750000
1080    -1798885.625000
1081    -1798919.250000
1082    -1798953.250000
1083    -1798987.750000
1084    -1799021.750000
1085    -1799056.500000
1086    -1799090.625000
1087    -1799124.500000
1088    -1799158.875000
1089    -1799192.875000
1090    -1799226.250000
1091    -1799260.250000
1092    -1799293.250000
1093    -1799327.000000
1094    -1799361.000000
1095    -1799394.500000
1096    -1799427.375000
1097    -1799461.125000
1098    -1799494.000000
1099    -1799526.750000
1100    -1799559.750000
1101    -1799593.125000
1102    -1799626.000000
1103    -1799658.625000
1104    -1799691.500000
1105    -1799724.375000
1106    -1799757.250000
1107    -1799789.250000
1108    -1799822.125000
1109    -1799854.750000
1110    -1799887.500000
1111    -1799920.250000
1112    -1799951.875000
1113    -1799984.000000
1114    -1800016.000000
1115    -1800049.000000
1116    -1800080.750000
1117    -1800113.375000
1118    -1800145.250000
1119    -1800177.125000
1120    -1800208.750000
1121    -1800240.125000
1122    -1800272.375000
1123    -1800303.750000
1124    -1800335.750000
1125    -1800367.000000
1126    -1800398.500000
1127    -1800429.750000
1128    -1800460.750000
1129    -1800492.500000
1130    -1800523.500000
1131    -1800554.000000
1132    -1800586.125000
1133    -1800616.375000
1134    -1800648.000000
1135    -1800678.000000
1136    -1800708.625000
1137    -1800740.000000
1138    -1800770.500000
1139    -1800801.750000
1140    -1800831.250000
1141    -1800862.375000
1142    -1800892.750000
1143    -1800923.500000
1144    -1800954.000000
1145    -1800984.125000
1146    -1801014.625000
1147    -1801044.625000
1148    -1801075.000000
1149    -1801105.750000
1150    -1801135.625000
1151    -1801165.375000
1152    -1801195.250000
1153    -1801225.750000
1154    -1801256.250000
1155    -1801285.500000
1156    -1801315.250000
1157    -1801345.625000
1158    -1801374.875000
1159    -1801404.500000
1160    -1801433.875000
1161    -1801464.000000
1162    -1801493.375000
1163    -1801522.500000
1164    -1801552.625000
1165    -1801581.750000
1166    -1801611.250000
1167    -1801640.375000
1168    -1801670.000000
1169    -1801698.375000
1170    -1801728.375000
1171    -1801756.500000
1172    -1801786.250000
1173    -1801815.125000
1174    -1801843.500000
1175    -1801872.750000
1176    -1801901.000000
1177    -1801929.750000
1178    -1801958.500000
1179    -1801986.750000
1180    -1802015.125000
1181    -1802044.000000
1182    -1802072.000000
1183    -1802101.250000
1184    -1802128.750000
1185    -1802157.125000
1186    -1802185.250000
1187    -1802212.750000
1188    -1802241.875000
1189    -1802269.250000
1190    -1802297.375000
1191    -1802325.250000
1192    -1802353.250000
1193    -1802380.750000
1194    -1802408.500000
1195    -1802436.750000
1196    -1802464.125000
1197    -1802492.000000
1198    -1802519.750000
1199    -1802547.500000
1200    -1802575.500000
1201    -1802602.625000
1202    -1802629.625000
1203    -1802657.250000
1204    -1802685.000000
1205    -1802712.000000
1206    -1802739.500000
1207    -1802766.500000
1208    -1802793.250000
1209    -1802820.125000
1210    -1802847.250000
1211    -1802876.000000
1212    -1802902.250000
1213    -1802929.000000
1214    -1802955.750000
1215    -1802982.750000
1216    -1803009.750000
1217    -1803035.875000
1218    -1803062.750000
1219    -1803089.750000
1220    -1803116.000000
1221    -1803141.875000
1222    -1803168.750000
1223    -1803195.500000
1224    -1803221.500000
1225    -1803248.250000
1226    -1803274.125000
1227    -1803300.250000
1228    -1803326.250000
1229    -1803352.750000
1230    -1803378.750000
1231    -1803404.375000
1232    -1803431.000000
1233    -1803456.375000
1234    -1803482.750000
1235    -1803508.000000
1236    -1803533.875000
1237    -1803559.875000
1238    -1803585.750000
1239    -1803611.000000
1240    -1803636.500000
1241    -1803662.000000
1242    -1803687.500000
1243    -1803713.250000
1244    -1803738.000000
1245    -1803763.125000
1246    -1803788.500000
1247    -1803813.875000
1248    -1803838.875000
1249    -1803863.250000
1250    -1803888.250000
1251    -1803913.625000
1252    -1803938.750000
1253    -1803964.000000
1254    -1803989.125000
1255    -1804013.000000
1256    -1804038.125000
1257    -1804062.625000
1258    -1804087.250000
1259    -1804112.375000
1260    -1804136.500000
1261    -1804161.500000
1262    -1804185.750000
1263    -1804210.250000
1264    -1804234.250000
1265    -1804259.750000
1266    -1804283.000000
1267    -1804308.125000
1268    -1804332.625000
1269    -1804356.750000
1270    -1804380.500000
1271    -1804404.750000
1272    -1804428.875000
1273    -1804453.250000
1274    -1804477.000000
1275    -1804501.000000
1276    -1804525.125000
1277    -1804549.500000
1278    -1804572.375000
1279    -1804596.875000
1280    -1804620.875000
1281    -1804644.250000
1282    -1804668.000000
1283    -1804691.000000
1284    -1804714.875000
1285    -1804738.500000
1286    -1804761.500000
1287    -1804785.250000
1288    -1804809.000000
1289    -1804832.000000
1290    -1804854.875000
1291    -1804878.250000
1292    -1804901.500000
1293    -1804925.250000
1294    -1804947.750000
1295    -1804970.500000
1296    -1804993.250000
1297    -1805016.250000
1298    -1805038.750000
1299    -1805062.500000
1300    -1805085.000000
1301    -1805108.125000
1302    -1805130.750000
1303    -1805154.000000
1304    -1805175.625000
1305    -1805198.625000
1306    -1805221.625000
1307    -1805244.375000
1308    -1805267.000000
1309    -1805288.875000
1310    -1805311.125000
1311    -1805334.000000
1312    -1805355.750000
1313    -1805378.875000
1314    -1805401.125000
1315    -1805422.875000
1316    -1805445.250000
1317    -1805468.250000
1318    -1805490.250000
1319    -1805512.375000
1320    -1805534.375000
1321    -1805555.750000
1322    -1805577.875000
1323    -1805599.750000
1324    -1805621.500000
1325    -1805644.000000
1326    -1805665.250000
1327    -1805686.750000
1328    -1805708.625000
1329    -1805730.500000
1330    -1805752.000000
1331    -1805773.500000
1332    -1805795.000000
1333    -1805816.750000
1334    -1805837.750000
1335    -1805859.375000
1336    -1805881.000000
1337    -1805902.250000
1338    -1805924.125000
1339    -1805945.000000
1340    -1805966.375000
1341    -1805987.750000
1342    -1806008.375000
1343    -1806029.750000
1344    -1806050.750000
1345    -1806071.750000
1346    -1806092.750000
1347    -1806113.750000
1348    -1806134.500000
1349    -1806156.000000
1350    -1806176.250000
1351    -1806196.750000
1352    -1806217.625000
1353    -1806238.375000
1354    -1806259.250000
1355    -1806279.500000
1356    -1806300.375000
1357    -1806321.250000
1358    -1806341.750000
1359    -1806362.000000
1360    -1806382.500000
1361    -1806402.500000
1362    -1806422.750000
1363    -1806443.250000
1364    -1806464.125000
1365    -1806483.875000
1366    -1806504.000000
1367    -1806523.875000
1368    -1806543.250000
1369    -1806563.250000
1370    -1806583.250000
1371    -1806603.000000
1372    -1806622.500000
1373    -1806642.500000
1374    -1806662.750000
1375    -1806682.000000
1376    -1806702.000000
1377    -1806721.750000
1378    -1806741.125000
1379    -1806760.750000
1380    -1806779.875000
1381    -1806800.000000
1382    -1806819.000000
1383    -1806839.000000
1384    -1806858.000000
1385    -1806877.750000
1386    -1806896.375000
1387    -1806915.500000
1388    -1806934.500000
1389    -1806954.000000
1390    -1806973.250000
1391    -1806991.875000
1392    -1807010.625000
1393    -1807029.750000
1394    -1807048.750000
1395    -1807067.750000
1396    -1807086.500000
1397    -1807104.875000
1398    -1807124.125000
1399    -1807143.125000
1400    -1807161.875000
1401    -1807180.000000
1402    -1807199.250000
1403    -1807218.000000
1404    -1807236.750000
1405    -1807255.125000
1406    -1807273.750000
1407    -1807292.250000
1408    -1807310.375000
1409    -1807329.000000
1410    -1807348.125000
1411    -1807366.125000
1412    -1807384.125000
1413    -1807402.500000
1414    -1807420.500000
1415    -1807438.750000
1416    -1807456.625000
1417    -1807474.500000
1418    -1807492.500000
1419    -1807510.250000
1420    -1807528.125000
1421    -1807546.125000
1422    -1807563.750000
1423    -1807582.000000
1424    -1807599.750000
1425    -1807617.125000
1426    -1807634.375000
1427    -1807652.500000
1428    -1807669.250000
1429    -1807687.250000
1430    -1807705.125000
1431    -1807722.000000
1432    -1807739.875000
1433    -1807757.000000
1434    -1807774.500000
1435    -1807791.500000
1436    -1807808.500000
1437    -1807826.250000
1438    -1807843.000000
1439    -1807860.250000
1440    -1807877.500000
1441    -1807894.500000
1442    -1807911.250000
1443    -1807928.250000
1444    -1807945.375000
1445    -1807961.875000
1446    -1807979.000000
1447    -1807995.500000
1448    -1808012.625000
1449    -1808029.500000
1450    -1808046.000000
1451    -1808062.625000
1452    -1808079.375000
1453    -1808095.500000
1454    -1808112.500000
1455    -1808129.000000
1456    -1808145.250000
1457    -1808161.750000
1458    -1808178.250000
1459    -1808194.875000
1460    -1808211.000000
1461    -1808227.000000
1462    -1808244.000000
1463    -1808260.000000
1464    -1808276.000000
1465    -1808292.750000
1466    -1808308.750000
1467    -1808325.250000
1468    -1808341.250000
1469    -1808356.750000
1470    -1808373.875000
1471    -1808389.250000
1472    -1808405.625000
1473    -1808421.750000
1474    -1808437.500000
1475    -1808453.125000
1476    -1808469.375000
1477    -1808485.625000
1478    -1808501.250000
1479    -1808517.250000
1480    -1808532.750000
1481    -1808549.000000
