Step            Loss
--------------------
1       -6507.509277
2       -9922.506836
3       -13338.136719
4       -16749.914062
5       -20167.515625
6       -23577.265625
7       -26992.203125
8       -30405.539062
9       -33821.765625
10      -37235.484375
11      -40650.023438
12      -44069.007812
13      -47485.621094
14      -50905.335938
15      -54323.476562
16      -57739.734375
17      -61161.843750
18      -64582.179688
19      -68008.367188
20      -71429.265625
21      -74858.140625
22      -78287.078125
23      -81718.679688
24      -85150.750000
25      -88582.953125
26      -92023.460938
27      -95457.875000
28      -98901.156250
29      -102342.859375
30      -105793.515625
31      -109242.968750
32      -112697.492188
33      -116152.578125
34      -119611.031250
35      -123076.390625
36      -126545.187500
37      -130017.171875
38      -133491.187500
39      -136971.375000
40      -140453.984375
41      -143942.796875
42      -147436.062500
43      -150932.250000
44      -154434.718750
45      -157942.062500
46      -161455.875000
47      -164969.968750
48      -168492.062500
49      -172019.781250
50      -175552.750000
51      -179090.000000
52      -182634.625000
53      -186185.500000
54      -189741.359375
55      -193304.671875
56      -196872.406250
57      -200443.093750
58      -204025.765625
59      -207615.281250
60      -211207.531250
61      -214807.328125
62      -218412.687500
63      -222023.843750
64      -225643.062500
65      -229272.437500
66      -232903.531250
67      -236544.968750
68      -240196.750000
69      -243847.500000
70      -247508.562500
71      -251180.531250
72      -254849.625000
73      -258541.906250
74      -262231.250000
75      -265925.937500
76      -269631.281250
77      -273344.468750
78      -277069.468750
79      -280792.750000
80      -284535.375000
81      -288276.531250
82      -292026.406250
83      -295787.250000
84      -299554.312500
85      -303334.281250
86      -307111.687500
87      -310905.968750
88      -314705.500000
89      -318507.125000
90      -322323.500000
91      -326148.750000
92      -329976.250000
93      -333813.625000
94      -337654.000000
95      -341515.812500
96      -345374.000000
97      -349246.937500
98      -353121.906250
99      -357006.656250
100     -360899.343750
101     -364796.656250
102     -368706.625000
103     -372623.000000
104     -376543.812500
105     -380479.812500
106     -384421.875000
107     -388368.062500
108     -392319.937500
109     -396283.000000
110     -400251.406250
111     -404231.718750
112     -408216.000000
113     -412205.343750
114     -416206.875000
115     -420212.187500
116     -424229.687500
117     -428251.375000
118     -432277.125000
119     -436319.093750
120     -440359.343750
121     -444409.781250
122     -448464.968750
123     -452532.437500
124     -456602.000000
125     -460681.500000
126     -464764.968750
127     -468854.875000
128     -472957.875000
129     -477058.500000
130     -481170.875000
131     -485285.062500
132     -489408.937500
133     -493542.250000
134     -497673.875000
135     -501823.625000
136     -505962.625000
137     -510119.062500
138     -514282.625000
139     -518442.968750
140     -522612.250000
141     -526786.375000
142     -530973.000000
143     -535161.750000
144     -539351.000000
145     -543551.187500
146     -547754.125000
147     -551957.750000
148     -556170.187500
149     -560389.625000
150     -564607.750000
151     -568837.000000
152     -573067.375000
153     -577302.375000
154     -581543.625000
155     -585781.750000
156     -590033.562500
157     -594284.375000
158     -598535.687500
159     -602791.937500
160     -607056.375000
161     -611320.375000
162     -615588.062500
163     -619864.687500
164     -624136.750000
165     -628417.250000
166     -632693.812500
167     -636979.875000
168     -641263.500000
169     -645551.000000
170     -649845.875000
171     -654137.750000
172     -658429.625000
173     -662733.250000
174     -667026.125000
175     -671323.812500
176     -675634.937500
177     -679931.125000
178     -684240.750000
179     -688545.000000
180     -692852.875000
181     -697162.187500
182     -701468.000000
183     -705780.062500
184     -710088.375000
185     -714401.500000
186     -718709.375000
187     -723022.500000
188     -727327.625000
189     -731644.125000
190     -735951.562500
191     -740263.625000
192     -744578.125000
193     -748882.437500
194     -753187.000000
195     -757504.062500
196     -761808.000000
197     -766113.000000
198     -770413.875000
199     -774721.312500
200     -779022.125000
201     -783321.875000
202     -787617.125000
203     -791914.312500
204     -796212.000000
205     -800502.000000
206     -804792.375000
207     -809078.625000
208     -813369.187500
209     -817648.937500
210     -821930.312500
211     -826204.750000
212     -830480.875000
213     -834746.687500
214     -839012.875000
215     -843281.375000
216     -847541.375000
217     -851801.375000
218     -856050.875000
219     -860303.750000
220     -864548.000000
221     -868794.062500
222     -873029.062500
223     -877259.562500
224     -881491.000000
225     -885716.000000
226     -889932.000000
227     -894149.000000
228     -898360.500000
229     -902567.875000
230     -906766.562500
231     -910964.875000
232     -915151.812500
233     -919335.250000
234     -923514.437500
235     -927688.500000
236     -931848.375000
237     -936014.750000
238     -940178.562500
239     -944322.812500
240     -948467.875000
241     -952603.000000
242     -956732.000000
243     -960856.375000
244     -964965.562500
245     -969085.250000
246     -973190.750000
247     -977283.750000
248     -981370.250000
249     -985452.562500
250     -989534.125000
251     -993598.375000
252     -997660.437500
253     -1001710.312500
254     -1005749.000000
255     -1009794.375000
256     -1013824.625000
257     -1017844.812500
258     -1021857.687500
259     -1025865.875000
260     -1029856.750000
261     -1033852.562500
262     -1037830.625000
263     -1041799.875000
264     -1045768.375000
265     -1049719.750000
266     -1053667.750000
267     -1057601.875000
268     -1061531.000000
269     -1065449.250000
270     -1069362.875000
271     -1073266.000000
272     -1077156.875000
273     -1081043.875000
274     -1084913.125000
275     -1088785.750000
276     -1092634.375000
277     -1096477.000000
278     -1100315.000000
279     -1104141.750000
280     -1107957.250000
281     -1111764.250000
282     -1115560.000000
283     -1119342.250000
284     -1123124.250000
285     -1126887.000000
286     -1130647.125000
287     -1134392.250000
288     -1138124.125000
289     -1141849.750000
290     -1145560.000000
291     -1149264.250000
292     -1152963.000000
293     -1156636.000000
294     -1160308.500000
295     -1163963.500000
296     -1167616.750000
297     -1171253.500000
298     -1174877.375000
299     -1178492.875000
300     -1182092.750000
301     -1185691.250000
302     -1189267.125000
303     -1192834.250000
304     -1196387.500000
305     -1199932.875000
306     -1203471.125000
307     -1206998.750000
308     -1210518.250000
309     -1214010.250000
310     -1217506.000000
311     -1220975.750000
312     -1224449.750000
313     -1227901.875000
314     -1231347.000000
315     -1234774.625000
316     -1238195.750000
317     -1241603.875000
318     -1244997.750000
319     -1248383.500000
320     -1251758.250000
321     -1255119.000000
322     -1258463.500000
323     -1261801.250000
324     -1265125.250000
325     -1268430.375000
326     -1271728.750000
327     -1275015.875000
328     -1278290.625000
329     -1281550.125000
330     -1284796.375000
331     -1288034.750000
332     -1291251.750000
333     -1294469.250000
334     -1297668.250000
335     -1300857.750000
336     -1304027.000000
337     -1307187.750000
338     -1310339.750000
339     -1313480.500000
340     -1316599.250000
341     -1319715.250000
342     -1322809.250000
343     -1325894.375000
344     -1328966.500000
345     -1332024.625000
346     -1335076.500000
347     -1338109.000000
348     -1341124.750000
349     -1344134.875000
350     -1347131.000000
351     -1350110.250000
352     -1353077.500000
353     -1356036.000000
354     -1358984.750000
355     -1361916.125000
356     -1364837.500000
357     -1367748.125000
358     -1370644.000000
359     -1373521.000000
360     -1376391.000000
361     -1379249.000000
362     -1382097.750000
363     -1384928.500000
364     -1387745.625000
365     -1390545.250000
366     -1393344.875000
367     -1396122.250000
368     -1398886.500000
369     -1401643.250000
370     -1404382.000000
371     -1407111.750000
372     -1409824.875000
373     -1412523.250000
374     -1415213.500000
375     -1417886.500000
376     -1420542.875000
377     -1423193.500000
378     -1425829.000000
379     -1428456.250000
380     -1431058.625000
381     -1433652.500000
382     -1436235.250000
383     -1438812.125000
384     -1441369.500000
385     -1443911.125000
386     -1446445.500000
387     -1448969.500000
388     -1451473.750000
389     -1453970.750000
390     -1456451.000000
391     -1458918.750000
392     -1461371.500000
393     -1463821.250000
394     -1466243.125000
395     -1468662.625000
396     -1471072.125000
397     -1473466.750000
398     -1475847.500000
399     -1478211.750000
400     -1480565.125000
401     -1482906.000000
402     -1485241.500000
403     -1487550.500000
404     -1489856.125000
405     -1492152.000000
406     -1494426.875000
407     -1496696.750000
408     -1498955.250000
409     -1501192.750000
410     -1503419.875000
411     -1505634.000000
412     -1507831.875000
413     -1510022.125000
414     -1512206.750000
415     -1514377.750000
416     -1516527.500000
417     -1518666.500000
418     -1520791.250000
419     -1522910.875000
420     -1525010.000000
421     -1527095.750000
422     -1529177.875000
423     -1531232.750000
424     -1533280.750000
425     -1535327.625000
426     -1537349.500000
427     -1539356.625000
428     -1541360.750000
429     -1543349.500000
430     -1545321.250000
431     -1547293.500000
432     -1549244.125000
433     -1551181.500000
434     -1553116.500000
435     -1555034.500000
436     -1556939.250000
437     -1558833.875000
438     -1560712.875000
439     -1562583.500000
440     -1564445.375000
441     -1566292.000000
442     -1568121.750000
443     -1569946.250000
444     -1571754.625000
445     -1573557.125000
446     -1575345.500000
447     -1577122.500000
448     -1578885.250000
449     -1580638.500000
450     -1582381.500000
451     -1584110.500000
452     -1585826.625000
453     -1587530.500000
454     -1589226.500000
455     -1590906.625000
456     -1592578.625000
457     -1594240.875000
458     -1595876.500000
459     -1597513.250000
460     -1599139.625000
461     -1600751.875000
462     -1602351.000000
463     -1603943.500000
464     -1605521.250000
465     -1607091.250000
466     -1608647.500000
467     -1610191.375000
468     -1611731.625000
469     -1613256.000000
470     -1614774.750000
471     -1616273.750000
472     -1617771.375000
473     -1619249.250000
474     -1620724.250000
475     -1622178.000000
476     -1623634.500000
477     -1625070.500000
478     -1626503.750000
479     -1627921.250000
480     -1629331.500000
481     -1630731.500000
482     -1632123.000000
483     -1633501.875000
484     -1634869.375000
485     -1636231.125000
486     -1637582.625000
487     -1638925.500000
488     -1640251.000000
489     -1641570.000000
490     -1642884.250000
491     -1644185.125000
492     -1645470.875000
493     -1646742.250000
494     -1648010.750000
495     -1649270.000000
496     -1650511.250000
497     -1651751.000000
498     -1652983.250000
499     -1654197.500000
500     -1655408.250000
501     -1656605.125000
502     -1657787.375000
503     -1658974.875000
504     -1660144.500000
505     -1661311.750000
506     -1662460.375000
507     -1663605.000000
508     -1664735.250000
509     -1665861.125000
510     -1666978.625000
511     -1668083.000000
512     -1669176.375000
513     -1670265.250000
514     -1671342.625000
515     -1672416.000000
516     -1673476.250000
517     -1674529.250000
518     -1675568.250000
519     -1676602.125000
520     -1677636.375000
521     -1678653.000000
522     -1679663.750000
523     -1680666.875000
524     -1681661.750000
525     -1682642.625000
526     -1683614.500000
527     -1684584.750000
528     -1685545.875000
529     -1686501.250000
530     -1687445.000000
531     -1688380.000000
532     -1689305.750000
533     -1690226.875000
534     -1691135.500000
535     -1692041.375000
536     -1692938.250000
537     -1693831.250000
538     -1694704.000000
539     -1695583.250000
540     -1696453.000000
541     -1697309.250000
542     -1698161.000000
543     -1699003.625000
544     -1699841.875000
545     -1700670.875000
546     -1701490.750000
547     -1702302.000000
548     -1703112.625000
549     -1703911.250000
550     -1704704.000000
551     -1705485.875000
552     -1706263.500000
553     -1707035.000000
554     -1707797.375000
555     -1708550.500000
556     -1709304.250000
557     -1710043.000000
558     -1710777.875000
559     -1711507.250000
560     -1712227.875000
561     -1712945.500000
562     -1713650.875000
563     -1714356.750000
564     -1715053.000000
565     -1715735.875000
566     -1716418.250000
567     -1717090.750000
568     -1717763.000000
569     -1718424.375000
570     -1719080.500000
571     -1719730.375000
572     -1720377.000000
573     -1721015.000000
574     -1721644.250000
575     -1722275.250000
576     -1722895.875000
577     -1723511.875000
578     -1724121.500000
579     -1724727.500000
580     -1725324.000000
581     -1725915.250000
582     -1726505.250000
583     -1727088.500000
584     -1727668.000000
585     -1728239.000000
586     -1728808.250000
587     -1729369.250000
588     -1729924.750000
589     -1730480.500000
590     -1731025.500000
591     -1731568.625000
592     -1732105.000000
593     -1732633.500000
594     -1733161.375000
595     -1733684.750000
596     -1734198.375000
597     -1734711.000000
598     -1735216.250000
599     -1735717.750000
600     -1736216.750000
601     -1736707.750000
602     -1737202.875000
603     -1737680.000000
604     -1738160.250000
605     -1738632.750000
606     -1739104.500000
607     -1739571.250000
608     -1740034.500000
609     -1740489.000000
610     -1740940.500000
611     -1741387.500000
612     -1741832.125000
613     -1742271.250000
614     -1742708.250000
615     -1743136.250000
616     -1743562.750000
617     -1743983.750000
618     -1744403.000000
619     -1744817.000000
620     -1745227.375000
621     -1745635.625000
622     -1746033.750000
623     -1746436.000000
624     -1746827.500000
625     -1747220.000000
626     -1747607.000000
627     -1747991.000000
628     -1748374.500000
629     -1748751.250000
630     -1749125.625000
631     -1749498.750000
632     -1749864.000000
633     -1750228.250000
634     -1750589.375000
635     -1750943.250000
636     -1751298.250000
637     -1751646.625000
638     -1751991.500000
639     -1752337.750000
640     -1752674.250000
641     -1753013.000000
642     -1753346.500000
643     -1753676.375000
644     -1754004.500000
645     -1754326.750000
646     -1754649.500000
647     -1754966.125000
648     -1755283.500000
649     -1755597.000000
650     -1755907.500000
651     -1756216.000000
652     -1756521.000000
653     -1756824.750000
654     -1757125.000000
655     -1757426.125000
656     -1757721.500000
657     -1758015.750000
658     -1758306.750000
659     -1758593.250000
660     -1758878.250000
661     -1759165.000000
662     -1759442.500000
663     -1759723.000000
664     -1760000.000000
665     -1760273.875000
666     -1760546.250000
667     -1760815.750000
668     -1761084.000000
669     -1761347.000000
670     -1761610.750000
671     -1761871.625000
672     -1762130.125000
673     -1762386.500000
674     -1762641.500000
675     -1762893.000000
676     -1763142.250000
677     -1763391.500000
678     -1763636.000000
679     -1763877.375000
680     -1764119.625000
681     -1764360.500000
682     -1764595.125000
683     -1764834.000000
684     -1765063.750000
685     -1765296.000000
686     -1765526.500000
687     -1765751.000000
688     -1765977.000000
689     -1766201.500000
690     -1766424.750000
691     -1766644.250000
692     -1766863.125000
693     -1767079.000000
694     -1767294.250000
695     -1767508.000000
696     -1767720.375000
697     -1767930.500000
698     -1768137.000000
699     -1768344.250000
700     -1768549.000000
701     -1768753.375000
702     -1768954.375000
703     -1769155.500000
704     -1769353.250000
705     -1769550.500000
706     -1769747.750000
707     -1769943.750000
708     -1770136.250000
709     -1770329.250000
710     -1770519.375000
711     -1770709.625000
712     -1770897.500000
713     -1771086.625000
714     -1771270.000000
715     -1771453.500000
716     -1771635.750000
717     -1771816.000000
718     -1771996.000000
719     -1772172.750000
720     -1772351.375000
721     -1772527.125000
722     -1772701.250000
723     -1772875.000000
724     -1773046.625000
725     -1773216.000000
726     -1773386.000000
727     -1773553.000000
728     -1773721.500000
729     -1773886.500000
730     -1774051.875000
731     -1774215.875000
732     -1774378.000000
733     -1774540.500000
734     -1774701.000000
735     -1774860.375000
736     -1775018.875000
737     -1775175.500000
738     -1775332.000000
739     -1775487.500000
740     -1775640.750000
741     -1775793.375000
742     -1775945.000000
743     -1776096.875000
744     -1776246.250000
745     -1776394.625000
746     -1776544.750000
747     -1776690.250000
748     -1776837.000000
749     -1776981.250000
750     -1777126.125000
751     -1777269.750000
752     -1777411.625000
753     -1777553.500000
754     -1777693.500000
755     -1777832.250000
756     -1777971.000000
757     -1778106.500000
758     -1778244.250000
759     -1778379.750000
760     -1778514.000000
761     -1778648.250000
762     -1778781.500000
763     -1778914.375000
764     -1779045.625000
765     -1779176.000000
766     -1779305.125000
767     -1779435.000000
768     -1779562.250000
769     -1779690.250000
770     -1779816.000000
771     -1779941.500000
772     -1780066.250000
773     -1780189.875000
774     -1780313.125000
775     -1780436.000000
776     -1780558.750000
777     -1780679.625000
778     -1780800.750000
779     -1780921.375000
780     -1781039.750000
781     -1781159.500000
782     -1781278.625000
783     -1781395.250000
784     -1781511.500000
785     -1781627.500000
786     -1781743.000000
787     -1781858.625000
788     -1781973.250000
789     -1782088.000000
790     -1782200.250000
791     -1782313.000000
792     -1782425.250000
793     -1782536.250000
794     -1782646.125000
795     -1782756.000000
796     -1782865.500000
797     -1782974.000000
798     -1783082.000000
799     -1783190.250000
800     -1783296.125000
801     -1783401.500000
802     -1783509.250000
803     -1783612.750000
804     -1783717.500000
805     -1783821.375000
806     -1783923.625000
807     -1784027.125000
808     -1784130.000000
809     -1784231.125000
810     -1784332.375000
811     -1784433.625000
812     -1784534.250000
813     -1784633.000000
814     -1784732.375000
815     -1784831.250000
816     -1784928.750000
817     -1785025.750000
818     -1785123.750000
819     -1785219.000000
820     -1785316.000000
821     -1785410.125000
822     -1785505.000000
823     -1785598.000000
824     -1785691.125000
825     -1785784.750000
826     -1785876.500000
827     -1785969.750000
828     -1786061.375000
829     -1786151.500000
830     -1786243.000000
831     -1786332.750000
832     -1786422.750000
833     -1786511.750000
834     -1786600.000000
835     -1786689.125000
836     -1786777.250000
837     -1786863.750000
838     -1786951.500000
839     -1787037.250000
840     -1787123.500000
841     -1787209.750000
842     -1787294.500000
843     -1787379.500000
844     -1787464.000000
845     -1787548.250000
846     -1787631.750000
847     -1787716.250000
848     -1787798.125000
849     -1787880.750000
850     -1787962.500000
851     -1788044.000000
852     -1788124.625000
853     -1788206.000000
854     -1788286.250000
855     -1788366.500000
856     -1788447.000000
857     -1788525.250000
858     -1788603.750000
859     -1788683.000000
860     -1788759.500000
861     -1788837.875000
862     -1788916.000000
863     -1788991.250000
864     -1789068.500000
865     -1789144.250000
866     -1789219.500000
867     -1789295.750000
868     -1789371.000000
869     -1789445.875000
870     -1789520.250000
871     -1789594.875000
872     -1789668.875000
873     -1789742.750000
874     -1789817.125000
875     -1789888.750000
876     -1789962.250000
877     -1790034.500000
878     -1790106.625000
879     -1790178.625000
880     -1790250.750000
881     -1790321.500000
882     -1790392.125000
883     -1790463.750000
884     -1790533.250000
885     -1790603.625000
886     -1790672.750000
887     -1790742.500000
888     -1790811.250000
889     -1790879.250000
890     -1790947.500000
891     -1791015.750000
892     -1791083.625000
893     -1791150.125000
894     -1791217.750000
895     -1791284.500000
896     -1791351.250000
897     -1791417.875000
898     -1791482.875000
899     -1791549.500000
900     -1791614.500000
901     -1791680.500000
902     -1791745.000000
903     -1791810.250000
904     -1791873.875000
905     -1791938.500000
906     -1792001.625000
907     -1792065.750000
908     -1792128.875000
909     -1792192.500000
910     -1792256.250000
911     -1792318.000000
912     -1792381.250000
913     -1792444.000000
914     -1792505.375000
915     -1792567.500000
916     -1792629.250000
917     -1792690.750000
918     -1792751.625000
919     -1792812.500000
920     -1792874.500000
921     -1792934.125000
922     -1792993.750000
923     -1793054.375000
924     -1793113.375000
925     -1793172.750000
926     -1793233.000000
927     -1793291.500000
928     -1793350.750000
929     -1793408.750000
930     -1793468.000000
931     -1793525.750000
932     -1793584.125000
933     -1793642.250000
934     -1793699.125000
935     -1793756.125000
936     -1793814.500000
937     -1793871.000000
938     -1793927.500000
939     -1793983.875000
940     -1794041.375000
941     -1794097.250000
942     -1794153.500000
943     -1794208.625000
944     -1794264.500000
945     -1794320.250000
946     -1794375.500000
947     -1794431.125000
948     -1794486.625000
949     -1794540.750000
950     -1794596.875000
951     -1794650.500000
952     -1794705.000000
953     -1794760.000000
954     -1794813.000000
955     -1794867.875000
956     -1794922.000000
957     -1794975.000000
958     -1795028.500000
959     -1795082.500000
960     -1795135.125000
961     -1795187.250000
962     -1795240.625000
963     -1795293.375000
964     -1795345.875000
965     -1795398.875000
966     -1795451.000000
967     -1795502.250000
968     -1795554.750000
969     -1795607.000000
970     -1795659.625000
971     -1795710.500000
972     -1795762.500000
973     -1795812.250000
974     -1795863.750000
975     -1795914.000000
976     -1795965.000000
977     -1796014.750000
978     -1796065.500000
979     -1796115.750000
980     -1796165.375000
981     -1796215.500000
982     -1796265.250000
983     -1796314.750000
984     -1796364.000000
985     -1796413.125000
986     -1796461.250000
987     -1796509.625000
988     -1796559.250000
989     -1796607.375000
990     -1796656.250000
991     -1796704.000000
992     -1796752.250000
993     -1796799.375000
994     -1796847.750000
995     -1796896.500000
996     -1796942.500000
997     -1796991.500000
998     -1797038.500000
999     -1797085.250000
1000    -1797132.750000
1001    -1797179.500000
1002    -1797226.750000
1003    -1797272.750000
1004    -1797319.625000
1005    -1797366.250000
1006    -1797413.500000
1007    -1797458.750000
1008    -1797505.500000
1009    -1797551.625000
1010    -1797597.750000
1011    -1797643.250000
1012    -1797688.750000
1013    -1797734.250000
1014    -1797780.250000
1015    -1797825.250000
1016    -1797870.250000
1017    -1797915.625000
1018    -1797960.000000
1019    -1798003.750000
1020    -1798048.750000
1021    -1798093.500000
1022    -1798137.250000
1023    -1798180.875000
1024    -1798226.250000
1025    -1798269.750000
1026    -1798313.750000
1027    -1798358.000000
1028    -1798401.375000
1029    -1798444.875000
1030    -1798487.250000
1031    -1798531.500000
1032    -1798574.625000
1033    -1798617.500000
1034    -1798660.375000
1035    -1798704.000000
1036    -1798745.500000
1037    -1798787.875000
1038    -1798830.500000
1039    -1798873.500000
1040    -1798915.250000
1041    -1798957.500000
1042    -1798999.625000
1043    -1799042.000000
1044    -1799083.250000
1045    -1799125.500000
1046    -1799166.375000
1047    -1799208.750000
1048    -1799250.750000
1049    -1799291.375000
1050    -1799332.750000
1051    -1799373.875000
1052    -1799416.250000
1053    -1799456.625000
1054    -1799497.125000
1055    -1799538.750000
1056    -1799579.000000
1057    -1799620.000000
1058    -1799660.500000
1059    -1799701.375000
1060    -1799741.875000
1061    -1799782.375000
1062    -1799821.875000
1063    -1799862.250000
1064    -1799902.500000
1065    -1799942.500000
1066    -1799982.625000
1067    -1800021.500000
1068    -1800061.125000
1069    -1800101.250000
1070    -1800141.000000
1071    -1800180.375000
1072    -1800218.750000
1073    -1800258.250000
1074    -1800297.500000
1075    -1800335.875000
1076    -1800375.500000
1077    -1800413.750000
1078    -1800452.500000
1079    -1800491.000000
1080    -1800530.000000
1081    -1800568.250000
1082    -1800606.500000
1083    -1800644.625000
1084    -1800684.000000
1085    -1800721.375000
1086    -1800760.250000
1087    -1800797.625000
1088    -1800835.750000
1089    -1800873.500000
1090    -1800911.000000
1091    -1800948.375000
1092    -1800986.000000
1093    -1801023.750000
1094    -1801060.000000
1095    -1801098.250000
1096    -1801135.500000
1097    -1801172.250000
1098    -1801208.750000
1099    -1801245.750000
1100    -1801283.250000
1101    -1801319.125000
1102    -1801356.250000
1103    -1801392.125000
1104    -1801428.000000
1105    -1801465.125000
1106    -1801500.750000
1107    -1801537.000000
1108    -1801572.375000
1109    -1801608.250000
1110    -1801643.500000
1111    -1801679.250000
1112    -1801714.625000
1113    -1801749.750000
1114    -1801784.750000
1115    -1801820.500000
1116    -1801854.875000
1117    -1801889.750000
1118    -1801924.250000
1119    -1801959.000000
1120    -1801993.000000
1121    -1802027.750000
1122    -1802061.875000
1123    -1802096.125000
1124    -1802130.000000
1125    -1802164.250000
1126    -1802198.375000
1127    -1802232.500000
1128    -1802265.625000
1129    -1802299.500000
1130    -1802333.250000
1131    -1802367.000000
1132    -1802399.750000
1133    -1802433.625000
1134    -1802466.375000
1135    -1802499.375000
1136    -1802532.750000
1137    -1802565.750000
1138    -1802598.625000
1139    -1802632.500000
1140    -1802664.125000
1141    -1802697.000000
1142    -1802729.500000
1143    -1802761.625000
1144    -1802794.375000
1145    -1802826.750000
1146    -1802858.500000
1147    -1802890.375000
1148    -1802922.250000
1149    -1802954.625000
1150    -1802986.625000
1151    -1803018.125000
1152    -1803049.375000
1153    -1803081.250000
1154    -1803112.375000
1155    -1803143.750000
1156    -1803174.500000
1157    -1803206.750000
1158    -1803238.500000
1159    -1803268.500000
1160    -1803299.875000
1161    -1803330.000000
1162    -1803361.750000
1163    -1803392.625000
1164    -1803422.875000
1165    -1803453.750000
1166    -1803483.625000
1167    -1803515.000000
1168    -1803545.500000
1169    -1803575.750000
1170    -1803606.500000
1171    -1803635.625000
1172    -1803665.500000
1173    -1803696.500000
1174    -1803726.250000
1175    -1803756.000000
1176    -1803785.625000
1177    -1803815.750000
1178    -1803846.000000
1179    -1803875.000000
1180    -1803904.750000
1181    -1803934.250000
1182    -1803964.250000
1183    -1803993.375000
1184    -1804023.125000
1185    -1804052.000000
1186    -1804080.750000
1187    -1804109.750000
1188    -1804138.750000
1189    -1804168.000000
1190    -1804196.500000
1191    -1804225.125000
1192    -1804253.750000
1193    -1804282.125000
1194    -1804310.750000
1195    -1804339.875000
1196    -1804368.500000
1197    -1804396.875000
1198    -1804424.500000
1199    -1804452.125000
1200    -1804481.625000
1201    -1804509.500000
1202    -1804537.500000
1203    -1804565.125000
1204    -1804593.500000
1205    -1804621.375000
1206    -1804649.750000
1207    -1804677.625000
1208    -1804705.000000
1209    -1804732.875000
1210    -1804760.125000
1211    -1804788.750000
1212    -1804815.500000
1213    -1804843.375000
1214    -1804870.625000
1215    -1804897.750000
1216    -1804925.625000
1217    -1804952.625000
1218    -1804979.625000
1219    -1805006.500000
1220    -1805033.750000
1221    -1805061.250000
1222    -1805088.125000
1223    -1805114.875000
1224    -1805142.125000
1225    -1805168.500000
1226    -1805195.375000
1227    -1805222.375000
1228    -1805248.750000
1229    -1805275.000000
1230    -1805301.250000
1231    -1805327.750000
1232    -1805354.000000
1233    -1805381.375000
1234    -1805407.000000
1235    -1805434.250000
1236    -1805458.750000
1237    -1805485.500000
1238    -1805511.000000
1239    -1805536.750000
1240    -1805563.500000
1241    -1805588.750000
1242    -1805614.375000
1243    -1805640.250000
1244    -1805666.250000
1245    -1805691.625000
1246    -1805717.250000
1247    -1805742.750000
1248    -1805767.500000
1249    -1805793.500000
1250    -1805818.750000
1251    -1805844.250000
1252    -1805869.375000
1253    -1805894.750000
1254    -1805920.000000
1255    -1805945.000000
1256    -1805970.500000
1257    -1805995.625000
1258    -1806020.000000
1259    -1806044.750000
1260    -1806070.625000
1261    -1806095.500000
1262    -1806119.750000
1263    -1806144.250000
1264    -1806169.500000
1265    -1806193.750000
1266    -1806218.000000
1267    -1806242.875000
1268    -1806266.625000
1269    -1806291.000000
1270    -1806314.750000
1271    -1806338.875000
1272    -1806363.625000
1273    -1806386.875000
1274    -1806411.250000
1275    -1806435.125000
1276    -1806458.250000
1277    -1806482.875000
1278    -1806506.250000
1279    -1806529.875000
1280    -1806553.250000
1281    -1806576.875000
1282    -1806600.375000
1283    -1806623.625000
1284    -1806647.250000
1285    -1806670.375000
1286    -1806694.000000
1287    -1806717.500000
1288    -1806740.250000
1289    -1806763.250000
1290    -1806786.375000
1291    -1806809.500000
1292    -1806832.750000
1293    -1806855.000000
1294    -1806878.250000
1295    -1806900.125000
1296    -1806924.000000
1297    -1806946.750000
1298    -1806969.125000
1299    -1806992.250000
1300    -1807014.750000
1301    -1807036.500000
1302    -1807059.500000
1303    -1807081.500000
1304    -1807104.625000
1305    -1807126.375000
1306    -1807148.500000
1307    -1807170.250000
1308    -1807192.500000
1309    -1807215.000000
1310    -1807237.000000
1311    -1807260.000000
1312    -1807281.500000
1313    -1807303.500000
1314    -1807324.500000
1315    -1807347.125000
1316    -1807368.250000
1317    -1807390.750000
1318    -1807412.000000
1319    -1807434.000000
1320    -1807455.750000
1321    -1807477.125000
1322    -1807499.250000
1323    -1807520.500000
1324    -1807541.500000
1325    -1807563.250000
1326    -1807584.750000
1327    -1807606.000000
1328    -1807626.750000
1329    -1807648.250000
1330    -1807669.500000
1331    -1807691.000000
1332    -1807711.750000
1333    -1807733.000000
1334    -1807753.625000
1335    -1807774.250000
1336    -1807795.250000
1337    -1807816.125000
1338    -1807837.500000
1339    -1807858.000000
1340    -1807878.875000
1341    -1807899.250000
1342    -1807920.000000
1343    -1807940.250000
1344    -1807960.625000
1345    -1807981.500000
1346    -1808002.375000
1347    -1808022.500000
1348    -1808042.875000
1349    -1808063.250000
1350    -1808084.000000
1351    -1808104.250000
1352    -1808124.500000
1353    -1808144.750000
1354    -1808164.750000
1355    -1808184.250000
1356    -1808204.750000
1357    -1808225.250000
1358    -1808245.000000
1359    -1808265.125000
1360    -1808284.500000
1361    -1808304.250000
1362    -1808324.000000
1363    -1808343.875000
1364    -1808363.625000
1365    -1808382.875000
1366    -1808403.500000
1367    -1808423.125000
1368    -1808442.750000
1369    -1808462.250000
1370    -1808481.625000
1371    -1808501.000000
1372    -1808520.750000
1373    -1808540.750000
1374    -1808560.125000
1375    -1808579.125000
1376    -1808598.000000
1377    -1808617.625000
1378    -1808637.500000
1379    -1808656.375000
1380    -1808675.000000
1381    -1808694.500000
1382    -1808713.750000
1383    -1808732.750000
1384    -1808752.000000
1385    -1808771.250000
1386    -1808790.500000
1387    -1808809.000000
1388    -1808828.000000
1389    -1808846.500000
1390    -1808866.125000
1391    -1808885.000000
1392    -1808903.875000
1393    -1808922.750000
1394    -1808941.000000
1395    -1808960.500000
1396    -1808979.250000
1397    -1808997.625000
1398    -1809016.500000
1399    -1809035.125000
1400    -1809053.750000
1401    -1809073.250000
1402    -1809091.375000
1403    -1809110.250000
1404    -1809129.000000
1405    -1809147.625000
1406    -1809166.000000
1407    -1809184.500000
1408    -1809203.250000
1409    -1809221.500000
1410    -1809239.750000
1411    -1809258.375000
1412    -1809276.250000
1413    -1809294.500000
1414    -1809313.250000
1415    -1809331.250000
1416    -1809349.250000
1417    -1809367.000000
1418    -1809385.250000
1419    -1809403.750000
1420    -1809421.625000
1421    -1809440.125000
1422    -1809458.125000
1423    -1809476.000000
1424    -1809494.000000
1425    -1809511.625000
1426    -1809529.500000
1427    -1809547.375000
1428    -1809565.125000
1429    -1809583.125000
1430    -1809601.125000
1431    -1809619.125000
1432    -1809636.750000
1433    -1809654.750000
1434    -1809671.500000
1435    -1809689.750000
1436    -1809707.375000
1437    -1809725.500000
1438    -1809742.750000
1439    -1809760.625000
1440    -1809777.750000
1441    -1809795.500000
1442    -1809813.000000
1443    -1809830.250000
1444    -1809847.875000
1445    -1809865.125000
1446    -1809883.000000
1447    -1809899.750000
1448    -1809917.750000
1449    -1809934.500000
1450    -1809952.250000
1451    -1809969.500000
1452    -1809986.500000
1453    -1810004.125000
1454    -1810021.500000
1455    -1810038.625000
1456    -1810056.375000
1457    -1810073.375000
1458    -1810090.500000
1459    -1810107.750000
1460    -1810125.250000
1461    -1810141.625000
1462    -1810159.500000
1463    -1810176.250000
1464    -1810193.500000
1465    -1810210.125000
1466    -1810227.000000
1467    -1810244.375000
1468    -1810261.625000
1469    -1810278.500000
1470    -1810295.500000
1471    -1810312.750000
1472    -1810329.250000
1473    -1810345.750000
1474    -1810363.000000
1475    -1810379.750000
1476    -1810396.875000
1477    -1810413.500000
1478    -1810430.125000
1479    -1810447.375000
1480    -1810464.000000
1481    -1810481.250000
1482    -1810497.750000
1483    -1810513.750000
1484    -1810530.500000
1485    -1810547.500000
1486    -1810564.125000
1487    -1810581.125000
1488    -1810598.500000
1489    -1810614.500000
