Step            Loss
--------------------
1        -637.860352
2        -665.737610
3        -693.626465
4        -721.527588
5        -749.441772
6        -777.370544
7        -805.315125
8        -833.276428
9        -861.254883
10       -889.251709
11       -917.267517
12       -945.303406
13       -973.360107
14      -1001.438843
15      -1029.540405
16      -1057.665649
17      -1085.815674
18      -1113.991699
19      -1142.194336
20      -1170.425171
21      -1198.685059
22      -1226.975220
23      -1255.297119
24      -1283.651367
25      -1312.039795
26      -1340.463379
27      -1368.922974
28      -1397.420166
29      -1425.955811
30      -1454.531250
31      -1483.147339
32      -1511.805298
33      -1540.506348
34      -1569.251099
35      -1598.041138
36      -1626.876953
37      -1655.760010
38      -1684.691162
39      -1713.670898
40      -1742.700928
41      -1771.781738
42      -1800.914551
43      -1830.099976
44      -1859.339233
45      -1888.633057
46      -1917.982422
47      -1947.387939
48      -1976.850952
49      -2006.371826
50      -2035.951538
51      -2065.590820
52      -2095.290527
53      -2125.051758
54      -2154.874512
55      -2184.760254
56      -2214.709473
57      -2244.722656
58      -2274.800293
59      -2304.943359
60      -2335.152344
61      -2365.428223
62      -2395.770996
63      -2426.181641
64      -2456.660156
65      -2487.208008
66      -2517.824707
67      -2548.511719
68      -2579.268311
69      -2610.095947
70      -2640.994141
71      -2671.964355
72      -2703.006104
73      -2734.120117
74      -2765.306641
75      -2796.565918
76      -2827.898438
77      -2859.304443
78      -2890.784180
79      -2922.337891
80      -2953.965820
81      -2985.667969
82      -3017.445312
83      -3049.296875
84      -3081.223633
85      -3113.225586
86      -3145.302734
87      -3177.455078
88      -3209.683105
89      -3241.986816
90      -3274.366211
91      -3306.820801
92      -3339.351807
93      -3371.957764
94      -3404.639648
95      -3437.397461
96      -3470.230469
97      -3503.139404
98      -3536.123291
99      -3569.182861
100     -3602.317627
101     -3635.527344
102     -3668.812012
103     -3702.171387
104     -3735.605225
105     -3769.113281
106     -3802.695312
107     -3836.351074
108     -3870.080566
109     -3903.883301
110     -3937.758545
111     -3971.706299
112     -4005.726074
113     -4039.817871
114     -4073.980957
115     -4108.214844
116     -4142.519043
117     -4176.894043
118     -4211.337891
119     -4245.847656
120     -4280.408691
121     -4315.038086
122     -4349.733887
123     -4384.497559
124     -4419.327148
125     -4454.222656
126     -4489.183594
127     -4524.208008
128     -4559.297363
129     -4594.449707
130     -4629.664062
131     -4664.941406
132     -4700.278809
133     -4735.676758
134     -4771.134766
135     -4806.651367
136     -4842.226562
137     -4877.858887
138     -4913.547852
139     -4949.291992
140     -4985.091797
141     -5020.946289
142     -5056.853516
143     -5092.812500
144     -5128.823730
145     -5164.885742
146     -5200.997070
147     -5237.157715
148     -5273.366211
149     -5309.621582
150     -5345.923340
151     -5382.270508
152     -5418.661133
153     -5455.095215
154     -5491.571289
155     -5528.088867
156     -5564.646973
157     -5601.244141
158     -5637.879395
159     -5674.551758
160     -5711.260254
161     -5748.003906
162     -5784.781738
163     -5821.592773
164     -5858.435547
165     -5895.309082
166     -5932.211914
167     -5969.144043
168     -6006.104004
169     -6043.089844
170     -6080.102051
171     -6117.137695
172     -6154.197266
173     -6191.278320
174     -6228.380371
175     -6265.501953
176     -6302.643066
177     -6339.801758
178     -6376.976562
179     -6414.166504
180     -6451.371094
181     -6488.587891
182     -6525.817871
183     -6563.058105
184     -6600.307617
185     -6637.565918
186     -6674.831055
187     -6712.103027
188     -6749.379883
189     -6786.660645
190     -6823.944336
191     -6861.228027
192     -6898.513672
193     -6935.798340
194     -6973.080566
195     -7010.360352
196     -7047.635742
197     -7084.905762
198     -7122.168945
199     -7159.424805
200     -7196.671875
201     -7233.909180
202     -7271.135254
203     -7308.348633
204     -7345.546875
205     -7382.728516
206     -7419.894043
207     -7457.043457
208     -7494.174805
209     -7531.274414
210     -7568.333008
211     -7605.354980
212     -7642.351074
213     -7679.310547
214     -7716.240723
215     -7753.144531
216     -7790.021484
217     -7826.870605
218     -7863.691406
219     -7900.481445
220     -7937.240234
221     -7973.968262
222     -8010.661133
223     -8047.321289
224     -8083.945312
225     -8120.534180
226     -8157.083984
227     -8193.597656
228     -8230.070312
229     -8266.502930
230     -8302.894531
231     -8339.244141
232     -8375.548828
233     -8411.810547
234     -8448.027344
235     -8484.197266
236     -8520.320312
237     -8556.392578
238     -8592.404297
239     -8628.365234
240     -8664.276367
241     -8700.136719
242     -8735.943359
243     -8771.696289
244     -8807.384766
245     -8843.016602
246     -8878.592773
247     -8914.111328
248     -8949.572266
249     -8984.974609
250     -9020.318359
251     -9055.593750
252     -9090.808594
253     -9125.961914
254     -9161.052734
255     -9196.079102
256     -9231.042969
257     -9265.940430
258     -9300.770508
259     -9335.531250
260     -9370.227539
261     -9404.853516
262     -9439.414062
263     -9473.888672
264     -9508.291992
265     -9542.614258
266     -9576.863281
267     -9611.031250
268     -9645.112305
269     -9679.121094
270     -9713.027344
271     -9746.861328
272     -9780.619141
273     -9814.302734
274     -9847.906250
275     -9881.431641
276     -9914.861328
277     -9948.183594
278     -9981.414062
279     -10014.566406
280     -10047.640625
281     -10080.634766
282     -10113.548828
283     -10146.381836
284     -10179.129883
285     -10211.773438
286     -10244.335938
287     -10276.816406
288     -10309.202148
289     -10341.466797
290     -10373.632812
291     -10405.713867
292     -10437.698242
293     -10469.570312
294     -10501.349609
295     -10533.035156
296     -10564.627930
297     -10596.127930
298     -10627.543945
299     -10658.873047
300     -10690.116211
301     -10721.272461
302     -10752.328125
303     -10783.292969
304     -10814.164062
305     -10844.945312
306     -10875.631836
307     -10906.227539
308     -10936.736328
309     -10967.144531
310     -10997.435547
311     -11027.638672
312     -11057.746094
313     -11087.751953
314     -11117.660156
315     -11147.449219
316     -11177.146484
317     -11206.739258
318     -11236.211914
319     -11265.558594
320     -11294.812500
321     -11323.974609
322     -11353.044922
323     -11382.017578
324     -11410.900391
325     -11439.691406
326     -11468.367188
327     -11496.884766
328     -11525.296875
329     -11553.614258
330     -11581.839844
331     -11609.969727
332     -11637.995117
333     -11665.902344
334     -11693.693359
335     -11721.365234
336     -11748.917969
337     -11776.347656
338     -11803.685547
339     -11830.928711
340     -11858.080078
341     -11885.138672
342     -11912.081055
343     -11938.869141
344     -11965.562500
345     -11992.164062
346     -12018.675781
347     -12045.097656
348     -12071.423828
349     -12097.650391
350     -12123.771484
351     -12149.773438
352     -12175.611328
353     -12201.345703
354     -12226.989258
355     -12252.503906
356     -12277.923828
357     -12303.220703
358     -12328.393555
359     -12353.461914
360     -12378.392578
361     -12403.174805
362     -12427.814453
363     -12452.315430
364     -12476.668945
365     -12500.913086
366     -12525.050781
367     -12549.101562
368     -12573.050781
369     -12596.904297
370     -12620.655273
371     -12644.298828
372     -12667.835938
373     -12691.260742
374     -12714.541016
375     -12737.704102
376     -12760.712891
377     -12783.605469
378     -12806.380859
379     -12829.051758
380     -12851.625000
381     -12874.092773
382     -12896.448242
383     -12918.689453
384     -12940.795898
385     -12962.767578
386     -12984.638672
387     -13006.401367
388     -13028.041992
389     -13049.559570
390     -13070.960938
391     -13092.276367
392     -13113.489258
393     -13134.587891
394     -13155.591797
395     -13176.479492
396     -13197.239258
397     -13217.915039
398     -13238.476562
399     -13258.905273
400     -13279.218750
401     -13299.418945
402     -13319.492188
403     -13339.416992
404     -13359.197266
405     -13378.798828
406     -13398.308594
407     -13417.639648
408     -13436.849609
409     -13455.951172
410     -13474.947266
411     -13493.772461
412     -13512.503906
413     -13531.161133
414     -13549.726562
415     -13568.167969
416     -13586.494141
417     -13604.715820
418     -13622.864258
419     -13640.896484
420     -13658.809570
421     -13676.631836
422     -13694.375000
423     -13712.024414
424     -13729.589844
425     -13747.068359
426     -13764.453125
427     -13781.763672
428     -13798.984375
429     -13816.084961
430     -13833.060547
431     -13849.888672
432     -13866.585938
433     -13883.199219
434     -13899.732422
435     -13916.142578
436     -13932.451172
437     -13948.660156
438     -13964.758789
439     -13980.750000
440     -13996.625977
441     -14012.398438
442     -14028.107422
443     -14043.740234
444     -14059.279297
445     -14074.656250
446     -14089.912109
447     -14105.062500
448     -14120.072266
449     -14134.964844
450     -14149.764648
451     -14164.479492
452     -14179.075195
453     -14193.584961
454     -14208.009766
455     -14222.357422
456     -14236.648438
457     -14250.885742
458     -14265.058594
459     -14279.162109
460     -14293.183594
461     -14307.091797
462     -14320.874023
463     -14334.577148
464     -14348.210938
465     -14361.757812
466     -14375.201172
467     -14388.504883
468     -14401.732422
469     -14414.859375
470     -14427.859375
471     -14440.716797
472     -14453.439453
473     -14466.083984
474     -14478.634766
475     -14491.114258
476     -14503.500000
477     -14515.753906
478     -14527.892578
479     -14539.962891
480     -14551.968750
481     -14563.876953
482     -14575.726562
483     -14587.498047
484     -14599.175781
485     -14610.763672
486     -14622.267578
487     -14633.701172
488     -14645.069336
489     -14656.383789
490     -14667.611328
491     -14678.711914
492     -14689.714844
493     -14700.625000
494     -14711.470703
495     -14722.253906
496     -14732.942383
497     -14743.577148
498     -14754.148438
499     -14764.626953
500     -14775.003906
501     -14785.320312
502     -14795.579102
503     -14805.783203
504     -14815.939453
505     -14826.051758
506     -14836.037109
507     -14845.912109
508     -14855.708984
509     -14865.414062
510     -14875.041016
511     -14884.548828
512     -14893.974609
513     -14903.307617
514     -14912.568359
515     -14921.757812
516     -14930.897461
517     -14939.966797
518     -14948.971680
519     -14957.882812
520     -14966.731445
521     -14975.510742
522     -14984.227539
523     -14992.885742
524     -15001.459961
525     -15009.960938
526     -15018.370117
527     -15026.732422
528     -15035.026367
529     -15043.246094
530     -15051.383789
531     -15059.458984
532     -15067.458008
533     -15075.390625
534     -15083.274414
535     -15091.130859
536     -15098.958984
537     -15106.740234
538     -15114.444336
539     -15122.087891
540     -15129.683594
541     -15137.208008
542     -15144.686523
543     -15152.097656
544     -15159.446289
545     -15166.730469
546     -15173.936523
547     -15181.109375
548     -15188.239258
549     -15195.272461
550     -15202.259766
551     -15209.125977
552     -15215.894531
553     -15222.621094
554     -15229.303711
555     -15235.919922
556     -15242.496094
557     -15249.006836
558     -15255.478516
559     -15261.891602
560     -15268.244141
561     -15274.538086
562     -15280.757812
563     -15286.946289
564     -15293.072266
565     -15299.116211
566     -15305.111328
567     -15311.071289
568     -15316.994141
569     -15322.850586
570     -15328.628906
571     -15334.337891
572     -15340.017578
573     -15345.665039
574     -15351.270508
575     -15356.796875
576     -15362.248047
577     -15367.622070
578     -15372.925781
579     -15378.188477
580     -15383.404297
581     -15388.522461
582     -15393.590820
583     -15398.624023
584     -15403.629883
585     -15408.599609
586     -15413.528320
587     -15418.417969
588     -15423.268555
589     -15428.083008
590     -15432.792969
591     -15437.435547
592     -15442.019531
593     -15446.587891
594     -15451.125000
595     -15455.626953
596     -15460.100586
597     -15464.548828
598     -15468.958008
599     -15473.323242
600     -15477.671875
601     -15481.971680
602     -15486.199219
603     -15490.366211
604     -15494.490234
605     -15498.587891
606     -15502.639648
607     -15506.638672
608     -15510.605469
609     -15514.530273
610     -15518.425781
611     -15522.294922
612     -15526.136719
613     -15529.929688
614     -15533.654297
615     -15537.350586
616     -15541.010742
617     -15544.617188
618     -15548.179688
619     -15551.701172
620     -15555.208008
621     -15558.705078
622     -15562.159180
623     -15565.575195
624     -15568.928711
625     -15572.217773
626     -15575.472656
627     -15578.691406
628     -15581.878906
629     -15585.032227
630     -15588.154297
631     -15591.231445
632     -15594.275391
633     -15597.289062
634     -15600.271484
635     -15603.234375
636     -15606.185547
637     -15609.067383
638     -15611.858398
639     -15614.613281
640     -15617.334961
641     -15620.044922
642     -15622.741211
643     -15625.412109
644     -15628.068359
645     -15630.714844
646     -15633.341797
647     -15635.896484
648     -15638.382812
649     -15640.845703
650     -15643.284180
651     -15645.685547
652     -15648.042969
653     -15650.387695
654     -15652.717773
655     -15655.040039
656     -15657.347656
657     -15659.634766
658     -15661.899414
659     -15664.135742
660     -15666.351562
661     -15668.549805
662     -15670.740234
663     -15672.898438
664     -15675.007812
665     -15677.095703
666     -15679.150391
667     -15681.193359
668     -15683.209961
669     -15685.214844
670     -15687.208984
671     -15689.188477
672     -15691.118164
673     -15692.994141
674     -15694.837891
675     -15696.666016
676     -15698.487305
677     -15700.300781
678     -15702.102539
679     -15703.898438
680     -15705.687500
681     -15707.456055
682     -15709.219727
683     -15710.970703
684     -15712.703125
685     -15714.417969
686     -15716.110352
687     -15717.789062
688     -15719.456055
689     -15721.089844
690     -15722.712891
691     -15724.331055
692     -15725.939453
693     -15727.541016
694     -15729.137695
695     -15730.729492
696     -15732.294922
697     -15733.851562
698     -15735.384766
699     -15736.892578
700     -15738.369141
701     -15739.835938
702     -15741.296875
703     -15742.750000
704     -15744.189453
705     -15745.623047
706     -15747.043945
707     -15748.452148
708     -15749.843750
709     -15751.224609
710     -15752.599609
711     -15753.970703
712     -15755.329102
713     -15756.680664
714     -15758.028320
715     -15759.372070
716     -15760.712891
717     -15762.046875
718     -15763.361328
719     -15764.658203
720     -15765.940430
721     -15767.213867
722     -15768.472656
723     -15769.725586
724     -15770.975586
725     -15772.214844
726     -15773.439453
727     -15774.653320
728     -15775.855469
729     -15777.043945
730     -15778.224609
731     -15779.384766
732     -15780.525391
733     -15781.658203
734     -15782.776367
735     -15783.872070
736     -15784.960938
737     -15786.048828
738     -15787.134766
739     -15788.216797
740     -15789.296875
741     -15790.371094
742     -15791.442383
743     -15792.508789
744     -15793.574219
745     -15794.632812
746     -15795.689453
747     -15796.739258
748     -15797.785156
749     -15798.828125
750     -15799.869141
751     -15800.907227
752     -15801.936523
753     -15802.964844
754     -15803.986328
755     -15804.995117
756     -15806.000000
757     -15806.992188
758     -15807.986328
759     -15808.967773
760     -15809.947266
761     -15810.924805
762     -15811.894531
763     -15812.859375
764     -15813.818359
765     -15814.777344
766     -15815.733398
767     -15816.685547
768     -15817.633789
769     -15818.580078
770     -15819.524414
771     -15820.466797
772     -15821.408203
773     -15822.343750
774     -15823.280273
775     -15824.209961
776     -15825.132812
777     -15826.048828
778     -15826.958984
779     -15827.869141
780     -15828.774414
781     -15829.670898
782     -15830.563477
783     -15831.453125
784     -15832.339844
785     -15833.226562
786     -15834.111328
787     -15834.994141
788     -15835.875000
789     -15836.744141
790     -15837.604492
791     -15838.453125
792     -15839.298828
793     -15840.143555
794     -15840.972656
795     -15841.794922
796     -15842.616211
797     -15843.436523
798     -15844.252930
799     -15845.064453
800     -15845.875000
801     -15846.683594
802     -15847.488281
803     -15848.288086
804     -15849.078125
805     -15849.862305
806     -15850.633789
807     -15851.401367
808     -15852.159180
809     -15852.902344
810     -15853.639648
811     -15854.373047
812     -15855.095703
813     -15855.801758
814     -15856.501953
815     -15857.201172
816     -15857.895508
817     -15858.581055
818     -15859.265625
819     -15859.949219
820     -15860.632812
821     -15861.312500
822     -15861.984375
823     -15862.652344
824     -15863.318359
825     -15863.976562
826     -15864.628906
827     -15865.279297
828     -15865.925781
829     -15866.570312
830     -15867.208984
831     -15867.839844
832     -15868.466797
833     -15869.092773
834     -15869.716797
835     -15870.335938
836     -15870.952148
837     -15871.568359
838     -15872.180664
839     -15872.792969
840     -15873.404297
841     -15874.013672
842     -15874.622070
843     -15875.230469
844     -15875.836914
845     -15876.439453
846     -15877.033203
847     -15877.621094
848     -15878.203125
849     -15878.781250
850     -15879.360352
851     -15879.938477
852     -15880.513672
853     -15881.089844
854     -15881.661133
855     -15882.224609
856     -15882.787109
857     -15883.345703
858     -15883.904297
859     -15884.460938
860     -15885.016602
861     -15885.570312
862     -15886.122070
863     -15886.669922
864     -15887.216797
865     -15887.757812
866     -15888.291016
867     -15888.823242
868     -15889.351562
869     -15889.879883
870     -15890.408203
871     -15890.933594
872     -15891.458984
873     -15891.982422
874     -15892.505859
875     -15893.025391
876     -15893.539062
877     -15894.049805
878     -15894.560547
879     -15895.068359
880     -15895.576172
881     -15896.080078
882     -15896.580078
883     -15897.080078
884     -15897.577148
885     -15898.072266
886     -15898.565430
887     -15899.057617
888     -15899.548828
889     -15900.040039
890     -15900.529297
891     -15901.018555
892     -15901.506836
893     -15901.990234
894     -15902.472656
895     -15902.953125
896     -15903.427734
897     -15903.902344
898     -15904.373047
899     -15904.842773
900     -15905.311523
901     -15905.777344
902     -15906.243164
903     -15906.706055
904     -15907.169922
905     -15907.632812
906     -15908.095703
907     -15908.555664
908     -15909.015625
909     -15909.474609
910     -15909.930664
911     -15910.379883
912     -15910.828125
913     -15911.275391
914     -15911.721680
915     -15912.161133
916     -15912.597656
917     -15913.033203
918     -15913.466797
919     -15913.899414
920     -15914.333008
921     -15914.765625
922     -15915.196289
923     -15915.625000
924     -15916.048828
925     -15916.470703
926     -15916.891602
927     -15917.306641
928     -15917.715820
929     -15918.122070
930     -15918.527344
931     -15918.931641
932     -15919.331055
933     -15919.726562
934     -15920.122070
935     -15920.516602
936     -15920.911133
937     -15921.302734
938     -15921.695312
939     -15922.086914
940     -15922.475586
941     -15922.863281
942     -15923.251953
943     -15923.637695
944     -15924.024414
945     -15924.408203
946     -15924.793945
947     -15925.174805
948     -15925.550781
949     -15925.927734
950     -15926.303711
951     -15926.677734
952     -15927.052734
953     -15927.421875
954     -15927.787109
955     -15928.153320
956     -15928.517578
957     -15928.879883
958     -15929.242188
959     -15929.605469
960     -15929.965820
961     -15930.321289
962     -15930.668945
963     -15931.016602
964     -15931.363281
965     -15931.708984
966     -15932.052734
967     -15932.397461
968     -15932.741211
969     -15933.083984
970     -15933.427734
971     -15933.769531
972     -15934.109375
973     -15934.450195
974     -15934.789062
975     -15935.128906
976     -15935.461914
977     -15935.794922
978     -15936.125977
979     -15936.456055
980     -15936.783203
981     -15937.110352
982     -15937.435547
983     -15937.762695
984     -15938.085938
985     -15938.408203
986     -15938.727539
987     -15939.046875
988     -15939.365234
989     -15939.682617
990     -15940.000000
991     -15940.317383
992     -15940.632812
993     -15940.946289
994     -15941.259766
995     -15941.572266
996     -15941.883789
997     -15942.191406
998     -15942.500000
999     -15942.806641
1000    -15943.113281
1001    -15943.415039
1002    -15943.707031
1003    -15943.997070
1004    -15944.289062
1005    -15944.579102
1006    -15944.866211
1007    -15945.152344
1008    -15945.437500
1009    -15945.722656
1010    -15946.007812
1011    -15946.291016
1012    -15946.573242
1013    -15946.854492
1014    -15947.132812
1015    -15947.412109
1016    -15947.690430
1017    -15947.968750
1018    -15948.246094
1019    -15948.519531
1020    -15948.789062
1021    -15949.056641
1022    -15949.326172
1023    -15949.588867
1024    -15949.851562
1025    -15950.113281
1026    -15950.375000
1027    -15950.636719
1028    -15950.896484
1029    -15951.153320
1030    -15951.410156
1031    -15951.666992
1032    -15951.920898
1033    -15952.173828
1034    -15952.425781
1035    -15952.676758
1036    -15952.926758
1037    -15953.177734
1038    -15953.425781
1039    -15953.670898
1040    -15953.916016
1041    -15954.158203
1042    -15954.401367
1043    -15954.643555
1044    -15954.884766
1045    -15955.124023
1046    -15955.360352
1047    -15955.596680
1048    -15955.831055
1049    -15956.064453
1050    -15956.298828
1051    -15956.532227
1052    -15956.765625
1053    -15957.000000
1054    -15957.230469
1055    -15957.462891
1056    -15957.693359
1057    -15957.924805
1058    -15958.154297
1059    -15958.383789
1060    -15958.612305
1061    -15958.841797
1062    -15959.070312
1063    -15959.296875
1064    -15959.518555
1065    -15959.739258
1066    -15959.960938
1067    -15960.179688
1068    -15960.400391
1069    -15960.619141
1070    -15960.837891
1071    -15961.056641
1072    -15961.274414
1073    -15961.491211
1074    -15961.708984
1075    -15961.923828
1076    -15962.141602
1077    -15962.356445
1078    -15962.572266
1079    -15962.786133
1080    -15963.001953
1081    -15963.213867
1082    -15963.427734
1083    -15963.640625
1084    -15963.853516
1085    -15964.066406
1086    -15964.277344
1087    -15964.487305
1088    -15964.698242
1089    -15964.909180
1090    -15965.119141
1091    -15965.328125
1092    -15965.537109
1093    -15965.746094
1094    -15965.955078
1095    -15966.161133
1096    -15966.369141
1097    -15966.576172
1098    -15966.783203
1099    -15966.984375
1100    -15967.185547
1101    -15967.383789
1102    -15967.585938
1103    -15967.784180
1104    -15967.984375
1105    -15968.181641
1106    -15968.380859
1107    -15968.578125
1108    -15968.775391
1109    -15968.972656
1110    -15969.167969
1111    -15969.363281
1112    -15969.558594
1113    -15969.750000
1114    -15969.943359
1115    -15970.135742
1116    -15970.327148
1117    -15970.517578
1118    -15970.707031
1119    -15970.896484
1120    -15971.085938
1121    -15971.273438
1122    -15971.461914
1123    -15971.649414
1124    -15971.837891
1125    -15972.024414
1126    -15972.208984
1127    -15972.396484
1128    -15972.580078
1129    -15972.761719
1130    -15972.943359
1131    -15973.118164
1132    -15973.291992
1133    -15973.457031
1134    -15973.623047
1135    -15973.789062
1136    -15973.954102
1137    -15974.118164
1138    -15974.283203
1139    -15974.447266
1140    -15974.610352
1141    -15974.773438
1142    -15974.935547
1143    -15975.098633
1144    -15975.256836
1145    -15975.416016
1146    -15975.572266
1147    -15975.728516
1148    -15975.881836
1149    -15976.034180
1150    -15976.187500
1151    -15976.339844
1152    -15976.492188
1153    -15976.643555
1154    -15976.794922
1155    -15976.945312
1156    -15977.095703
1157    -15977.246094
1158    -15977.395508
1159    -15977.543945
1160    -15977.693359
1161    -15977.842773
1162    -15977.989258
1163    -15978.137695
1164    -15978.286133
1165    -15978.432617
1166    -15978.579102
1167    -15978.725586
1168    -15978.872070
1169    -15979.016602
1170    -15979.162109
1171    -15979.306641
1172    -15979.451172
1173    -15979.592773
1174    -15979.735352
1175    -15979.875977
1176    -15980.018555
1177    -15980.159180
1178    -15980.300781
1179    -15980.440430
1180    -15980.580078
1181    -15980.719727
1182    -15980.858398
1183    -15980.998047
1184    -15981.136719
1185    -15981.273438
1186    -15981.411133
1187    -15981.547852
1188    -15981.685547
1189    -15981.820312
1190    -15981.957031
1191    -15982.091797
1192    -15982.227539
1193    -15982.361328
1194    -15982.496094
1195    -15982.628906
1196    -15982.761719
1197    -15982.896484
1198    -15983.030273
1199    -15983.161133
1200    -15983.292969
1201    -15983.423828
1202    -15983.556641
1203    -15983.685547
1204    -15983.816406
1205    -15983.946289
1206    -15984.076172
1207    -15984.205078
1208    -15984.333008
1209    -15984.461914
1210    -15984.589844
1211    -15984.717773
1212    -15984.843750
1213    -15984.970703
1214    -15985.095703
1215    -15985.222656
1216    -15985.349609
1217    -15985.472656
1218    -15985.597656
1219    -15985.721680
1220    -15985.845703
1221    -15985.968750
