Step            Loss
--------------------
1        -545.776184
2        -573.965515
3        -602.168335
4        -630.384949
5        -658.615234
6        -686.860168
7        -715.119873
8        -743.394531
9        -771.684692
10       -799.991028
11       -828.314331
12       -856.655273
13       -885.014893
14       -913.394226
15       -941.794006
16       -970.215393
17       -998.659424
18      -1027.127197
19      -1055.619141
20      -1084.136841
21      -1112.680908
22      -1141.252563
23      -1169.852783
24      -1198.482422
25      -1227.142944
26      -1255.835205
27      -1284.560791
28      -1313.320190
29      -1342.115112
30      -1370.946533
31      -1399.815674
32      -1428.723755
33      -1457.671875
34      -1486.661133
35      -1515.692627
36      -1544.767334
37      -1573.886841
38      -1603.051636
39      -1632.262817
40      -1661.521606
41      -1690.828613
42      -1720.185303
43      -1749.592041
44      -1779.050171
45      -1808.560059
46      -1838.122925
47      -1867.739380
48      -1897.410278
49      -1927.136475
50      -1956.918579
51      -1986.757324
52      -2016.653564
53      -2046.608032
54      -2076.621338
55      -2106.693848
56      -2136.826904
57      -2167.020508
58      -2197.275635
59      -2227.592773
60      -2257.972412
61      -2288.415527
62      -2318.922363
63      -2349.493896
64      -2380.129883
65      -2410.831543
66      -2441.599121
67      -2472.433105
68      -2503.334229
69      -2534.302734
70      -2565.339355
71      -2596.444336
72      -2627.618164
73      -2658.860840
74      -2690.173340
75      -2721.556152
76      -2753.008789
77      -2784.532227
78      -2816.126953
79      -2847.792725
80      -2879.530273
81      -2911.339844
82      -2943.221191
83      -2975.175049
84      -3007.201660
85      -3039.301025
86      -3071.473389
87      -3103.718750
88      -3136.037354
89      -3168.429199
90      -3200.894775
91      -3233.433350
92      -3266.045898
93      -3298.731934
94      -3331.491699
95      -3364.324707
96      -3397.231445
97      -3430.211426
98      -3463.265137
99      -3496.392090
100     -3529.591797
101     -3562.865234
102     -3596.210938
103     -3629.629639
104     -3663.120850
105     -3696.684082
106     -3730.319824
107     -3764.026611
108     -3797.805176
109     -3831.655029
110     -3865.575684
111     -3899.566650
112     -3933.627686
113     -3967.758545
114     -4001.958984
115     -4036.227783
116     -4070.565430
117     -4104.970703
118     -4139.443848
119     -4173.983887
120     -4208.590332
121     -4243.263184
122     -4278.000977
123     -4312.803711
124     -4347.670410
125     -4382.601074
126     -4417.594727
127     -4452.650391
128     -4487.768555
129     -4522.946777
130     -4558.186035
131     -4593.484863
132     -4628.842773
133     -4664.258301
134     -4699.731445
135     -4735.261719
136     -4770.847656
137     -4806.488281
138     -4842.184082
139     -4877.932617
140     -4913.734375
141     -4949.586914
142     -4985.491211
143     -5021.444336
144     -5057.440430
145     -5093.485352
146     -5129.577637
147     -5165.715820
148     -5201.899902
149     -5238.128418
150     -5274.400391
151     -5310.715820
152     -5347.072754
153     -5383.470703
154     -5419.908203
155     -5456.383789
156     -5492.897949
157     -5529.448730
158     -5566.035645
159     -5602.657227
160     -5639.312012
161     -5676.000000
162     -5712.718750
163     -5749.468750
164     -5786.248047
165     -5823.055664
166     -5859.890625
167     -5896.751953
168     -5933.638184
169     -5970.548828
170     -6007.482422
171     -6044.437500
172     -6081.413086
173     -6118.408691
174     -6155.422852
175     -6192.454590
176     -6229.502930
177     -6266.565430
178     -6303.642090
179     -6340.732422
180     -6377.833984
181     -6414.946289
182     -6452.068359
183     -6489.198242
184     -6526.335449
185     -6563.478516
186     -6600.626953
187     -6637.778809
188     -6674.933594
189     -6712.089355
190     -6749.246094
191     -6786.401367
192     -6823.555664
193     -6860.706055
194     -6897.852539
195     -6934.993164
196     -6972.128418
197     -7009.254883
198     -7046.374023
199     -7083.482422
200     -7120.579102
201     -7157.665039
202     -7194.737305
203     -7231.794922
204     -7268.836914
205     -7305.863281
206     -7342.871094
207     -7379.860840
208     -7416.831055
209     -7453.779297
210     -7490.706055
211     -7527.610352
212     -7564.490234
213     -7601.344727
214     -7638.172852
215     -7674.974121
216     -7711.747070
217     -7748.490723
218     -7785.204102
219     -7821.878418
220     -7858.504395
221     -7895.096680
222     -7931.654297
223     -7968.176758
224     -8004.662598
225     -8041.087891
226     -8077.473145
227     -8113.819336
228     -8150.125000
229     -8186.389160
230     -8222.611328
231     -8258.791016
232     -8294.927734
233     -8331.009766
234     -8367.042969
235     -8403.029297
236     -8438.963867
237     -8474.831055
238     -8510.650391
239     -8546.417969
240     -8582.127930
241     -8617.744141
242     -8653.305664
243     -8688.814453
244     -8724.267578
245     -8759.667969
246     -8795.011719
247     -8830.300781
248     -8865.531250
249     -8900.695312
250     -8935.782227
251     -8970.800781
252     -9005.744141
253     -9040.626953
254     -9075.418945
255     -9110.142578
256     -9144.800781
257     -9179.359375
258     -9213.828125
259     -9248.232422
260     -9282.572266
261     -9316.846680
262     -9351.048828
263     -9385.183594
264     -9419.251953
265     -9453.251953
266     -9487.183594
267     -9521.045898
268     -9554.820312
269     -9588.509766
270     -9622.095703
271     -9655.606445
272     -9689.038086
273     -9722.382812
274     -9755.656250
275     -9788.855469
276     -9821.982422
277     -9855.034180
278     -9888.011719
279     -9920.915039
280     -9953.742188
281     -9986.488281
282     -10019.103516
283     -10051.640625
284     -10084.099609
285     -10116.474609
286     -10148.766602
287     -10180.982422
288     -10213.118164
289     -10245.175781
290     -10277.148438
291     -10309.021484
292     -10340.797852
293     -10372.494141
294     -10404.109375
295     -10435.644531
296     -10467.081055
297     -10498.421875
298     -10529.679688
299     -10560.832031
300     -10591.899414
301     -10622.884766
302     -10653.787109
303     -10684.608398
304     -10715.345703
305     -10746.001953
306     -10776.571289
307     -10807.048828
308     -10837.441406
309     -10867.751953
310     -10897.977539
311     -10928.120117
312     -10958.166016
313     -10988.114258
314     -11017.923828
315     -11047.627930
316     -11077.239258
317     -11106.748047
318     -11136.145508
319     -11165.455078
320     -11194.679688
321     -11223.787109
322     -11252.769531
323     -11281.652344
324     -11310.402344
325     -11339.046875
326     -11367.595703
327     -11396.044922
328     -11424.407227
329     -11452.685547
330     -11480.877930
331     -11508.962891
332     -11536.908203
333     -11564.763672
334     -11592.529297
335     -11620.183594
336     -11647.722656
337     -11675.138672
338     -11702.470703
339     -11729.714844
340     -11756.847656
341     -11783.855469
342     -11810.755859
343     -11837.542969
344     -11864.235352
345     -11890.822266
346     -11917.318359
347     -11943.724609
348     -11970.045898
349     -11996.235352
350     -12022.279297
351     -12048.228516
352     -12074.093750
353     -12099.846680
354     -12125.497070
355     -12150.992188
356     -12176.384766
357     -12201.643555
358     -12226.794922
359     -12251.816406
360     -12276.715820
361     -12301.519531
362     -12326.216797
363     -12350.824219
364     -12375.317383
365     -12399.709961
366     -12424.003906
367     -12448.169922
368     -12472.230469
369     -12496.201172
370     -12520.044922
371     -12543.798828
372     -12567.453125
373     -12591.005859
374     -12614.448242
375     -12637.779297
376     -12661.007812
377     -12684.156250
378     -12707.197266
379     -12730.130859
380     -12752.970703
381     -12775.717773
382     -12798.371094
383     -12820.910156
384     -12843.335938
385     -12865.663086
386     -12887.844727
387     -12909.929688
388     -12931.935547
389     -12953.832031
390     -12975.640625
391     -12997.368164
392     -13019.005859
393     -13040.527344
394     -13061.873047
395     -13083.138672
396     -13104.324219
397     -13125.395508
398     -13146.361328
399     -13167.214844
400     -13187.954102
401     -13208.583008
402     -13229.095703
403     -13249.522461
404     -13269.852539
405     -13290.101562
406     -13310.252930
407     -13330.275391
408     -13350.162109
409     -13369.892578
410     -13389.462891
411     -13408.875977
412     -13428.180664
413     -13447.345703
414     -13466.391602
415     -13485.336914
416     -13504.181641
417     -13522.919922
418     -13541.556641
419     -13560.098633
420     -13578.558594
421     -13596.911133
422     -13615.117188
423     -13633.224609
424     -13651.228516
425     -13669.122070
426     -13686.916016
427     -13704.591797
428     -13722.171875
429     -13739.679688
430     -13757.083008
431     -13774.369141
432     -13791.567383
433     -13808.689453
434     -13825.714844
435     -13842.650391
436     -13859.514648
437     -13876.259766
438     -13892.884766
439     -13909.385742
440     -13925.771484
441     -13942.025391
442     -13958.142578
443     -13974.172852
444     -13990.105469
445     -14005.910156
446     -14021.619141
447     -14037.218750
448     -14052.738281
449     -14068.185547
450     -14083.546875
451     -14098.773438
452     -14113.933594
453     -14128.968750
454     -14143.861328
455     -14158.681641
456     -14173.435547
457     -14188.072266
458     -14202.532227
459     -14216.921875
460     -14231.238281
461     -14245.467773
462     -14259.581055
463     -14273.596680
464     -14287.525391
465     -14301.304688
466     -14315.001953
467     -14328.558594
468     -14342.006836
469     -14355.369141
470     -14368.626953
471     -14381.826172
472     -14394.937500
473     -14407.980469
474     -14420.941406
475     -14433.761719
476     -14446.445312
477     -14459.046875
478     -14471.593750
479     -14484.031250
480     -14496.331055
481     -14508.527344
482     -14520.617188
483     -14532.625000
484     -14544.546875
485     -14556.323242
486     -14568.000977
487     -14579.572266
488     -14591.078125
489     -14602.509766
490     -14613.828125
491     -14625.060547
492     -14636.225586
493     -14647.303711
494     -14658.271484
495     -14669.173828
496     -14680.007812
497     -14690.718750
498     -14701.375000
499     -14711.980469
500     -14722.484375
501     -14732.887695
502     -14743.231445
503     -14753.490234
504     -14763.684570
505     -14773.798828
506     -14783.773438
507     -14793.664062
508     -14803.449219
509     -14813.173828
510     -14822.840820
511     -14832.443359
512     -14841.995117
513     -14851.505859
514     -14860.907227
515     -14870.212891
516     -14879.435547
517     -14888.607422
518     -14897.730469
519     -14906.791016
520     -14915.789062
521     -14924.696289
522     -14933.559570
523     -14942.376953
524     -14951.117188
525     -14959.799805
526     -14968.397461
527     -14976.926758
528     -14985.392578
529     -14993.773438
530     -15002.066406
531     -15010.296875
532     -15018.402344
533     -15026.446289
534     -15034.427734
535     -15042.322266
536     -15050.131836
537     -15057.867188
538     -15065.542969
539     -15073.137695
540     -15080.642578
541     -15088.076172
542     -15095.441406
543     -15102.730469
544     -15109.956055
545     -15117.117188
546     -15124.198242
547     -15131.187500
548     -15138.115234
549     -15144.999023
550     -15151.847656
551     -15158.640625
552     -15165.372070
553     -15172.071289
554     -15178.668945
555     -15185.193359
556     -15191.662109
557     -15198.039062
558     -15204.320312
559     -15210.522461
560     -15216.667969
561     -15222.746094
562     -15228.758789
563     -15234.683594
564     -15240.560547
565     -15246.388672
566     -15252.150391
567     -15257.871094
568     -15263.541992
569     -15269.138672
570     -15274.666992
571     -15280.125000
572     -15285.513672
573     -15290.841797
574     -15296.105469
575     -15301.345703
576     -15306.548828
577     -15311.685547
578     -15316.751953
579     -15321.783203
580     -15326.773438
581     -15331.708984
582     -15336.606445
583     -15341.410156
584     -15346.158203
585     -15350.859375
586     -15355.533203
587     -15360.159180
588     -15364.733398
589     -15369.257812
590     -15373.736328
591     -15378.175781
592     -15382.579102
593     -15386.945312
594     -15391.273438
595     -15395.566406
596     -15399.799805
597     -15404.000000
598     -15408.184570
599     -15412.353516
600     -15416.494141
601     -15420.585938
602     -15424.650391
603     -15428.689453
604     -15432.692383
605     -15436.643555
606     -15440.567383
607     -15444.435547
608     -15448.262695
609     -15452.065430
610     -15455.845703
611     -15459.565430
612     -15463.265625
613     -15466.903320
614     -15470.509766
615     -15474.092773
616     -15477.622070
617     -15481.112305
618     -15484.580078
619     -15487.990234
620     -15491.323242
621     -15494.585938
622     -15497.823242
623     -15501.007812
624     -15504.154297
625     -15507.275391
626     -15510.384766
627     -15513.481445
628     -15516.567383
629     -15519.609375
630     -15522.615234
631     -15525.595703
632     -15528.561523
633     -15531.498047
634     -15534.395508
635     -15537.271484
636     -15540.107422
637     -15542.912109
638     -15545.702148
639     -15548.467773
640     -15551.219727
641     -15553.949219
642     -15556.652344
643     -15559.322266
644     -15561.957031
645     -15564.570312
646     -15567.157227
647     -15569.697266
648     -15572.197266
649     -15574.685547
650     -15577.152344
651     -15579.585938
652     -15581.974609
653     -15584.341797
654     -15586.699219
655     -15589.041016
656     -15591.371094
657     -15593.671875
658     -15595.948242
659     -15598.205078
660     -15600.449219
661     -15602.657227
662     -15604.833008
663     -15606.991211
664     -15609.122070
665     -15611.229492
666     -15613.327148
667     -15615.399414
668     -15617.462891
669     -15619.503906
670     -15621.535156
671     -15623.557617
672     -15625.570312
673     -15627.546875
674     -15629.494141
675     -15631.419922
676     -15633.306641
677     -15635.162109
678     -15637.011719
679     -15638.849609
680     -15640.675781
681     -15642.494141
682     -15644.303711
683     -15646.102539
684     -15647.884766
685     -15649.656250
686     -15651.418945
687     -15653.172852
688     -15654.916016
689     -15656.628906
690     -15658.322266
691     -15659.995117
692     -15661.642578
693     -15663.279297
694     -15664.902344
695     -15666.500977
696     -15668.086914
697     -15669.654297
698     -15671.195312
699     -15672.731445
700     -15674.250977
701     -15675.751953
702     -15677.225586
703     -15678.687500
704     -15680.146484
705     -15681.590820
706     -15683.022461
707     -15684.439453
708     -15685.842773
709     -15687.242188
710     -15688.630859
711     -15690.005859
712     -15691.366211
713     -15692.708008
714     -15694.038086
715     -15695.358398
716     -15696.660156
717     -15697.947266
718     -15699.231445
719     -15700.513672
720     -15701.783203
721     -15703.031250
722     -15704.276367
723     -15705.515625
724     -15706.744141
725     -15707.950195
726     -15709.152344
727     -15710.352539
728     -15711.545898
729     -15712.735352
730     -15713.921875
731     -15715.086914
732     -15716.247070
733     -15717.401367
734     -15718.551758
735     -15719.696289
736     -15720.839844
737     -15721.977539
738     -15723.115234
739     -15724.249023
740     -15725.380859
741     -15726.509766
742     -15727.635742
743     -15728.748047
744     -15729.858398
745     -15730.965820
746     -15732.070312
747     -15733.172852
748     -15734.273438
749     -15735.371094
750     -15736.457031
751     -15737.540039
752     -15738.620117
753     -15739.698242
754     -15740.773438
755     -15741.818359
756     -15742.855469
757     -15743.887695
758     -15744.916016
759     -15745.939453
760     -15746.958984
761     -15747.973633
762     -15748.986328
763     -15749.994141
764     -15750.996094
765     -15751.990234
766     -15752.965820
767     -15753.939453
768     -15754.904297
769     -15755.858398
770     -15756.804688
771     -15757.747070
772     -15758.682617
773     -15759.617188
774     -15760.546875
775     -15761.460938
776     -15762.375000
777     -15763.287109
778     -15764.196289
779     -15765.101562
780     -15766.000000
781     -15766.896484
782     -15767.788086
783     -15768.675781
784     -15769.554688
785     -15770.428711
786     -15771.297852
787     -15772.166992
788     -15773.033203
789     -15773.897461
790     -15774.746094
791     -15775.589844
792     -15776.432617
793     -15777.270508
794     -15778.106445
795     -15778.939453
796     -15779.771484
797     -15780.600586
798     -15781.425781
799     -15782.244141
800     -15783.060547
801     -15783.875000
802     -15784.687500
803     -15785.494141
804     -15786.294922
805     -15787.093750
806     -15787.890625
807     -15788.683594
808     -15789.473633
809     -15790.254883
810     -15791.036133
811     -15791.810547
812     -15792.578125
813     -15793.341797
814     -15794.101562
815     -15794.859375
816     -15795.615234
817     -15796.369141
818     -15797.119141
819     -15797.864258
820     -15798.594727
821     -15799.322266
822     -15800.044922
823     -15800.765625
824     -15801.474609
825     -15802.181641
826     -15802.887695
827     -15803.595703
828     -15804.300781
829     -15805.003906
830     -15805.707031
831     -15806.404297
832     -15807.094727
833     -15807.777344
834     -15808.455078
835     -15809.134766
836     -15809.812500
837     -15810.486328
838     -15811.160156
839     -15811.833984
840     -15812.506836
841     -15813.170898
842     -15813.805664
843     -15814.435547
844     -15815.063477
845     -15815.673828
846     -15816.274414
847     -15816.874023
848     -15817.466797
849     -15818.058594
850     -15818.645508
851     -15819.230469
852     -15819.815430
853     -15820.398438
854     -15820.979492
855     -15821.555664
856     -15822.129883
857     -15822.696289
858     -15823.257812
859     -15823.818359
860     -15824.377930
861     -15824.935547
862     -15825.495117
863     -15826.049805
864     -15826.600586
865     -15827.148438
866     -15827.685547
867     -15828.221680
868     -15828.753906
869     -15829.287109
870     -15829.820312
871     -15830.351562
872     -15830.882812
873     -15831.414062
874     -15831.939453
875     -15832.460938
876     -15832.976562
877     -15833.489258
878     -15834.000000
879     -15834.506836
880     -15835.010742
881     -15835.504883
882     -15835.999023
883     -15836.492188
884     -15836.985352
885     -15837.476562
886     -15837.966797
887     -15838.458008
888     -15838.941406
889     -15839.413086
890     -15839.882812
891     -15840.349609
892     -15840.816406
893     -15841.281250
894     -15841.743164
895     -15842.201172
896     -15842.656250
897     -15843.110352
898     -15843.556641
899     -15844.001953
900     -15844.447266
901     -15844.890625
902     -15845.333984
903     -15845.775391
904     -15846.216797
905     -15846.657227
906     -15847.097656
907     -15847.537109
908     -15847.974609
909     -15848.406250
910     -15848.836914
911     -15849.265625
912     -15849.694336
913     -15850.123047
914     -15850.547852
915     -15850.970703
916     -15851.389648
917     -15851.804688
918     -15852.218750
919     -15852.632812
920     -15853.046875
921     -15853.459961
922     -15853.871094
923     -15854.283203
924     -15854.694336
925     -15855.104492
926     -15855.511719
927     -15855.917969
928     -15856.322266
929     -15856.727539
930     -15857.129883
931     -15857.531250
932     -15857.931641
933     -15858.332031
934     -15858.730469
935     -15859.129883
936     -15859.526367
937     -15859.916992
938     -15860.306641
939     -15860.696289
940     -15861.084961
941     -15861.472656
942     -15861.858398
943     -15862.246094
944     -15862.631836
945     -15863.017578
946     -15863.399414
947     -15863.780273
948     -15864.160156
949     -15864.540039
950     -15864.917969
951     -15865.296875
952     -15865.673828
953     -15866.049805
954     -15866.422852
955     -15866.794922
956     -15867.162109
957     -15867.529297
958     -15867.894531
959     -15868.260742
960     -15868.625000
961     -15868.986328
962     -15869.342773
963     -15869.697266
964     -15870.052734
965     -15870.404297
966     -15870.755859
967     -15871.104492
968     -15871.451172
969     -15871.799805
970     -15872.146484
971     -15872.492188
972     -15872.837891
973     -15873.182617
974     -15873.526367
975     -15873.867188
976     -15874.208984
977     -15874.548828
978     -15874.888672
979     -15875.226562
980     -15875.558594
981     -15875.884766
982     -15876.208984
983     -15876.534180
984     -15876.857422
985     -15877.179688
986     -15877.501953
987     -15877.822266
988     -15878.140625
989     -15878.459961
990     -15878.779297
991     -15879.097656
992     -15879.414062
993     -15879.731445
994     -15880.047852
995     -15880.364258
996     -15880.677734
997     -15880.989258
998     -15881.299805
999     -15881.610352
1000    -15881.917969
1001    -15882.224609
1002    -15882.528320
1003    -15882.832031
1004    -15883.135742
1005    -15883.438477
1006    -15883.741211
1007    -15884.042969
1008    -15884.343750
1009    -15884.645508
1010    -15884.945312
1011    -15885.245117
1012    -15885.543945
1013    -15885.838867
1014    -15886.132812
1015    -15886.425781
1016    -15886.719727
1017    -15887.010742
1018    -15887.301758
1019    -15887.591797
1020    -15887.879883
1021    -15888.167969
1022    -15888.453125
1023    -15888.740234
1024    -15889.024414
1025    -15889.308594
1026    -15889.593750
1027    -15889.876953
1028    -15890.159180
1029    -15890.441406
1030    -15890.722656
1031    -15891.003906
1032    -15891.284180
1033    -15891.564453
1034    -15891.839844
1035    -15892.114258
1036    -15892.388672
1037    -15892.662109
1038    -15892.935547
1039    -15893.207031
1040    -15893.477539
1041    -15893.746094
1042    -15894.017578
1043    -15894.287109
1044    -15894.554688
1045    -15894.822266
1046    -15895.089844
1047    -15895.357422
1048    -15895.617188
1049    -15895.877930
1050    -15896.136719
1051    -15896.396484
1052    -15896.653320
1053    -15896.911133
1054    -15897.167969
1055    -15897.424805
1056    -15897.680664
1057    -15897.935547
1058    -15898.190430
1059    -15898.439453
1060    -15898.689453
1061    -15898.936523
1062    -15899.182617
1063    -15899.428711
1064    -15899.674805
1065    -15899.918945
1066    -15900.162109
1067    -15900.403320
1068    -15900.631836
1069    -15900.860352
1070    -15901.086914
1071    -15901.308594
1072    -15901.530273
1073    -15901.750977
1074    -15901.970703
1075    -15902.190430
1076    -15902.409180
1077    -15902.628906
1078    -15902.845703
1079    -15903.064453
1080    -15903.283203
1081    -15903.500000
1082    -15903.716797
1083    -15903.933594
1084    -15904.149414
1085    -15904.365234
1086    -15904.579102
1087    -15904.792969
1088    -15905.006836
1089    -15905.220703
1090    -15905.434570
1091    -15905.647461
1092    -15905.860352
1093    -15906.072266
1094    -15906.284180
1095    -15906.494141
1096    -15906.705078
1097    -15906.916992
1098    -15907.125000
1099    -15907.335938
1100    -15907.544922
1101    -15907.753906
1102    -15907.962891
1103    -15908.169922
1104    -15908.377930
1105    -15908.583984
1106    -15908.791992
1107    -15908.998047
1108    -15909.204102
1109    -15909.408203
1110    -15909.613281
1111    -15909.817383
1112    -15910.019531
1113    -15910.218750
1114    -15910.417969
1115    -15910.618164
1116    -15910.817383
1117    -15911.015625
1118    -15911.214844
1119    -15911.413086
1120    -15911.609375
1121    -15911.801758
1122    -15911.996094
1123    -15912.189453
1124    -15912.380859
1125    -15912.574219
1126    -15912.764648
1127    -15912.957031
1128    -15913.148438
1129    -15913.338867
1130    -15913.528320
1131    -15913.718750
1132    -15913.908203
1133    -15914.097656
1134    -15914.287109
1135    -15914.476562
1136    -15914.664062
1137    -15914.852539
1138    -15915.031250
1139    -15915.211914
1140    -15915.390625
1141    -15915.569336
1142    -15915.748047
1143    -15915.927734
1144    -15916.105469
1145    -15916.282227
1146    -15916.460938
1147    -15916.636719
1148    -15916.814453
1149    -15916.989258
1150    -15917.164062
1151    -15917.337891
1152    -15917.512695
1153    -15917.686523
1154    -15917.861328
1155    -15918.035156
1156    -15918.207031
1157    -15918.378906
1158    -15918.550781
1159    -15918.720703
1160    -15918.891602
1161    -15919.062500
1162    -15919.233398
1163    -15919.401367
1164    -15919.572266
1165    -15919.742188
1166    -15919.910156
1167    -15920.080078
1168    -15920.249023
1169    -15920.417969
1170    -15920.585938
1171    -15920.754883
1172    -15920.922852
1173    -15921.091797
1174    -15921.257812
1175    -15921.426758
1176    -15921.593750
1177    -15921.759766
1178    -15921.925781
1179    -15922.093750
1180    -15922.261719
1181    -15922.427734
1182    -15922.593750
1183    -15922.758789
1184    -15922.925781
1185    -15923.091797
1186    -15923.255859
1187    -15923.420898
1188    -15923.583984
1189    -15923.748047
1190    -15923.910156
1191    -15924.073242
1192    -15924.235352
1193    -15924.398438
1194    -15924.559570
1195    -15924.722656
1196    -15924.882812
1197    -15925.046875
1198    -15925.208008
1199    -15925.369141
1200    -15925.531250
1201    -15925.691406
1202    -15925.853516
1203    -15926.013672
1204    -15926.173828
1205    -15926.335938
1206    -15926.496094
1207    -15926.654297
1208    -15926.812500
1209    -15926.970703
1210    -15927.128906
1211    -15927.287109
1212    -15927.444336
1213    -15927.601562
1214    -15927.759766
1215    -15927.916016
1216    -15928.073242
1217    -15928.229492
1218    -15928.385742
1219    -15928.542969
1220    -15928.698242
1221    -15928.853516
1222    -15929.010742
1223    -15929.166016
1224    -15929.322266
1225    -15929.477539
1226    -15929.632812
1227    -15929.784180
1228    -15929.935547
1229    -15930.085938
1230    -15930.237305
1231    -15930.386719
1232    -15930.537109
1233    -15930.687500
1234    -15930.837891
1235    -15930.988281
1236    -15931.138672
1237    -15931.289062
1238    -15931.437500
1239    -15931.583984
1240    -15931.730469
1241    -15931.876953
1242    -15932.023438
1243    -15932.168945
1244    -15932.316406
1245    -15932.462891
1246    -15932.607422
1247    -15932.753906
1248    -15932.900391
1249    -15933.046875
1250    -15933.192383
1251    -15933.338867
1252    -15933.483398
1253    -15933.628906
1254    -15933.774414
1255    -15933.919922
1256    -15934.065430
1257    -15934.209961
1258    -15934.355469
1259    -15934.500977
1260    -15934.646484
1261    -15934.791016
1262    -15934.937500
1263    -15935.080078
1264    -15935.226562
1265    -15935.370117
1266    -15935.513672
1267    -15935.655273
1268    -15935.796875
1269    -15935.935547
1270    -15936.076172
1271    -15936.214844
1272    -15936.354492
1273    -15936.494141
