Step            Loss
--------------------
1        -628.763245
2        -657.015991
3        -685.278931
4        -713.552917
5        -741.838379
6        -770.135498
7        -798.445007
8        -826.767456
9        -855.103271
10       -883.453491
11       -911.818970
12       -940.200562
13       -968.598755
14       -997.015076
15      -1025.450317
16      -1053.905396
17      -1082.381592
18      -1110.879883
19      -1139.401367
20      -1167.947388
21      -1196.518799
22      -1225.117188
23      -1253.743408
24      -1282.398560
25      -1311.084229
26      -1339.801514
27      -1368.551758
28      -1397.336426
29      -1426.156616
30      -1455.013672
31      -1483.909180
32      -1512.844238
33      -1541.820435
34      -1570.838623
35      -1599.901001
36      -1629.008301
37      -1658.161987
38      -1687.363159
39      -1716.613037
40      -1745.912964
41      -1775.263916
42      -1804.667236
43      -1834.123779
44      -1863.635376
45      -1893.202148
46      -1922.825439
47      -1952.506592
48      -1982.245850
49      -2012.045166
50      -2041.904541
51      -2071.825439
52      -2101.808594
53      -2131.854736
54      -2161.964844
55      -2192.139648
56      -2222.379883
57      -2252.686279
58      -2283.059570
59      -2313.500488
60      -2344.010010
61      -2374.587891
62      -2405.235596
63      -2435.953613
64      -2466.741943
65      -2497.601807
66      -2528.533203
67      -2559.536865
68      -2590.613281
69      -2621.762939
70      -2652.985840
71      -2684.282715
72      -2715.654053
73      -2747.100098
74      -2778.620850
75      -2810.217041
76      -2841.888672
77      -2873.636230
78      -2905.459961
79      -2937.359863
80      -2969.336182
81      -3001.388672
82      -3033.518555
83      -3065.724854
84      -3098.008057
85      -3130.368408
86      -3162.805664
87      -3195.319824
88      -3227.911377
89      -3260.580078
90      -3293.325684
91      -3326.147949
92      -3359.047119
93      -3392.022949
94      -3425.075195
95      -3458.204102
96      -3491.409668
97      -3524.690430
98      -3558.047363
99      -3591.480225
100     -3624.988037
101     -3658.570801
102     -3692.228516
103     -3725.960449
104     -3759.766113
105     -3793.645996
106     -3827.599121
107     -3861.624756
108     -3895.722656
109     -3929.893311
110     -3964.134766
111     -3998.447754
112     -4032.831055
113     -4067.284668
114     -4101.807617
115     -4136.398926
116     -4171.059570
117     -4205.787109
118     -4240.582031
119     -4275.443359
120     -4310.371094
121     -4345.364258
122     -4380.420898
123     -4415.541504
124     -4450.725586
125     -4485.971680
126     -4521.279785
127     -4556.648438
128     -4592.077148
129     -4627.565430
130     -4663.111328
131     -4698.715820
132     -4734.376953
133     -4770.093262
134     -4805.865234
135     -4841.691406
136     -4877.570312
137     -4913.501953
138     -4949.484375
139     -4985.517578
140     -5021.601074
141     -5057.732422
142     -5093.911133
143     -5130.136719
144     -5166.408203
145     -5202.723633
146     -5239.083984
147     -5275.485352
148     -5311.928711
149     -5348.412109
150     -5384.936035
151     -5421.497070
152     -5458.096191
153     -5494.730957
154     -5531.401367
155     -5568.105469
156     -5604.842285
157     -5641.611328
158     -5678.410156
159     -5715.239258
160     -5752.096680
161     -5788.981445
162     -5825.891602
163     -5862.828125
164     -5899.787109
165     -5936.769531
166     -5973.773926
167     -6010.797852
168     -6047.841797
169     -6084.903320
170     -6121.981934
171     -6159.076172
172     -6196.185059
173     -6233.307129
174     -6270.441406
175     -6307.586914
176     -6344.742676
177     -6381.906250
178     -6419.078125
179     -6456.255859
180     -6493.439453
181     -6530.626953
182     -6567.816406
183     -6605.008789
184     -6642.200195
185     -6679.392578
186     -6716.573730
187     -6753.744629
188     -6790.912109
189     -6828.073242
190     -6865.228516
191     -6902.375977
192     -6939.515137
193     -6976.643555
194     -7013.761230
195     -7050.866699
196     -7087.958984
197     -7125.036621
198     -7162.098633
199     -7199.132812
200     -7236.147461
201     -7273.128906
202     -7310.086914
203     -7347.023926
204     -7383.938965
205     -7420.831055
206     -7457.697754
207     -7494.539551
208     -7531.354492
209     -7568.141602
210     -7604.900391
211     -7641.630371
212     -7678.317383
213     -7714.968262
214     -7751.587402
215     -7788.171875
216     -7824.720215
217     -7861.211914
218     -7897.666992
219     -7934.083984
220     -7970.462891
221     -8006.802246
222     -8043.100098
223     -8079.352539
224     -8115.553223
225     -8151.710449
226     -8187.821777
227     -8223.888672
228     -8259.908203
229     -8295.864258
230     -8331.771484
231     -8367.629883
232     -8403.437500
233     -8439.195312
234     -8474.888672
235     -8510.521484
236     -8546.101562
237     -8581.626953
238     -8617.097656
239     -8652.511719
240     -8687.868164
241     -8723.166016
242     -8758.405273
243     -8793.584961
244     -8828.705078
245     -8863.765625
246     -8898.763672
247     -8933.699219
248     -8968.573242
249     -9003.382812
250     -9038.128906
251     -9072.809570
252     -9107.424805
253     -9141.974609
254     -9176.456055
255     -9210.871094
256     -9245.216797
257     -9279.494141
258     -9313.702148
259     -9347.840820
260     -9381.908203
261     -9415.903320
262     -9449.828125
263     -9483.665039
264     -9517.407227
265     -9551.076172
266     -9584.670898
267     -9618.191406
268     -9651.635742
269     -9685.001953
270     -9718.255859
271     -9751.429688
272     -9784.527344
273     -9817.546875
274     -9850.489258
275     -9883.351562
276     -9916.121094
277     -9948.802734
278     -9981.407227
279     -10013.929688
280     -10046.355469
281     -10078.698242
282     -10110.958984
283     -10143.136719
284     -10175.219727
285     -10207.218750
286     -10239.136719
287     -10270.969727
288     -10302.714844
289     -10334.376953
290     -10365.945312
291     -10397.421875
292     -10428.807617
293     -10460.094727
294     -10491.289062
295     -10522.400391
296     -10553.420898
297     -10584.341797
298     -10615.167969
299     -10645.909180
300     -10676.548828
301     -10707.086914
302     -10737.539062
303     -10767.901367
304     -10798.169922
305     -10828.330078
306     -10858.400391
307     -10888.335938
308     -10918.180664
309     -10947.939453
310     -10977.594727
311     -11007.148438
312     -11036.611328
313     -11065.976562
314     -11095.238281
315     -11124.388672
316     -11153.440430
317     -11182.402344
318     -11211.276367
319     -11240.061523
320     -11268.754883
321     -11297.301758
322     -11325.730469
323     -11354.054688
324     -11382.283203
325     -11410.419922
326     -11438.448242
327     -11466.376953
328     -11494.202148
329     -11521.936523
330     -11549.576172
331     -11577.103516
332     -11604.535156
333     -11631.867188
334     -11659.085938
335     -11686.201172
336     -11713.188477
337     -11740.057617
338     -11766.811523
339     -11793.439453
340     -11819.967773
341     -11846.400391
342     -11872.734375
343     -11898.923828
344     -11925.019531
345     -11951.016602
346     -11976.921875
347     -12002.738281
348     -12028.466797
349     -12054.104492
350     -12079.654297
351     -12105.080078
352     -12130.407227
353     -12155.606445
354     -12180.666992
355     -12205.603516
356     -12230.410156
357     -12255.089844
358     -12279.660156
359     -12304.133789
360     -12328.496094
361     -12352.730469
362     -12376.833008
363     -12400.834961
364     -12424.723633
365     -12448.517578
366     -12472.195312
367     -12495.759766
368     -12519.149414
369     -12542.384766
370     -12565.485352
371     -12588.443359
372     -12611.319336
373     -12634.082031
374     -12656.719727
375     -12679.218750
376     -12701.588867
377     -12723.843750
378     -12746.000000
379     -12768.045898
380     -12789.960938
381     -12811.789062
382     -12833.529297
383     -12855.126953
384     -12876.558594
385     -12897.896484
386     -12919.133789
387     -12940.258789
388     -12961.260742
389     -12982.166016
390     -13002.926758
391     -13023.554688
392     -13044.095703
393     -13064.476562
394     -13084.746094
395     -13104.904297
396     -13124.899414
397     -13144.774414
398     -13164.529297
399     -13184.171875
400     -13203.732422
401     -13223.210938
402     -13242.588867
403     -13261.846680
404     -13280.977539
405     -13300.013672
406     -13318.960938
407     -13337.824219
408     -13356.570312
409     -13375.197266
410     -13393.728516
411     -13412.154297
412     -13430.489258
413     -13448.705078
414     -13466.786133
415     -13484.753906
416     -13502.654297
417     -13520.468750
418     -13538.166016
419     -13555.778320
420     -13573.319336
421     -13590.768555
422     -13608.126953
423     -13625.390625
424     -13642.562500
425     -13659.636719
426     -13676.583008
427     -13693.427734
428     -13710.178711
429     -13726.835938
430     -13743.389648
431     -13759.860352
432     -13776.250000
433     -13792.536133
434     -13808.712891
435     -13824.816406
436     -13840.834961
437     -13856.783203
438     -13872.626953
439     -13888.369141
440     -13904.029297
441     -13919.593750
442     -13935.054688
443     -13950.431641
444     -13965.677734
445     -13980.771484
446     -13995.759766
447     -14010.653320
448     -14025.453125
449     -14040.194336
450     -14054.810547
451     -14069.340820
452     -14083.804688
453     -14098.205078
454     -14112.529297
455     -14126.763672
456     -14140.931641
457     -14155.021484
458     -14169.011719
459     -14182.945312
460     -14196.810547
461     -14210.568359
462     -14224.203125
463     -14237.700195
464     -14251.077148
465     -14264.371094
466     -14277.570312
467     -14290.712891
468     -14303.719727
469     -14316.605469
470     -14329.366211
471     -14342.021484
472     -14354.558594
473     -14367.013672
474     -14379.412109
475     -14391.728516
476     -14403.932617
477     -14416.009766
478     -14427.975586
479     -14439.865234
480     -14451.689453
481     -14463.410156
482     -14475.050781
483     -14486.552734
484     -14497.990234
485     -14509.351562
486     -14520.607422
487     -14531.799805
488     -14542.923828
489     -14553.968750
490     -14564.957031
491     -14575.885742
492     -14586.736328
493     -14597.415039
494     -14607.968750
495     -14618.441406
496     -14628.865234
497     -14639.224609
498     -14649.525391
499     -14659.647461
500     -14669.675781
501     -14679.644531
502     -14689.522461
503     -14699.356445
504     -14709.125000
505     -14718.837891
506     -14728.462891
507     -14738.002930
508     -14747.475586
509     -14756.894531
510     -14766.243164
511     -14775.489258
512     -14784.658203
513     -14793.759766
514     -14802.789062
515     -14811.785156
516     -14820.726562
517     -14829.600586
518     -14838.410156
519     -14847.181641
520     -14855.881836
521     -14864.496094
522     -14873.047852
523     -14881.517578
524     -14889.913086
525     -14898.268555
526     -14906.559570
527     -14914.745117
528     -14922.839844
529     -14930.875000
530     -14938.791016
531     -14946.625000
532     -14954.395508
533     -14962.116211
534     -14969.707031
535     -14977.173828
536     -14984.535156
537     -14991.854492
538     -14999.109375
539     -15006.324219
540     -15013.488281
541     -15020.606445
542     -15027.688477
543     -15034.732422
544     -15041.693359
545     -15048.602539
546     -15055.457031
547     -15062.261719
548     -15069.019531
549     -15075.683594
550     -15082.260742
551     -15088.787109
552     -15095.251953
553     -15101.669922
554     -15108.001953
555     -15114.261719
556     -15120.416016
557     -15126.484375
558     -15132.517578
559     -15138.515625
560     -15144.441406
561     -15150.334961
562     -15156.203125
563     -15162.026367
564     -15167.802734
565     -15173.507812
566     -15179.161133
567     -15184.761719
568     -15190.274414
569     -15195.733398
570     -15201.144531
571     -15206.513672
572     -15211.843750
573     -15217.121094
574     -15222.367188
575     -15227.558594
576     -15232.693359
577     -15237.761719
578     -15242.787109
579     -15247.794922
580     -15252.755859
581     -15257.658203
582     -15262.523438
583     -15267.354492
584     -15272.150391
585     -15276.895508
586     -15281.604492
587     -15286.236328
588     -15290.825195
589     -15295.398438
590     -15299.920898
591     -15304.403320
592     -15308.843750
593     -15313.261719
594     -15317.640625
595     -15321.965820
596     -15326.227539
597     -15330.445312
598     -15334.606445
599     -15338.704102
600     -15342.751953
601     -15346.767578
602     -15350.738281
603     -15354.648438
604     -15358.521484
605     -15362.356445
606     -15366.154297
607     -15369.927734
608     -15373.660156
609     -15377.333984
610     -15380.991211
611     -15384.618164
612     -15388.219727
613     -15391.812500
614     -15395.387695
615     -15398.929688
616     -15402.458984
617     -15405.974609
618     -15409.463867
619     -15412.921875
620     -15416.329102
621     -15419.715820
622     -15423.088867
623     -15426.422852
624     -15429.746094
625     -15433.028320
626     -15436.292969
627     -15439.530273
628     -15442.732422
629     -15445.845703
630     -15448.929688
631     -15452.000000
632     -15455.050781
633     -15458.096680
634     -15461.130859
635     -15464.146484
636     -15467.141602
637     -15470.103516
638     -15473.041016
639     -15475.946289
640     -15478.819336
641     -15481.674805
642     -15484.519531
643     -15487.342773
644     -15490.150391
645     -15492.935547
646     -15495.692383
647     -15498.401367
648     -15501.094727
649     -15503.778320
650     -15506.455078
651     -15509.121094
652     -15511.766602
653     -15514.396484
654     -15517.000977
655     -15519.574219
656     -15522.140625
657     -15524.695312
658     -15527.228516
659     -15529.755859
660     -15532.262695
661     -15534.738281
662     -15537.180664
663     -15539.599609
664     -15542.005859
665     -15544.363281
666     -15546.697266
667     -15549.003906
668     -15551.286133
669     -15553.546875
670     -15555.791016
671     -15558.023438
672     -15560.241211
673     -15562.455078
674     -15564.655273
675     -15566.820312
676     -15568.951172
677     -15571.070312
678     -15573.179688
679     -15575.276367
680     -15577.353516
681     -15579.406250
682     -15581.451172
683     -15583.492188
684     -15585.509766
685     -15587.510742
686     -15589.505859
687     -15591.494141
688     -15593.441406
689     -15595.369141
690     -15597.285156
691     -15599.190430
692     -15601.086914
693     -15602.964844
694     -15604.830078
695     -15606.692383
696     -15608.550781
697     -15610.401367
698     -15612.244141
699     -15614.080078
700     -15615.915039
701     -15617.737305
702     -15619.545898
703     -15621.333984
704     -15623.110352
705     -15624.871094
706     -15626.625000
707     -15628.362305
708     -15630.097656
709     -15631.812500
710     -15633.512695
711     -15635.210938
712     -15636.904297
713     -15638.593750
714     -15640.279297
715     -15641.958984
716     -15643.634766
717     -15645.295898
718     -15646.952148
719     -15648.574219
720     -15650.193359
721     -15651.802734
722     -15653.406250
723     -15655.004883
724     -15656.592773
725     -15658.160156
726     -15659.718750
727     -15661.252930
728     -15662.766602
729     -15664.267578
730     -15665.763672
731     -15667.241211
732     -15668.706055
733     -15670.166016
734     -15671.625000
735     -15673.082031
736     -15674.533203
737     -15675.980469
738     -15677.412109
739     -15678.820312
740     -15680.228516
741     -15681.625977
742     -15683.001953
743     -15684.378906
744     -15685.750977
745     -15687.125977
746     -15688.489258
747     -15689.845703
748     -15691.196289
749     -15692.541016
750     -15693.882812
751     -15695.224609
752     -15696.563477
753     -15697.892578
754     -15699.220703
755     -15700.546875
756     -15701.870117
757     -15703.186523
758     -15704.488281
759     -15705.785156
760     -15707.080078
761     -15708.373047
762     -15709.651367
763     -15710.930664
764     -15712.206055
765     -15713.470703
766     -15714.729492
767     -15715.976562
768     -15717.219727
769     -15718.460938
770     -15719.694336
771     -15720.921875
772     -15722.147461
773     -15723.366211
774     -15724.577148
775     -15725.782227
776     -15726.984375
777     -15728.183594
778     -15729.375000
779     -15730.564453
780     -15731.751953
781     -15732.938477
782     -15734.119141
783     -15735.291992
784     -15736.459961
785     -15737.621094
786     -15738.780273
787     -15739.935547
788     -15741.087891
789     -15742.237305
790     -15743.382812
791     -15744.523438
792     -15745.655273
793     -15746.784180
794     -15747.911133
795     -15749.037109
796     -15750.160156
797     -15751.281250
798     -15752.396484
799     -15753.488281
800     -15754.571289
801     -15755.648438
802     -15756.722656
803     -15757.784180
804     -15758.843750
805     -15759.900391
806     -15760.952148
807     -15762.001953
808     -15763.049805
809     -15764.096680
810     -15765.139648
811     -15766.178711
812     -15767.216797
813     -15768.252930
814     -15769.288086
815     -15770.322266
816     -15771.351562
817     -15772.379883
818     -15773.405273
819     -15774.427734
820     -15775.447266
821     -15776.466797
822     -15777.484375
823     -15778.492188
824     -15779.491211
825     -15780.483398
826     -15781.473633
827     -15782.460938
828     -15783.447266
829     -15784.432617
830     -15785.416016
831     -15786.397461
832     -15787.376953
833     -15788.355469
834     -15789.331055
835     -15790.305664
836     -15791.278320
837     -15792.248047
838     -15793.214844
839     -15794.177734
840     -15795.141602
841     -15796.101562
842     -15797.056641
843     -15798.006836
844     -15798.956055
845     -15799.894531
846     -15800.827148
847     -15801.759766
848     -15802.685547
849     -15803.607422
850     -15804.522461
851     -15805.428711
852     -15806.333984
853     -15807.235352
854     -15808.134766
855     -15809.032227
856     -15809.926758
857     -15810.814453
858     -15811.703125
859     -15812.586914
860     -15813.468750
861     -15814.349609
862     -15815.222656
863     -15816.094727
864     -15816.964844
865     -15817.830078
866     -15818.695312
867     -15819.553711
868     -15820.404297
869     -15821.250977
870     -15822.092773
871     -15822.929688
872     -15823.753906
873     -15824.574219
874     -15825.386719
875     -15826.191406
876     -15826.994141
877     -15827.794922
878     -15828.593750
879     -15829.390625
880     -15830.182617
881     -15830.975586
882     -15831.761719
883     -15832.527344
884     -15833.291016
885     -15834.053711
886     -15834.808594
887     -15835.561523
888     -15836.312500
889     -15837.059570
890     -15837.805664
891     -15838.548828
892     -15839.291016
893     -15840.028320
894     -15840.765625
895     -15841.499023
896     -15842.230469
897     -15842.960938
898     -15843.687500
899     -15844.402344
900     -15845.113281
901     -15845.812500
902     -15846.500000
903     -15847.183594
904     -15847.865234
905     -15848.539062
906     -15849.209961
907     -15849.877930
908     -15850.541016
909     -15851.203125
910     -15851.859375
911     -15852.509766
912     -15853.158203
913     -15853.794922
914     -15854.427734
915     -15855.057617
916     -15855.685547
917     -15856.312500
918     -15856.937500
919     -15857.558594
920     -15858.176758
921     -15858.788086
922     -15859.397461
923     -15860.004883
924     -15860.606445
925     -15861.204102
926     -15861.798828
927     -15862.391602
928     -15862.982422
929     -15863.572266
930     -15864.156250
931     -15864.735352
932     -15865.312500
933     -15865.888672
934     -15866.462891
935     -15867.034180
936     -15867.603516
937     -15868.169922
938     -15868.732422
939     -15869.291016
940     -15869.843750
941     -15870.396484
942     -15870.947266
943     -15871.495117
944     -15872.041992
945     -15872.585938
946     -15873.129883
947     -15873.669922
948     -15874.200195
949     -15874.725586
950     -15875.249023
951     -15875.771484
952     -15876.290039
953     -15876.805664
954     -15877.319336
955     -15877.832031
956     -15878.340820
957     -15878.848633
958     -15879.353516
959     -15879.858398
960     -15880.359375
961     -15880.858398
962     -15881.351562
963     -15881.843750
964     -15882.333984
965     -15882.822266
966     -15883.310547
967     -15883.793945
968     -15884.276367
969     -15884.756836
970     -15885.236328
971     -15885.712891
972     -15886.189453
973     -15886.662109
974     -15887.133789
975     -15887.600586
976     -15888.067383
977     -15888.532227
978     -15888.995117
979     -15889.455078
980     -15889.912109
981     -15890.365234
982     -15890.818359
983     -15891.269531
984     -15891.718750
985     -15892.166016
986     -15892.613281
987     -15893.057617
988     -15893.501953
989     -15893.944336
990     -15894.384766
991     -15894.824219
992     -15895.261719
993     -15895.699219
994     -15896.133789
995     -15896.566406
996     -15896.996094
997     -15897.418945
998     -15897.831055
999     -15898.236328
1000    -15898.634766
1001    -15899.029297
1002    -15899.420898
1003    -15899.812500
1004    -15900.200195
1005    -15900.591797
1006    -15900.978516
1007    -15901.363281
1008    -15901.750000
1009    -15902.132812
1010    -15902.514648
1011    -15902.896484
1012    -15903.275391
1013    -15903.655273
1014    -15904.031250
1015    -15904.397461
1016    -15904.761719
1017    -15905.125977
1018    -15905.483398
1019    -15905.838867
1020    -15906.191406
1021    -15906.542969
1022    -15906.892578
1023    -15907.242188
1024    -15907.589844
1025    -15907.937500
1026    -15908.282227
1027    -15908.626953
1028    -15908.970703
1029    -15909.313477
1030    -15909.654297
1031    -15909.994141
1032    -15910.333984
1033    -15910.671875
1034    -15911.008789
1035    -15911.345703
1036    -15911.679688
1037    -15912.013672
1038    -15912.345703
1039    -15912.675781
1040    -15913.003906
1041    -15913.331055
1042    -15913.656250
1043    -15913.980469
1044    -15914.300781
1045    -15914.619141
1046    -15914.935547
1047    -15915.251953
1048    -15915.566406
1049    -15915.869141
1050    -15916.166992
1051    -15916.464844
1052    -15916.759766
1053    -15917.051758
1054    -15917.341797
1055    -15917.632812
1056    -15917.921875
1057    -15918.207031
1058    -15918.490234
1059    -15918.770508
1060    -15919.049805
1061    -15919.328125
1062    -15919.607422
1063    -15919.883789
1064    -15920.160156
1065    -15920.432617
1066    -15920.700195
1067    -15920.966797
1068    -15921.230469
1069    -15921.494141
1070    -15921.753906
1071    -15922.013672
1072    -15922.271484
1073    -15922.529297
1074    -15922.786133
1075    -15923.042969
1076    -15923.296875
1077    -15923.551758
1078    -15923.802734
1079    -15924.045898
1080    -15924.288086
1081    -15924.528320
1082    -15924.770508
1083    -15925.009766
1084    -15925.249023
1085    -15925.487305
1086    -15925.725586
1087    -15925.962891
1088    -15926.198242
1089    -15926.433594
1090    -15926.667969
1091    -15926.902344
1092    -15927.134766
1093    -15927.367188
1094    -15927.599609
1095    -15927.829102
1096    -15928.058594
1097    -15928.289062
1098    -15928.517578
1099    -15928.745117
1100    -15928.972656
1101    -15929.199219
1102    -15929.422852
1103    -15929.646484
1104    -15929.870117
1105    -15930.090820
1106    -15930.312500
1107    -15930.534180
1108    -15930.752930
1109    -15930.970703
1110    -15931.189453
1111    -15931.406250
1112    -15931.622070
1113    -15931.836914
1114    -15932.052734
1115    -15932.264648
1116    -15932.476562
1117    -15932.686523
1118    -15932.896484
1119    -15933.104492
1120    -15933.306641
1121    -15933.508789
1122    -15933.708984
1123    -15933.908203
1124    -15934.108398
1125    -15934.308594
1126    -15934.504883
1127    -15934.702148
1128    -15934.898438
1129    -15935.092773
1130    -15935.288086
1131    -15935.481445
1132    -15935.674805
1133    -15935.869141
1134    -15936.060547
1135    -15936.251953
1136    -15936.443359
1137    -15936.633789
1138    -15936.824219
1139    -15937.013672
1140    -15937.203125
1141    -15937.390625
1142    -15937.579102
1143    -15937.765625
1144    -15937.953125
1145    -15938.136719
1146    -15938.318359
1147    -15938.501953
1148    -15938.683594
1149    -15938.865234
1150    -15939.045898
1151    -15939.226562
1152    -15939.406250
1153    -15939.585938
1154    -15939.761719
1155    -15939.939453
1156    -15940.114258
1157    -15940.289062
1158    -15940.462891
1159    -15940.636719
1160    -15940.809570
1161    -15940.976562
1162    -15941.142578
1163    -15941.307617
1164    -15941.472656
1165    -15941.636719
1166    -15941.800781
1167    -15941.963867
1168    -15942.122070
1169    -15942.276367
1170    -15942.429688
1171    -15942.583008
1172    -15942.735352
1173    -15942.887695
1174    -15943.039062
1175    -15943.190430
1176    -15943.340820
1177    -15943.492188
1178    -15943.642578
1179    -15943.792969
1180    -15943.939453
1181    -15944.089844
1182    -15944.238281
1183    -15944.387695
1184    -15944.535156
1185    -15944.680664
1186    -15944.824219
1187    -15944.967773
1188    -15945.111328
1189    -15945.253906
1190    -15945.396484
1191    -15945.540039
1192    -15945.681641
1193    -15945.822266
1194    -15945.963867
1195    -15946.105469
1196    -15946.245117
1197    -15946.385742
1198    -15946.523438
1199    -15946.658203
1200    -15946.791992
1201    -15946.924805
1202    -15947.057617
1203    -15947.190430
1204    -15947.322266
1205    -15947.455078
1206    -15947.586914
1207    -15947.717773
1208    -15947.847656
1209    -15947.974609
1210    -15948.101562
1211    -15948.227539
1212    -15948.353516
1213    -15948.479492
1214    -15948.605469
1215    -15948.730469
1216    -15948.851562
1217    -15948.974609
1218    -15949.097656
1219    -15949.216797
1220    -15949.338867
1221    -15949.458984
1222    -15949.580078
1223    -15949.701172
1224    -15949.822266
1225    -15949.941406
1226    -15950.060547
1227    -15950.181641
1228    -15950.300781
1229    -15950.420898
1230    -15950.533203
1231    -15950.647461
1232    -15950.761719
1233    -15950.875000
1234    -15950.988281
1235    -15951.101562
1236    -15951.214844
1237    -15951.329102
1238    -15951.441406
1239    -15951.553711
1240    -15951.666016
