Step            Loss
--------------------
1       -3538.995117
2       -6993.300781
3       -10448.929688
4       -13908.475586
5       -17362.642578
6       -20825.724609
7       -24280.574219
8       -27741.132812
9       -31200.121094
10      -34658.632812
11      -38113.921875
12      -41578.375000
13      -45032.773438
14      -48496.281250
15      -51956.136719
16      -55420.507812
17      -58883.179688
18      -62348.449219
19      -65811.468750
20      -69277.546875
21      -72746.460938
22      -76215.187500
23      -79686.515625
24      -83160.937500
25      -86636.046875
26      -90113.695312
27      -93591.000000
28      -97074.062500
29      -100561.484375
30      -104046.250000
31      -107538.289062
32      -111031.203125
33      -114527.000000
34      -118024.390625
35      -121526.796875
36      -125035.093750
37      -128546.523438
38      -132058.437500
39      -135574.781250
40      -139096.812500
41      -142625.687500
42      -146152.671875
43      -149687.625000
44      -153226.312500
45      -156772.937500
46      -160320.437500
47      -163872.593750
48      -167426.906250
49      -170997.125000
50      -174562.062500
51      -178137.125000
52      -181714.312500
53      -185299.687500
54      -188892.828125
55      -192487.750000
56      -196092.187500
57      -199698.093750
58      -203313.953125
59      -206929.546875
60      -210559.750000
61      -214192.765625
62      -217825.281250
63      -221476.187500
64      -225126.140625
65      -228783.078125
66      -232451.687500
67      -236119.531250
68      -239801.968750
69      -243490.453125
70      -247181.375000
71      -250875.984375
72      -254585.250000
73      -258295.796875
74      -262018.421875
75      -265744.250000
76      -269482.375000
77      -273222.375000
78      -276970.500000
79      -280730.062500
80      -284488.000000
81      -288263.750000
82      -292041.875000
83      -295831.781250
84      -299621.312500
85      -303425.250000
86      -307234.500000
87      -311049.718750
88      -314875.937500
89      -318707.125000
90      -322544.562500
91      -326390.375000
92      -330244.687500
93      -334106.062500
94      -337981.125000
95      -341856.937500
96      -345741.312500
97      -349633.062500
98      -353534.093750
99      -357442.812500
100     -361354.687500
101     -365276.625000
102     -369208.250000
103     -373146.250000
104     -377093.812500
105     -381044.687500
106     -385008.406250
107     -388972.562500
108     -392947.500000
109     -396932.093750
110     -400918.000000
111     -404919.906250
112     -408923.468750
113     -412934.687500
114     -416956.437500
115     -420977.593750
116     -425011.437500
117     -429056.218750
118     -433102.500000
119     -437160.218750
120     -441214.750000
121     -445282.843750
122     -449356.687500
123     -453440.468750
124     -457523.500000
125     -461620.437500
126     -465725.500000
127     -469827.406250
128     -473942.750000
129     -478060.437500
130     -482190.906250
131     -486322.312500
132     -490465.125000
133     -494605.625000
134     -498760.187500
135     -502917.031250
136     -507069.250000
137     -511244.031250
138     -515419.656250
139     -519597.656250
140     -523779.156250
141     -527967.000000
142     -532161.500000
143     -536360.750000
144     -540569.250000
145     -544781.375000
146     -548992.312500
147     -553212.187500
148     -557437.187500
149     -561669.500000
150     -565898.625000
151     -570137.687500
152     -574377.500000
153     -578626.312500
154     -582877.375000
155     -587131.062500
156     -591389.375000
157     -595647.625000
158     -599912.687500
159     -604181.375000
160     -608450.312500
161     -612727.750000
162     -617006.375000
163     -621291.250000
164     -625564.375000
165     -629851.125000
166     -634141.750000
167     -638439.562500
168     -642727.500000
169     -647027.125000
170     -651324.375000
171     -655626.062500
172     -659924.875000
173     -664228.375000
174     -668536.750000
175     -672842.875000
176     -677153.250000
177     -681457.750000
178     -685773.125000
179     -690084.500000
180     -694395.875000
181     -698711.687500
182     -703030.312500
183     -707335.125000
184     -711652.000000
185     -715972.750000
186     -720287.562500
187     -724599.625000
188     -728915.000000
189     -733231.312500
190     -737540.312500
191     -741860.000000
192     -746171.500000
193     -750483.875000
194     -754797.312500
195     -759107.750000
196     -763416.500000
197     -767722.875000
198     -772035.750000
199     -776337.500000
200     -780634.875000
201     -784942.375000
202     -789242.250000
203     -793542.625000
204     -797836.375000
205     -802127.562500
206     -806422.125000
207     -810711.312500
208     -815004.250000
209     -819282.312500
210     -823562.562500
211     -827843.312500
212     -832118.250000
213     -836389.625000
214     -840649.750000
215     -844918.125000
216     -849169.687500
217     -853433.500000
218     -857689.312500
219     -861934.187500
220     -866185.500000
221     -870422.937500
222     -874657.625000
223     -878889.437500
224     -883116.812500
225     -887343.250000
226     -891558.875000
227     -895771.625000
228     -899975.250000
229     -904181.187500
230     -908376.750000
231     -912566.000000
232     -916753.625000
233     -920930.625000
234     -925109.000000
235     -929276.687500
236     -933440.750000
237     -937594.875000
238     -941746.375000
239     -945888.562500
240     -950028.750000
241     -954160.000000
242     -958281.812500
243     -962402.125000
244     -966513.062500
245     -970618.750000
246     -974712.500000
247     -978801.625000
248     -982887.375000
249     -986962.500000
250     -991033.687500
251     -995090.000000
252     -999142.375000
253     -1003190.375000
254     -1007228.750000
255     -1011258.187500
256     -1015276.875000
257     -1019293.437500
258     -1023305.750000
259     -1027303.250000
260     -1031290.125000
261     -1035267.250000
262     -1039245.312500
263     -1043208.312500
264     -1047166.437500
265     -1051116.000000
266     -1055051.750000
267     -1058987.375000
268     -1062908.625000
269     -1066810.250000
270     -1070717.750000
271     -1074609.000000
272     -1078494.625000
273     -1082369.500000
274     -1086243.625000
275     -1090090.875000
276     -1093943.625000
277     -1097776.125000
278     -1101605.625000
279     -1105429.250000
280     -1109231.250000
281     -1113034.500000
282     -1116822.000000
283     -1120592.875000
284     -1124369.000000
285     -1128125.250000
286     -1131879.000000
287     -1135613.625000
288     -1139346.750000
289     -1143058.000000
290     -1146773.000000
291     -1150469.625000
292     -1154147.875000
293     -1157824.875000
294     -1161487.375000
295     -1165140.750000
296     -1168787.750000
297     -1172412.000000
298     -1176034.250000
299     -1179642.500000
300     -1183242.750000
301     -1186827.500000
302     -1190400.500000
303     -1193965.500000
304     -1197524.250000
305     -1201060.000000
306     -1204590.000000
307     -1208110.250000
308     -1211622.000000
309     -1215116.750000
310     -1218600.375000
311     -1222074.500000
312     -1225540.750000
313     -1228995.000000
314     -1232425.000000
315     -1235855.250000
316     -1239280.125000
317     -1242677.500000
318     -1246064.125000
319     -1249448.750000
320     -1252814.000000
321     -1256177.000000
322     -1259517.500000
323     -1262844.500000
324     -1266169.250000
325     -1269483.125000
326     -1272772.250000
327     -1276058.750000
328     -1279337.250000
329     -1282599.125000
330     -1285845.500000
331     -1289080.000000
332     -1292304.750000
333     -1295518.000000
334     -1298723.250000
335     -1301908.750000
336     -1305079.750000
337     -1308236.750000
338     -1311391.250000
339     -1314527.750000
340     -1317648.750000
341     -1320769.750000
342     -1323871.500000
343     -1326961.125000
344     -1330035.250000
345     -1333101.000000
346     -1336153.750000
347     -1339191.750000
348     -1342218.250000
349     -1345227.500000
350     -1348227.250000
351     -1351220.625000
352     -1354189.750000
353     -1357162.250000
354     -1360109.000000
355     -1363048.500000
356     -1365971.875000
357     -1368895.250000
358     -1371789.375000
359     -1374684.000000
360     -1377558.750000
361     -1380425.000000
362     -1383279.500000
363     -1386113.250000
364     -1388944.750000
365     -1391752.875000
366     -1394549.000000
367     -1397332.500000
368     -1400106.125000
369     -1402868.250000
370     -1405618.750000
371     -1408349.500000
372     -1411071.125000
373     -1413784.000000
374     -1416477.250000
375     -1419154.375000
376     -1421827.750000
377     -1424484.750000
378     -1427119.375000
379     -1429745.250000
380     -1432370.750000
381     -1434974.625000
382     -1437562.000000
383     -1440132.500000
384     -1442698.875000
385     -1445243.750000
386     -1447786.000000
387     -1450309.250000
388     -1452825.250000
389     -1455326.750000
390     -1457809.750000
391     -1460278.625000
392     -1462745.500000
393     -1465194.000000
394     -1467633.500000
395     -1470049.000000
396     -1472465.000000
397     -1474871.750000
398     -1477255.750000
399     -1479623.000000
400     -1481986.750000
401     -1484331.750000
402     -1486668.750000
403     -1488988.500000
404     -1491299.500000
405     -1493594.000000
406     -1495882.000000
407     -1498149.500000
408     -1500410.500000
409     -1502660.625000
410     -1504891.500000
411     -1507116.500000
412     -1509322.625000
413     -1511520.000000
414     -1513705.250000
415     -1515875.625000
416     -1518031.125000
417     -1520183.750000
418     -1522320.750000
419     -1524435.875000
420     -1526551.000000
421     -1528646.250000
422     -1530736.375000
423     -1532812.250000
424     -1534873.000000
425     -1536916.500000
426     -1538954.375000
427     -1540986.750000
428     -1542995.000000
429     -1544994.750000
430     -1546980.750000
431     -1548957.000000
432     -1550920.000000
433     -1552867.750000
434     -1554803.750000
435     -1556735.500000
436     -1558644.500000
437     -1560546.500000
438     -1562434.250000
439     -1564317.000000
440     -1566188.125000
441     -1568042.750000
442     -1569887.250000
443     -1571721.000000
444     -1573534.500000
445     -1575340.750000
446     -1577142.000000
447     -1578925.250000
448     -1580705.125000
449     -1582461.250000
450     -1584213.500000
451     -1585955.875000
452     -1587679.125000
453     -1589386.625000
454     -1591092.250000
455     -1592783.000000
456     -1594464.250000
457     -1596129.375000
458     -1597785.375000
459     -1599434.500000
460     -1601060.250000
461     -1602682.250000
462     -1604289.500000
463     -1605888.250000
464     -1607481.125000
465     -1609058.000000
466     -1610615.375000
467     -1612170.750000
468     -1613720.125000
469     -1615245.500000
470     -1616765.750000
471     -1618280.750000
472     -1619779.500000
473     -1621263.125000
474     -1622743.500000
475     -1624210.000000
476     -1625660.250000
477     -1627108.875000
478     -1628550.000000
479     -1629971.250000
480     -1631385.250000
481     -1632778.750000
482     -1634171.500000
483     -1635556.500000
484     -1636930.500000
485     -1638297.250000
486     -1639652.125000
487     -1640996.500000
488     -1642329.000000
489     -1643660.375000
490     -1644973.625000
491     -1646279.500000
492     -1647576.875000
493     -1648863.875000
494     -1650136.125000
495     -1651399.000000
496     -1652658.125000
497     -1653908.500000
498     -1655144.125000
499     -1656371.500000
500     -1657588.000000
501     -1658797.750000
502     -1659998.250000
503     -1661185.500000
504     -1662362.000000
505     -1663540.500000
506     -1664700.750000
507     -1665853.125000
508     -1667002.375000
509     -1668129.250000
510     -1669263.000000
511     -1670380.625000
512     -1671487.500000
513     -1672591.750000
514     -1673679.250000
515     -1674763.250000
516     -1675836.625000
517     -1676896.875000
518     -1677955.375000
519     -1679003.125000
520     -1680041.500000
521     -1681070.125000
522     -1682094.625000
523     -1683109.250000
524     -1684112.000000
525     -1685108.500000
526     -1686095.250000
527     -1687077.250000
528     -1688044.875000
529     -1689007.125000
530     -1689954.250000
531     -1690901.625000
532     -1691838.000000
533     -1692768.250000
534     -1693689.125000
535     -1694604.500000
536     -1695511.250000
537     -1696410.000000
538     -1697298.125000
539     -1698182.500000
540     -1699056.125000
541     -1699921.750000
542     -1700783.500000
543     -1701636.250000
544     -1702483.000000
545     -1703320.750000
546     -1704152.875000
547     -1704977.375000
548     -1705797.250000
549     -1706605.500000
550     -1707412.000000
551     -1708212.375000
552     -1709003.000000
553     -1709784.750000
554     -1710564.000000
555     -1711326.500000
556     -1712090.750000
557     -1712842.250000
558     -1713591.250000
559     -1714328.875000
560     -1715063.500000
561     -1715789.125000
562     -1716509.125000
563     -1717217.750000
564     -1717922.250000
565     -1718629.125000
566     -1719321.125000
567     -1720011.500000
568     -1720691.500000
569     -1721367.500000
570     -1722034.375000
571     -1722698.625000
572     -1723360.000000
573     -1724011.750000
574     -1724657.500000
575     -1725295.250000
576     -1725935.875000
577     -1726566.125000
578     -1727189.500000
579     -1727808.125000
580     -1728417.625000
581     -1729023.250000
582     -1729624.875000
583     -1730220.250000
584     -1730812.500000
585     -1731392.000000
586     -1731974.000000
587     -1732544.250000
588     -1733114.500000
589     -1733675.875000
590     -1734232.500000
591     -1734783.750000
592     -1735326.750000
593     -1735869.000000
594     -1736407.625000
595     -1736938.625000
596     -1737463.000000
597     -1737983.750000
598     -1738504.250000
599     -1739014.500000
600     -1739520.500000
601     -1740027.125000
602     -1740525.625000
603     -1741022.250000
604     -1741511.750000
605     -1741997.000000
606     -1742480.250000
607     -1742954.000000
608     -1743429.500000
609     -1743896.250000
610     -1744357.625000
611     -1744820.625000
612     -1745273.000000
613     -1745726.500000
614     -1746170.250000
615     -1746612.750000
616     -1747054.125000
617     -1747487.750000
618     -1747921.250000
619     -1748345.875000
620     -1748769.125000
621     -1749188.625000
622     -1749604.500000
623     -1750018.250000
624     -1750421.750000
625     -1750823.000000
626     -1751221.250000
627     -1751618.875000
628     -1752009.875000
629     -1752398.000000
630     -1752783.750000
631     -1753163.000000
632     -1753541.250000
633     -1753914.250000
634     -1754285.750000
635     -1754652.250000
636     -1755017.750000
637     -1755377.000000
638     -1755735.250000
639     -1756089.625000
640     -1756437.750000
641     -1756784.250000
642     -1757126.250000
643     -1757467.000000
644     -1757802.000000
645     -1758137.375000
646     -1758464.750000
647     -1758792.750000
648     -1759119.250000
649     -1759437.750000
650     -1759757.000000
651     -1760071.000000
652     -1760383.500000
653     -1760691.000000
654     -1760997.000000
655     -1761300.000000
656     -1761601.500000
657     -1761899.000000
658     -1762193.500000
659     -1762488.000000
660     -1762776.250000
661     -1763064.500000
662     -1763352.000000
663     -1763632.625000
664     -1763912.250000
665     -1764190.500000
666     -1764468.375000
667     -1764742.000000
668     -1765012.875000
669     -1765281.750000
670     -1765549.750000
671     -1765813.500000
672     -1766075.000000
673     -1766334.750000
674     -1766591.750000
675     -1766847.000000
676     -1767099.250000
677     -1767351.000000
678     -1767598.625000
679     -1767846.000000
680     -1768090.375000
681     -1768335.250000
682     -1768577.125000
683     -1768816.125000
684     -1769052.375000
685     -1769287.500000
686     -1769522.125000
687     -1769752.000000
688     -1769983.000000
689     -1770210.000000
690     -1770437.875000
691     -1770662.250000
692     -1770886.625000
693     -1771109.500000
694     -1771327.750000
695     -1771546.000000
696     -1771760.250000
697     -1771974.000000
698     -1772186.000000
699     -1772396.000000
700     -1772605.000000
701     -1772813.000000
702     -1773017.000000
703     -1773224.125000
704     -1773427.625000
705     -1773628.250000
706     -1773826.375000
707     -1774027.125000
708     -1774223.250000
709     -1774417.250000
710     -1774609.750000
711     -1774801.500000
712     -1774990.750000
713     -1775179.000000
714     -1775366.000000
715     -1775550.750000
716     -1775736.000000
717     -1775919.000000
718     -1776098.625000
719     -1776280.250000
720     -1776459.500000
721     -1776636.125000
722     -1776811.875000
723     -1776985.500000
724     -1777158.750000
725     -1777330.000000
726     -1777500.000000
727     -1777667.750000
728     -1777835.500000
729     -1778000.875000
730     -1778166.500000
731     -1778329.000000
732     -1778491.375000
733     -1778653.250000
734     -1778813.875000
735     -1778972.875000
736     -1779131.500000
737     -1779289.000000
738     -1779444.500000
739     -1779598.375000
740     -1779751.750000
741     -1779904.750000
742     -1780056.125000
743     -1780207.000000
744     -1780356.500000
745     -1780506.125000
746     -1780653.625000
747     -1780799.500000
748     -1780943.875000
749     -1781089.625000
750     -1781233.375000
751     -1781375.750000
752     -1781516.750000
753     -1781656.625000
754     -1781795.750000
755     -1781934.250000
756     -1782072.750000
757     -1782209.250000
758     -1782345.750000
759     -1782480.250000
760     -1782612.625000
761     -1782747.750000
762     -1782879.625000
763     -1783011.500000
764     -1783142.000000
765     -1783273.750000
766     -1783402.375000
767     -1783528.250000
768     -1783656.750000
769     -1783782.000000
770     -1783908.500000
771     -1784032.250000
772     -1784156.000000
773     -1784280.000000
774     -1784402.375000
775     -1784523.250000
776     -1784645.000000
777     -1784766.000000
778     -1784884.750000
779     -1785004.875000
780     -1785122.000000
781     -1785240.500000
782     -1785357.000000
783     -1785473.500000
784     -1785588.375000
785     -1785703.750000
786     -1785817.000000
787     -1785930.875000
788     -1786043.875000
789     -1786155.375000
790     -1786267.125000
791     -1786380.500000
792     -1786490.250000
793     -1786599.250000
794     -1786709.500000
795     -1786817.500000
796     -1786926.750000
797     -1787033.000000
798     -1787140.000000
